<?xml version="1.0" encoding="utf-8"?>
<COLLADA xmlns="http://www.collada.org/2005/11/COLLADASchema" version="1.4.1">
  <asset><contributor><author>Mixamo</author><authoring_tool>COLLADA Mixamo exporter</authoring_tool><comments></comments></contributor><created>2018-10-30T16:19:14Z</created><modified>2018-10-30T16:19:14Z</modified><revision></revision><title></title><unit meter="0.010000"/><up_axis>Y_UP</up_axis></asset>
  <library_animations>
    <animation id="Hips-anim" name="Hips"><source id="Hips-Matrix-animation-input"><float_array id="Hips-Matrix-animation-input-array" count="51">

0.000000 0.033333 0.066667 0.100000 0.133333 0.166667 0.200000 0.233333 0.266667 0.300000 0.333333 0.366667 0.400000 0.433333 0.466667 0.500000
0.533333 0.566667 0.600000 0.633333 0.666667 0.700000 0.733333 0.766667 0.800000 0.833333 0.866667 0.900000 0.933333 0.966667 1.000000 1.033333
1.066667 1.100000 1.133333 1.166667 1.200000 1.233333 1.266667 1.300000 1.333333 1.366667 1.400000 1.433333 1.466667 1.500000 1.533333 1.566667
1.600000 1.633333 1.666667</float_array><technique_common><accessor source="#Hips-Matrix-animation-input-array" count="51"><param name="TIME" type="float"/></accessor></technique_common></source><source id="Hips-Matrix-animation-output-transform"><float_array id="Hips-Matrix-animation-output-transform-array" count="816">

0.510739 0.065291 -0.857253 0.906050 0.022472 0.995758 0.089229 107.733223 0.859442 -0.064837 0.507105 -0.093092 0.000000 0.000000 0.000000 1.000000
0.540450 0.058335 -0.839352 0.075846 0.015489 0.996735 0.079246 107.739929 0.841234 -0.055829 0.537781 -0.343558 0.000000 0.000000 0.000000 1.000000
0.576978 0.032644 -0.816107 -0.654470 0.009309 0.998873 0.046536 107.942421 0.816707 -0.034448 0.576024 -0.819384 0.000000 0.000000 0.000000 1.000000
0.616844 -0.008740 -0.787037 -0.989668 0.004313 0.999961 -0.007724 108.385292 0.787073 0.001370 0.616858 -1.673531 0.000000 0.000000 0.000000 1.000000
0.660690 -0.051060 -0.748921 -0.651491 0.000888 0.997736 -0.067240 109.013222 0.750659 0.043760 0.659240 -2.943246 0.000000 0.000000 0.000000 1.000000
0.705492 -0.081636 -0.704000 0.373618 0.001515 0.993515 -0.113690 109.727676 0.708716 0.079141 0.701041 -4.530191 0.000000 0.000000 0.000000 1.000000
0.741044 -0.105979 -0.663040 1.695646 0.012463 0.989466 -0.144225 110.506042 0.671341 0.098613 0.734559 -6.219712 0.000000 0.000000 0.000000 1.000000
0.760971 -0.140456 -0.633400 2.787264 0.037133 0.984113 -0.173614 111.389496 0.647723 0.108595 0.754097 -7.723285 0.000000 0.000000 0.000000 1.000000
0.771077 -0.186207 -0.608907 3.419486 0.065066 0.974321 -0.215557 112.326286 0.633409 0.126592 0.763392 -8.829002 0.000000 0.000000 0.000000 1.000000
0.784309 -0.219251 -0.580335 3.920870 0.072587 0.961472 -0.265146 112.564796 0.616109 0.165831 0.770006 -9.250703 0.000000 0.000000 0.000000 1.000000
0.806850 -0.224368 -0.546491 4.493870 0.060251 0.951499 -0.301693 112.485481 0.587676 0.210494 0.781236 -9.439999 0.000000 0.000000 0.000000 1.000000
0.829641 -0.203806 -0.519769 5.319889 0.037502 0.949230 -0.312341 112.287216 0.557037 0.239638 0.795163 -9.440498 0.000000 0.000000 0.000000 1.000000
0.840943 -0.176839 -0.511412 6.478498 0.012265 0.951080 -0.308702 111.780846 0.540985 0.253328 0.801973 -8.992503 0.000000 0.000000 0.000000 1.000000
0.837337 -0.166969 -0.520564 7.794811 -0.004431 0.950114 -0.311873 111.139191 0.546668 0.263449 0.794826 -8.351501 0.000000 0.000000 0.000000 1.000000
0.820178 -0.177726 -0.543803 9.154911 -0.013346 0.944322 -0.328752 110.025482 0.571952 0.276892 0.772141 -7.612241 0.000000 0.000000 0.000000 1.000000
0.794793 -0.195470 -0.574539 10.488355 -0.021729 0.936936 -0.348824 108.419044 0.606491 0.289727 0.740423 -6.889637 0.000000 0.000000 0.000000 1.000000
0.770682 -0.204496 -0.603516 11.818617 -0.035916 0.931661 -0.361549 106.544533 0.636207 0.300315 0.710670 -6.214097 0.000000 0.000000 0.000000 1.000000
0.756406 -0.205574 -0.620958 13.046407 -0.049178 0.928768 -0.367384 104.745163 0.652251 0.308429 0.692416 -5.718536 0.000000 0.000000 0.000000 1.000000
0.753589 -0.202883 -0.625253 14.018710 -0.056823 0.927513 -0.369447 103.191544 0.654885 0.313940 0.687435 -5.392276 0.000000 0.000000 0.000000 1.000000
0.758340 -0.195368 -0.621893 14.705284 -0.061312 0.928424 -0.366429 102.156158 0.648969 0.316008 0.692083 -5.118922 0.000000 0.000000 0.000000 1.000000
0.763055 -0.181085 -0.620448 15.258831 -0.070718 0.930795 -0.358636 101.764877 0.642453 0.317535 0.697442 -4.820801 0.000000 0.000000 0.000000 1.000000
0.759356 -0.165982 -0.629149 15.777205 -0.088008 0.931831 -0.352059 101.857109 0.644696 0.322708 0.692984 -4.520288 0.000000 0.000000 0.000000 1.000000
0.742596 -0.157865 -0.650868 16.228630 -0.108376 0.930691 -0.349384 102.176643 0.660912 0.329990 0.674019 -4.216556 0.000000 0.000000 0.000000 1.000000
0.714098 -0.155570 -0.682541 16.533894 -0.126651 0.930195 -0.344523 102.499878 0.688494 0.332467 0.644548 -3.905959 0.000000 0.000000 0.000000 1.000000
0.679380 -0.151054 -0.718071 16.612614 -0.141601 0.933201 -0.330280 102.672699 0.719994 0.326066 0.612609 -3.638865 0.000000 0.000000 0.000000 1.000000
0.644924 -0.140932 -0.751140 16.410883 -0.151649 0.939708 -0.306517 102.738083 0.749050 0.311589 0.584668 -3.490048 0.000000 0.000000 0.000000 1.000000
0.615201 -0.127926 -0.777922 15.932293 -0.154323 0.948116 -0.277956 102.818253 0.773118 0.291051 0.563540 -3.466020 0.000000 0.000000 0.000000 1.000000
0.592328 -0.114880 -0.797465 15.207723 -0.148044 0.957412 -0.247883 103.003647 0.791979 0.264888 0.550095 -3.549278 0.000000 0.000000 0.000000 1.000000
0.576561 -0.100642 -0.810832 14.295635 -0.135557 0.966849 -0.216398 103.307220 0.805730 0.234680 0.543805 -3.681322 0.000000 0.000000 0.000000 1.000000
0.567175 -0.084617 -0.819239 13.255346 -0.120224 0.975547 -0.183995 103.714050 0.814775 0.202849 0.543133 -3.808873 0.000000 0.000000 0.000000 1.000000
0.562533 -0.069195 -0.823874 12.155312 -0.103705 0.982716 -0.153345 104.198303 0.820245 0.171701 0.545635 -3.861466 0.000000 0.000000 0.000000 1.000000
0.560197 -0.056736 -0.826414 11.059865 -0.086433 0.988202 -0.126434 104.749016 0.823838 0.142257 0.548684 -3.791623 0.000000 0.000000 0.000000 1.000000
0.556370 -0.044108 -0.829763 9.765927 -0.066620 0.993008 -0.097456 105.423523 0.828260 0.109500 0.549541 -3.513869 0.000000 0.000000 0.000000 1.000000
0.551221 -0.030065 -0.833818 8.370831 -0.046809 0.996662 -0.066882 106.128044 0.833045 0.075896 0.547974 -3.076916 0.000000 0.000000 0.000000 1.000000
0.546617 -0.017499 -0.837200 7.153905 -0.030750 0.998688 -0.040952 106.728386 0.836818 0.048129 0.545362 -2.621411 0.000000 0.000000 0.000000 1.000000
0.541656 -0.008714 -0.840555 6.119127 -0.018020 0.999596 -0.021974 107.209915 0.840407 0.027049 0.541280 -2.167983 0.000000 0.000000 0.000000 1.000000
0.535475 -0.005189 -0.844535 5.243500 -0.007312 0.999915 -0.010780 107.605682 0.844519 0.011948 0.535392 -1.711115 0.000000 0.000000 0.000000 1.000000
0.528144 -0.003678 -0.849147 4.490778 0.001473 0.999993 -0.003416 107.941292 0.849153 0.000553 0.528146 -1.258763 0.000000 0.000000 0.000000 1.000000
0.521015 0.001113 -0.853547 3.856379 0.007612 0.999953 0.005951 108.202118 0.853514 -0.009598 0.520982 -0.850602 0.000000 0.000000 0.000000 1.000000
0.515737 0.010127 -0.856687 3.359948 0.011529 0.999758 0.018758 108.372032 0.856669 -0.019551 0.515496 -0.520371 0.000000 0.000000 0.000000 1.000000
0.512171 0.020236 -0.858645 2.990980 0.014075 0.999390 0.031949 108.460419 0.858768 -0.028449 0.511574 -0.271456 0.000000 0.000000 0.000000 1.000000
0.509105 0.028760 -0.860224 2.705403 0.015633 0.998968 0.042651 108.491325 0.860562 -0.035162 0.508130 -0.090538 0.000000 0.000000 0.000000 1.000000
0.506509 0.035396 -0.861508 2.465920 0.016627 0.998570 0.050803 108.479805 0.862074 -0.040056 0.505196 0.034463 0.000000 0.000000 0.000000 1.000000
0.505147 0.041104 -0.862054 2.255772 0.017670 0.998163 0.057948 108.433594 0.862853 -0.044505 0.503493 0.110464 0.000000 0.000000 0.000000 1.000000
0.504977 0.046444 -0.861883 2.066061 0.018995 0.997711 0.064892 108.361252 0.862924 -0.049140 0.502939 0.144315 0.000000 0.000000 0.000000 1.000000
0.505308 0.051289 -0.861413 1.888609 0.020299 0.997250 0.071284 108.272240 0.862700 -0.053506 0.502877 0.145910 0.000000 0.000000 0.000000 1.000000
0.505881 0.055407 -0.860822 1.715426 0.021237 0.996833 0.076642 108.176041 0.862342 -0.057053 0.503102 0.125651 0.000000 0.000000 0.000000 1.000000
0.506783 0.058735 -0.860071 1.535086 0.021784 0.996485 0.080886 108.074066 0.861799 -0.059728 0.503722 0.088667 0.000000 0.000000 0.000000 1.000000
0.508017 0.061337 -0.859160 1.336989 0.022121 0.996203 0.084201 107.963783 0.861063 -0.061781 0.504731 0.036384 0.000000 0.000000 0.000000 1.000000
0.509589 0.063407 -0.858078 1.118129 0.022333 0.995970 0.086860 107.848091 0.860128 -0.063426 0.506120 -0.028129 0.000000 0.000000 0.000000 1.000000
0.511522 0.065286 -0.856787 0.880790 0.022242 0.995769 0.089155 107.731239 0.858983 -0.064662 0.507905 -0.099135 0.000000 0.000000 0.000000 1.000000</float_array><technique_common><accessor source="#Hips-Matrix-animation-output-transform-array" count="51" stride="16"><param type="float4x4"/></accessor></technique_common></source><source id="Hips-Interpolations"><Name_array id="Hips-Interpolations-array" count="51">
 LINEAR LINEAR LINEAR LINEAR LINEAR LINEAR LINEAR LINEAR LINEAR LINEAR LINEAR
LINEAR LINEAR LINEAR LINEAR LINEAR LINEAR LINEAR LINEAR LINEAR LINEAR LINEAR LINEAR
LINEAR LINEAR LINEAR LINEAR LINEAR LINEAR LINEAR LINEAR LINEAR LINEAR LINEAR LINEAR
LINEAR LINEAR LINEAR LINEAR LINEAR LINEAR LINEAR LINEAR LINEAR LINEAR LINEAR LINEAR
LINEAR LINEAR LINEAR LINEAR</Name_array><technique_common><accessor source="#Hips-Interpolations-array" count="51"><param type="name"/></accessor></technique_common></source><sampler id="Hips-Matrix-animation-transform"><input semantic="INPUT" source="#Hips-Matrix-animation-input"/><input semantic="OUTPUT" source="#Hips-Matrix-animation-output-transform"/><input semantic="INTERPOLATION" source="#Hips-Interpolations"/></sampler><channel source="#Hips-Matrix-animation-transform" target="Hips/matrix"/></animation>
    <animation id="Spine-anim" name="Spine"><source id="Spine-Matrix-animation-input"><float_array id="Spine-Matrix-animation-input-array" count="51">

0.000000 0.033333 0.066667 0.100000 0.133333 0.166667 0.200000 0.233333 0.266667 0.300000 0.333333 0.366667 0.400000 0.433333 0.466667 0.500000
0.533333 0.566667 0.600000 0.633333 0.666667 0.700000 0.733333 0.766667 0.800000 0.833333 0.866667 0.900000 0.933333 0.966667 1.000000 1.033333
1.066667 1.100000 1.133333 1.166667 1.200000 1.233333 1.266667 1.300000 1.333333 1.366667 1.400000 1.433333 1.466667 1.500000 1.533333 1.566667
1.600000 1.633333 1.666667</float_array><technique_common><accessor source="#Spine-Matrix-animation-input-array" count="51"><param name="TIME" type="float"/></accessor></technique_common></source><source id="Spine-Matrix-animation-output-transform"><float_array id="Spine-Matrix-animation-output-transform-array" count="816">

0.999800 0.001575 0.019955 -0.000000 -0.000525 0.998620 -0.052510 13.214800 -0.020010 0.052489 0.998421 0.000000 0.000000 0.000000 0.000000 1.000000
0.999907 0.000746 0.013592 -0.000000 -0.000101 0.998877 -0.047375 13.214800 -0.013612 0.047369 0.998785 -0.000000 0.000000 0.000000 0.000000 1.000000
0.999968 -0.000179 0.007957 0.000000 0.000465 0.999350 -0.036051 13.214800 -0.007946 0.036054 0.999318 -0.000000 0.000000 0.000000 0.000000 1.000000
0.999971 0.001148 0.007504 -0.000000 -0.000987 0.999770 -0.021410 13.214800 -0.007527 0.021402 0.999743 0.000000 0.000000 0.000000 0.000000 1.000000
0.999874 0.008222 0.013544 0.000000 -0.008052 0.999889 -0.012515 13.214800 -0.013646 0.012405 0.999830 -0.000000 0.000000 0.000000 0.000000 1.000000
0.999426 0.020533 0.026949 0.000000 -0.020063 0.999643 -0.017625 13.214800 -0.027301 0.017075 0.999481 -0.000000 0.000000 0.000000 0.000000 1.000000
0.998138 0.033641 0.050874 -0.000000 -0.031845 0.998855 -0.035712 13.214800 -0.052017 0.034026 0.998066 0.000000 0.000000 0.000000 0.000000 1.000000
0.995662 0.042653 0.082686 0.000000 -0.038007 0.997652 -0.056979 13.214800 -0.084922 0.053589 0.994945 0.000000 0.000000 0.000000 0.000000 1.000000
0.992834 0.042681 0.111617 -0.000000 -0.034735 0.996786 -0.072193 13.214800 -0.114339 0.067799 0.991126 0.000000 0.000000 0.000000 0.000000 1.000000
0.990803 0.027984 0.132388 0.000000 -0.017686 0.996770 -0.078337 13.214800 -0.134152 0.075275 0.988098 0.000000 0.000000 0.000000 0.000000 1.000000
0.989976 0.008852 0.140955 -0.000000 0.002586 0.996731 -0.080754 13.214800 -0.141209 0.080309 0.986717 -0.000000 0.000000 0.000000 0.000000 1.000000
0.989885 -0.010684 0.141471 -0.000000 0.023013 0.996047 -0.085800 13.214800 -0.139995 0.088188 0.986217 0.000000 0.000000 0.000000 0.000000 1.000000
0.989477 -0.031477 0.141226 -0.000000 0.045106 0.994515 -0.094369 13.214800 -0.137481 0.099746 0.985469 0.000000 0.000000 0.000000 0.000000 1.000000
0.989351 -0.046429 0.137944 0.000000 0.061187 0.992614 -0.104753 13.214800 -0.132062 0.112078 0.984885 0.000000 0.000000 0.000000 0.000000 1.000000
0.990174 -0.051789 0.129895 0.000000 0.067130 0.990902 -0.116651 13.214800 -0.122672 0.124225 0.984642 0.000000 0.000000 0.000000 0.000000 1.000000
0.992059 -0.045853 0.117121 0.000000 0.061165 0.989535 -0.130690 13.214800 -0.109903 0.136816 0.984481 0.000000 0.000000 0.000000 0.000000 1.000000
0.994289 -0.031333 0.102022 0.000000 0.046140 0.988181 -0.146186 13.214800 -0.096236 0.150058 0.983982 0.000000 0.000000 0.000000 0.000000 1.000000
0.996331 -0.011798 0.084772 -0.000000 0.025402 0.986586 -0.161255 13.214800 -0.081732 0.162817 0.983265 0.000000 0.000000 0.000000 0.000000 1.000000
0.997735 0.004206 0.067140 -0.000000 0.007487 0.984900 -0.172963 13.214800 -0.066854 0.173074 0.982637 0.000000 0.000000 0.000000 0.000000 1.000000
0.998689 0.013239 0.049450 -0.000000 -0.004077 0.983478 -0.180982 13.214800 -0.051029 0.180543 0.982242 -0.000000 0.000000 0.000000 0.000000 1.000000
0.999309 0.018050 0.032498 0.000000 -0.011712 0.982560 -0.185575 13.214800 -0.035281 0.185066 0.982092 0.000000 0.000000 0.000000 0.000000 1.000000
0.999553 0.022468 0.019720 -0.000000 -0.018414 0.982392 -0.185924 13.214800 -0.023550 0.185478 0.982366 0.000000 0.000000 0.000000 0.000000 1.000000
0.999512 0.027378 0.015064 0.000000 -0.024165 0.982838 -0.182881 13.214800 -0.019813 0.182428 0.983020 0.000000 0.000000 0.000000 0.000000 1.000000
0.999332 0.032165 0.017353 -0.000000 -0.028539 0.983391 -0.179240 13.214800 -0.022830 0.178625 0.983652 0.000000 0.000000 0.000000 0.000000 1.000000
0.999124 0.036142 0.021114 0.000000 -0.031863 0.983821 -0.176300 13.214800 -0.027144 0.175473 0.984110 0.000000 0.000000 0.000000 0.000000 1.000000
0.998992 0.038894 0.022388 0.000000 -0.034431 0.984231 -0.173503 13.214800 -0.028783 0.172558 0.984579 0.000000 0.000000 0.000000 0.000000 1.000000
0.998969 0.039691 0.022047 -0.000000 -0.035365 0.984741 -0.170394 13.214800 -0.028474 0.169439 0.985129 0.000000 0.000000 0.000000 0.000000 1.000000
0.998968 0.039741 0.021969 0.000000 -0.035513 0.985246 -0.167416 13.214800 -0.028298 0.166463 0.985642 -0.000000 0.000000 0.000000 0.000000 1.000000
0.998948 0.039770 0.022840 -0.000000 -0.035474 0.985688 -0.164808 13.214800 -0.029067 0.163824 0.986061 0.000000 0.000000 0.000000 0.000000 1.000000
0.998929 0.039721 0.023712 0.000000 -0.035374 0.986195 -0.161768 13.214800 -0.029810 0.160756 0.986544 0.000000 0.000000 0.000000 0.000000 1.000000
0.998944 0.039189 0.023961 -0.000000 -0.034949 0.986958 -0.157136 13.214800 -0.029807 0.156133 0.987286 0.000000 0.000000 0.000000 0.000000 1.000000
0.998981 0.038286 0.023894 0.000000 -0.034258 0.987974 -0.150777 13.214800 -0.029379 0.149805 0.988279 0.000000 0.000000 0.000000 0.000000 1.000000
0.999058 0.036258 0.023855 -0.000000 -0.032537 0.989442 -0.141229 13.214800 -0.028724 0.140320 0.989689 0.000000 0.000000 0.000000 0.000000 1.000000
0.999171 0.032876 0.024017 -0.000000 -0.029485 0.991076 -0.129994 13.214800 -0.028076 0.129178 0.991224 -0.000000 0.000000 0.000000 0.000000 1.000000
0.999273 0.029304 0.024372 0.000000 -0.026187 0.992473 -0.119632 13.214800 -0.027695 0.118907 0.992519 0.000000 0.000000 0.000000 0.000000 1.000000
0.999350 0.026075 0.024874 0.000000 -0.023203 0.993720 -0.109466 13.214800 -0.027572 0.108818 0.993679 0.000000 0.000000 0.000000 0.000000 1.000000
0.999406 0.023084 0.025574 -0.000000 -0.020439 0.994855 -0.099224 13.214800 -0.027733 0.098643 0.994736 0.000000 0.000000 0.000000 0.000000 1.000000
0.999449 0.019989 0.026509 0.000000 -0.017540 0.995823 -0.089602 13.214800 -0.028190 0.089087 0.995625 0.000000 0.000000 0.000000 0.000000 1.000000
0.999478 0.016993 0.027460 0.000000 -0.014699 0.996551 -0.081673 13.214800 -0.028753 0.081226 0.996281 0.000000 0.000000 0.000000 0.000000 1.000000
0.999506 0.014327 0.027978 0.000000 -0.012172 0.997055 -0.075724 13.214800 -0.028981 0.075346 0.996736 -0.000000 0.000000 0.000000 0.000000 1.000000
0.999538 0.011833 0.027983 0.000000 -0.009816 0.997419 -0.071130 13.214800 -0.028753 0.070822 0.997074 0.000000 0.000000 0.000000 0.000000 1.000000
0.999569 0.009535 0.027767 0.000000 -0.007650 0.997710 -0.067206 13.214800 -0.028345 0.066965 0.997353 0.000000 0.000000 0.000000 0.000000 1.000000
0.999593 0.007741 0.027440 -0.000000 -0.005976 0.997944 -0.063815 13.214800 -0.027878 0.063625 0.997584 0.000000 0.000000 0.000000 0.000000 1.000000
0.999618 0.006485 0.026858 0.000000 -0.004833 0.998118 -0.061135 13.214800 -0.027204 0.060982 0.997768 0.000000 0.000000 0.000000 0.000000 1.000000
0.999647 0.005450 0.026013 0.000000 -0.003904 0.998242 -0.059144 13.214800 -0.026290 0.059022 0.997910 0.000000 0.000000 0.000000 0.000000 1.000000
0.999676 0.004407 0.025053 0.000000 -0.002958 0.998337 -0.057570 13.214800 -0.025265 0.057478 0.998027 0.000000 0.000000 0.000000 0.000000 1.000000
0.999706 0.003317 0.024027 0.000000 -0.001963 0.998419 -0.056183 13.214800 -0.024175 0.056119 0.998131 0.000000 0.000000 0.000000 0.000000 1.000000
0.999734 0.002351 0.022951 0.000000 -0.001087 0.998489 -0.054939 13.214800 -0.023046 0.054899 0.998226 0.000000 0.000000 0.000000 0.000000 1.000000
0.999759 0.001760 0.021888 0.000000 -0.000578 0.998547 -0.053880 13.214800 -0.021952 0.053855 0.998307 0.000000 0.000000 0.000000 0.000000 1.000000
0.999781 0.001576 0.020844 -0.000000 -0.000469 0.998592 -0.053039 13.214800 -0.020898 0.053017 0.998375 -0.000000 0.000000 0.000000 0.000000 1.000000
0.999803 0.001542 0.019785 0.000000 -0.000503 0.998625 -0.052419 13.214800 -0.019839 0.052399 0.998429 0.000000 0.000000 0.000000 0.000000 1.000000</float_array><technique_common><accessor source="#Spine-Matrix-animation-output-transform-array" count="51" stride="16"><param type="float4x4"/></accessor></technique_common></source><source id="Spine-Interpolations"><Name_array id="Spine-Interpolations-array" count="51">
 LINEAR LINEAR LINEAR LINEAR LINEAR LINEAR LINEAR LINEAR LINEAR LINEAR LINEAR
LINEAR LINEAR LINEAR LINEAR LINEAR LINEAR LINEAR LINEAR LINEAR LINEAR LINEAR LINEAR
LINEAR LINEAR LINEAR LINEAR LINEAR LINEAR LINEAR LINEAR LINEAR LINEAR LINEAR LINEAR
LINEAR LINEAR LINEAR LINEAR LINEAR LINEAR LINEAR LINEAR LINEAR LINEAR LINEAR LINEAR
LINEAR LINEAR LINEAR LINEAR</Name_array><technique_common><accessor source="#Spine-Interpolations-array" count="51"><param type="name"/></accessor></technique_common></source><sampler id="Spine-Matrix-animation-transform"><input semantic="INPUT" source="#Spine-Matrix-animation-input"/><input semantic="OUTPUT" source="#Spine-Matrix-animation-output-transform"/><input semantic="INTERPOLATION" source="#Spine-Interpolations"/></sampler><channel source="#Spine-Matrix-animation-transform" target="Spine/matrix"/></animation>
    <animation id="Spine1-anim" name="Spine1"><source id="Spine1-Matrix-animation-input"><float_array id="Spine1-Matrix-animation-input-array" count="51">

0.000000 0.033333 0.066667 0.100000 0.133333 0.166667 0.200000 0.233333 0.266667 0.300000 0.333333 0.366667 0.400000 0.433333 0.466667 0.500000
0.533333 0.566667 0.600000 0.633333 0.666667 0.700000 0.733333 0.766667 0.800000 0.833333 0.866667 0.900000 0.933333 0.966667 1.000000 1.033333
1.066667 1.100000 1.133333 1.166667 1.200000 1.233333 1.266667 1.300000 1.333333 1.366667 1.400000 1.433333 1.466667 1.500000 1.533333 1.566667
1.600000 1.633333 1.666667</float_array><technique_common><accessor source="#Spine1-Matrix-animation-input-array" count="51"><param name="TIME" type="float"/></accessor></technique_common></source><source id="Spine1-Matrix-animation-output-transform"><float_array id="Spine1-Matrix-animation-output-transform-array" count="816">

0.998261 -0.047785 0.034523 -0.007800 0.051135 0.993287 -0.103763 9.224200 -0.029333 0.105348 0.994003 -0.000000 0.000000 0.000000 0.000000 1.000000
0.998698 -0.046051 0.021925 -0.007800 0.047915 0.994432 -0.093862 9.224200 -0.017480 0.094790 0.995344 0.000000 0.000000 0.000000 0.000000 1.000000
0.998927 -0.044871 0.011443 -0.007800 0.045577 0.996401 -0.071472 9.224200 -0.008194 0.071917 0.997377 0.000000 0.000000 0.000000 0.000000 1.000000
0.999083 -0.041163 0.011814 -0.007800 0.041625 0.998249 -0.042021 9.224200 -0.010064 0.042474 0.999047 -0.000000 0.000000 0.000000 0.000000 1.000000
0.999365 -0.024823 0.025554 -0.007800 0.025429 0.999396 -0.023682 9.224200 -0.024951 0.024317 0.999393 0.000000 0.000000 0.000000 0.000000 1.000000
0.998577 0.008160 0.052699 -0.007800 -0.006399 0.999418 -0.033498 9.224200 -0.052942 0.033113 0.998048 0.000000 0.000000 0.000000 0.000000 1.000000
0.994180 0.044927 0.097916 -0.007800 -0.038157 0.996820 -0.069951 9.224200 -0.100748 0.065808 0.992733 -0.000000 0.000000 0.000000 0.000000 1.000000
0.984995 0.066524 0.159249 -0.007800 -0.048841 0.992452 -0.112488 9.224200 -0.165530 0.103022 0.980809 0.000000 0.000000 0.000000 0.000000 1.000000
0.973732 0.064081 0.218495 -0.007800 -0.033453 0.989430 -0.141100 9.224200 -0.225227 0.130085 0.965583 0.000000 0.000000 0.000000 0.000000 1.000000
0.965188 0.040638 0.258382 -0.007800 -0.001129 0.988495 -0.151251 9.224200 -0.261556 0.145694 0.954129 -0.000000 0.000000 0.000000 0.000000 1.000000
0.960944 0.004848 0.276702 -0.007800 0.039010 0.987490 -0.152777 9.224200 -0.273981 0.157604 0.948733 0.000000 0.000000 0.000000 0.000000 1.000000
0.959180 -0.032875 0.280880 -0.007800 0.080357 0.983963 -0.159248 9.224200 -0.271140 0.175318 0.946439 0.000000 0.000000 0.000000 0.000000 1.000000
0.958213 -0.065196 0.278528 -0.007800 0.117317 0.977595 -0.174772 9.224200 -0.260893 0.200145 0.944392 0.000000 0.000000 0.000000 0.000000 1.000000
0.958019 -0.089566 0.272356 -0.007800 0.146111 0.969858 -0.195004 9.224200 -0.246681 0.226612 0.942229 -0.000000 0.000000 0.000000 0.000000 1.000000
0.959511 -0.104124 0.261720 -0.007800 0.163892 0.962066 -0.218104 9.224200 -0.229082 0.252167 0.940177 0.000000 0.000000 0.000000 0.000000 1.000000
0.963582 -0.105463 0.245740 -0.007800 0.167021 0.955014 -0.245055 9.224200 -0.208841 0.277174 0.937849 0.000000 0.000000 0.000000 0.000000 1.000000
0.970083 -0.092097 0.224625 -0.007800 0.153704 0.949186 -0.274630 9.224200 -0.187918 0.300940 0.934945 0.000000 0.000000 0.000000 0.000000 1.000000
0.977574 -0.069677 0.198733 -0.007800 0.128902 0.944225 -0.303023 9.224200 -0.166535 0.321844 0.932031 0.000000 0.000000 0.000000 0.000000 1.000000
0.984640 -0.048204 0.167812 -0.007800 0.101616 0.939796 -0.326278 9.224200 -0.141981 0.338319 0.930259 -0.000000 0.000000 0.000000 0.000000 1.000000
0.990614 -0.033653 0.132479 -0.007800 0.077730 0.935939 -0.343476 9.224200 -0.112433 0.350550 0.929771 0.000000 0.000000 0.000000 0.000000 1.000000
0.994992 -0.024670 0.096860 -0.007800 0.057602 0.933484 -0.353961 9.224200 -0.081685 0.357768 0.930231 0.000000 0.000000 0.000000 0.000000 1.000000
0.997452 -0.016129 0.069500 -0.007800 0.039897 0.933662 -0.355927 9.224200 -0.059148 0.357793 0.931926 -0.000000 0.000000 0.000000 0.000000 1.000000
0.998307 -0.005205 0.057925 -0.007800 0.025255 0.935976 -0.351156 9.224200 -0.052389 0.352025 0.934523 0.000000 0.000000 0.000000 0.000000 1.000000
0.998205 0.006742 0.059503 -0.007800 0.014235 0.938447 -0.345130 9.224200 -0.058167 0.345357 0.936667 0.000000 0.000000 0.000000 0.000000 1.000000
0.997849 0.016940 0.063323 -0.007800 0.005660 0.940156 -0.340697 9.224200 -0.065304 0.340323 0.938038 -0.000000 0.000000 0.000000 0.000000 1.000000
0.997780 0.023559 0.062285 -0.007800 -0.001224 0.941659 -0.336567 9.224200 -0.066580 0.335744 0.939597 0.000000 0.000000 0.000000 0.000000 1.000000
0.997948 0.026526 0.058275 -0.007800 -0.005724 0.943461 -0.331434 9.224200 -0.063772 0.330420 0.941677 -0.000000 0.000000 0.000000 0.000000 1.000000
0.998055 0.027723 0.055842 -0.007800 -0.008011 0.945293 -0.326123 9.224200 -0.061828 0.325041 0.943677 0.000000 0.000000 0.000000 0.000000 1.000000
0.998038 0.028577 0.055715 -0.007800 -0.009171 0.946900 -0.321396 9.224200 -0.061941 0.320255 0.945304 0.000000 0.000000 0.000000 0.000000 1.000000
0.998027 0.028717 0.055838 -0.007800 -0.009624 0.948741 -0.315908 9.224200 -0.062048 0.314747 0.947145 0.000000 0.000000 0.000000 0.000000 1.000000
0.998107 0.027592 0.054965 -0.007800 -0.009375 0.951533 -0.307405 9.224200 -0.060783 0.306308 0.949990 0.000000 0.000000 0.000000 0.000000 1.000000
0.998227 0.025542 0.053770 -0.007800 -0.008526 0.955302 -0.295507 9.224200 -0.058914 0.294525 0.953826 0.000000 0.000000 0.000000 0.000000 1.000000
0.998379 0.021332 0.052764 -0.007800 -0.005871 0.960755 -0.277335 9.224200 -0.056609 0.276576 0.959323 0.000000 0.000000 0.000000 0.000000 1.000000
0.998536 0.015474 0.051839 -0.007800 -0.001705 0.966746 -0.255732 9.224200 -0.054072 0.255270 0.965357 0.000000 0.000000 0.000000 0.000000 1.000000
0.998637 0.009904 0.051236 -0.007800 0.002454 0.971826 -0.235687 9.224200 -0.052127 0.235491 0.970478 -0.000000 0.000000 0.000000 0.000000 1.000000
0.998677 0.004501 0.051222 -0.007800 0.006674 0.976389 -0.215918 9.224200 -0.050985 0.215974 0.975067 0.000000 0.000000 0.000000 0.000000 1.000000
0.998649 -0.000897 0.051961 -0.007800 0.011072 0.980566 -0.195877 9.224200 -0.050776 0.196188 0.979251 0.000000 0.000000 0.000000 0.000000 1.000000
0.998556 -0.006478 0.053323 -0.007800 0.015833 0.984095 -0.176936 9.224200 -0.051329 0.177525 0.982777 0.000000 0.000000 0.000000 0.000000 1.000000
0.998431 -0.012199 0.054648 -0.007800 0.020882 0.986689 -0.161271 9.224200 -0.051953 0.162159 0.985396 0.000000 0.000000 0.000000 0.000000 1.000000
0.998328 -0.017751 0.055002 -0.007800 0.025812 0.988423 -0.149510 9.224200 -0.051712 0.150680 0.987229 -0.000000 0.000000 0.000000 0.000000 1.000000
0.998260 -0.022923 0.054335 -0.007800 0.030369 0.989623 -0.140440 9.224200 -0.050552 0.141846 0.988597 0.000000 0.000000 0.000000 0.000000 1.000000
0.998195 -0.027569 0.053354 -0.007800 0.034450 0.990559 -0.132690 9.224200 -0.049192 0.134289 0.989721 -0.000000 0.000000 0.000000 0.000000 1.000000
0.998138 -0.031461 0.052253 -0.007800 0.037841 0.991312 -0.125974 9.224200 -0.047836 0.127717 0.990656 0.000000 0.000000 0.000000 0.000000 1.000000
0.998117 -0.034559 0.050667 -0.007800 0.040468 0.991868 -0.120663 9.224200 -0.046085 0.122486 0.991400 0.000000 0.000000 0.000000 0.000000 1.000000
0.998130 -0.037131 0.048555 -0.007800 0.042591 0.992250 -0.116734 9.224200 -0.043844 0.118584 0.991976 0.000000 0.000000 0.000000 0.000000 1.000000
0.998149 -0.039497 0.046242 -0.007800 0.044539 0.992523 -0.113642 9.224200 -0.041407 0.115491 0.992445 0.000000 0.000000 0.000000 0.000000 1.000000
0.998162 -0.041832 0.043853 -0.007800 0.046478 0.992742 -0.110922 9.224200 -0.038894 0.112757 0.992861 -0.000000 0.000000 0.000000 0.000000 1.000000
0.998173 -0.043995 0.041405 -0.007800 0.048264 0.992926 -0.108488 9.224200 -0.036339 0.110288 0.993235 0.000000 0.000000 0.000000 0.000000 1.000000
0.998195 -0.045674 0.038988 -0.007800 0.049597 0.993083 -0.106421 9.224200 -0.033858 0.108163 0.993556 0.000000 0.000000 0.000000 0.000000 1.000000
0.998232 -0.046844 0.036594 -0.007800 0.050449 0.993215 -0.104783 9.224200 -0.031437 0.106444 0.993822 -0.000000 0.000000 0.000000 0.000000 1.000000
0.998275 -0.047740 0.034179 -0.007800 0.051050 0.993309 -0.103591 9.224200 -0.029005 0.105157 0.994032 0.000000 0.000000 0.000000 0.000000 1.000000</float_array><technique_common><accessor source="#Spine1-Matrix-animation-output-transform-array" count="51" stride="16"><param type="float4x4"/></accessor></technique_common></source><source id="Spine1-Interpolations"><Name_array id="Spine1-Interpolations-array" count="51">
 LINEAR LINEAR LINEAR LINEAR LINEAR LINEAR LINEAR LINEAR LINEAR LINEAR LINEAR
LINEAR LINEAR LINEAR LINEAR LINEAR LINEAR LINEAR LINEAR LINEAR LINEAR LINEAR LINEAR
LINEAR LINEAR LINEAR LINEAR LINEAR LINEAR LINEAR LINEAR LINEAR LINEAR LINEAR LINEAR
LINEAR LINEAR LINEAR LINEAR LINEAR LINEAR LINEAR LINEAR LINEAR LINEAR LINEAR LINEAR
LINEAR LINEAR LINEAR LINEAR</Name_array><technique_common><accessor source="#Spine1-Interpolations-array" count="51"><param type="name"/></accessor></technique_common></source><sampler id="Spine1-Matrix-animation-transform"><input semantic="INPUT" source="#Spine1-Matrix-animation-input"/><input semantic="OUTPUT" source="#Spine1-Matrix-animation-output-transform"/><input semantic="INTERPOLATION" source="#Spine1-Interpolations"/></sampler><channel source="#Spine1-Matrix-animation-transform" target="Spine1/matrix"/></animation>
    <animation id="Spine2-anim" name="Spine2"><source id="Spine2-Matrix-animation-input"><float_array id="Spine2-Matrix-animation-input-array" count="51">

0.000000 0.033333 0.066667 0.100000 0.133333 0.166667 0.200000 0.233333 0.266667 0.300000 0.333333 0.366667 0.400000 0.433333 0.466667 0.500000
0.533333 0.566667 0.600000 0.633333 0.666667 0.700000 0.733333 0.766667 0.800000 0.833333 0.866667 0.900000 0.933333 0.966667 1.000000 1.033333
1.066667 1.100000 1.133333 1.166667 1.200000 1.233333 1.266667 1.300000 1.333333 1.366667 1.400000 1.433333 1.466667 1.500000 1.533333 1.566667
1.600000 1.633333 1.666667</float_array><technique_common><accessor source="#Spine2-Matrix-animation-input-array" count="51"><param name="TIME" type="float"/></accessor></technique_common></source><source id="Spine2-Matrix-animation-output-transform"><float_array id="Spine2-Matrix-animation-output-transform-array" count="816">

0.998281 -0.047832 0.033862 -0.005300 0.051119 0.993266 -0.103973 11.063000 -0.028661 0.105525 0.994004 0.000000 0.000000 0.000000 0.000000 1.000000
0.998709 -0.046086 0.021382 -0.005300 0.047900 0.994421 -0.093982 11.063000 -0.016931 0.094885 0.995344 0.000000 0.000000 0.000000 0.000000 1.000000
0.998931 -0.044891 0.011056 -0.005300 0.045568 0.996397 -0.071530 11.063000 -0.007805 0.071957 0.997377 0.000000 0.000000 0.000000 0.000000 1.000000
0.999085 -0.041173 0.011570 -0.005300 0.041626 0.998247 -0.042083 11.063000 -0.009817 0.042526 0.999047 0.000000 0.000000 0.000000 0.000000 1.000000
0.999369 -0.024844 0.025392 -0.005300 0.025450 0.999392 -0.023835 11.063000 -0.024785 0.024466 0.999393 -0.000000 0.000000 0.000000 0.000000 1.000000
0.998589 0.008088 0.052490 -0.005300 -0.006315 0.999407 -0.033847 11.063000 -0.052732 0.033468 0.998048 0.000000 0.000000 0.000000 0.000000 1.000000
0.994228 0.044709 0.097525 -0.005300 -0.037894 0.996781 -0.070646 11.063000 -0.100370 0.066543 0.992723 -0.000000 0.000000 0.000000 0.000000 1.000000
0.985129 0.065971 0.158645 -0.005300 -0.048150 0.992352 -0.113665 11.063000 -0.164930 0.104336 0.980771 0.000000 0.000000 0.000000 0.000000 1.000000
0.973968 0.063053 0.217742 -0.005300 -0.032147 0.989248 -0.142670 11.063000 -0.224396 0.131956 0.965523 -0.000000 0.000000 0.000000 0.000000 1.000000
0.965477 0.039231 0.257518 -0.005300 0.000640 0.988233 -0.152952 11.063000 -0.260488 0.147836 0.954091 0.000000 0.000000 0.000000 0.000000 1.000000
0.961237 0.003234 0.275705 -0.005300 0.040965 0.987159 -0.154400 11.063000 -0.272664 0.159709 0.948761 -0.000000 0.000000 0.000000 0.000000 1.000000
0.959459 -0.034557 0.279723 -0.005300 0.082270 0.983572 -0.160678 11.063000 -0.269575 0.177176 0.946540 0.000000 0.000000 0.000000 0.000000 1.000000
0.958472 -0.066742 0.277268 -0.005300 0.118953 0.977180 -0.175981 11.063000 -0.259195 0.201654 0.944539 -0.000000 0.000000 0.000000 0.000000 1.000000
0.958260 -0.090720 0.271124 -0.005300 0.147253 0.969473 -0.196058 11.063000 -0.245061 0.227799 0.942366 0.000000 0.000000 0.000000 0.000000 1.000000
0.959758 -0.104919 0.260494 -0.005300 0.164608 0.961710 -0.219130 11.063000 -0.227529 0.253191 0.940279 0.000000 0.000000 0.000000 0.000000 1.000000
0.963903 -0.106241 0.244139 -0.005300 0.167598 0.954593 -0.246300 11.063000 -0.206886 0.278327 0.937941 0.000000 0.000000 0.000000 0.000000 1.000000
0.970534 -0.093324 0.222160 -0.005300 0.154443 0.948603 -0.276223 11.063000 -0.184963 0.302395 0.935065 0.000000 0.000000 0.000000 0.000000 1.000000
0.978151 -0.071529 0.195202 -0.005300 0.129840 0.943495 -0.304893 11.063000 -0.162363 0.323576 0.932168 0.000000 0.000000 0.000000 0.000000 1.000000
0.985263 -0.050325 0.163476 -0.005300 0.102415 0.939049 -0.328173 11.063000 -0.136997 0.340079 0.930365 0.000000 0.000000 0.000000 0.000000 1.000000
0.991159 -0.035661 0.127795 -0.005300 0.078145 0.935316 -0.345077 11.063000 -0.107223 0.352013 0.929833 0.000000 0.000000 0.000000 0.000000 1.000000
0.995398 -0.026435 0.092110 -0.005300 0.057642 0.933034 -0.355140 11.063000 -0.076553 0.358815 0.930264 -0.000000 0.000000 0.000000 0.000000 1.000000
0.997742 -0.017663 0.064796 -0.005300 0.039693 0.933348 -0.356772 11.063000 -0.054176 0.358539 0.931941 0.000000 0.000000 0.000000 0.000000 1.000000
0.998553 -0.006585 0.053374 -0.005300 0.024978 0.935719 -0.351862 11.063000 -0.047626 0.352686 0.934529 0.000000 0.000000 0.000000 0.000000 1.000000
0.998466 0.005430 0.055107 -0.005300 0.013986 0.938181 -0.345861 11.063000 -0.053578 0.346101 0.936666 -0.000000 0.000000 0.000000 0.000000 1.000000
0.998136 0.015681 0.058973 -0.005300 0.005411 0.939868 -0.341494 11.063000 -0.060782 0.341177 0.938032 0.000000 0.000000 0.000000 0.000000 1.000000
0.998072 0.022370 0.057901 -0.005300 -0.001527 0.941370 -0.337373 11.063000 -0.062053 0.336635 0.939589 0.000000 0.000000 0.000000 0.000000 1.000000
0.998221 0.025417 0.053939 -0.005300 -0.006066 0.943192 -0.332193 11.063000 -0.059318 0.331275 0.941668 0.000000 0.000000 0.000000 0.000000 1.000000
0.998307 0.026691 0.051677 -0.005300 -0.008349 0.945045 -0.326834 11.063000 -0.057560 0.325850 0.943668 0.000000 0.000000 0.000000 0.000000 1.000000
0.998278 0.027614 0.051756 -0.005300 -0.009487 0.946664 -0.322083 11.063000 -0.057890 0.321037 0.945296 -0.000000 0.000000 0.000000 0.000000 1.000000
0.998254 0.027828 0.052094 -0.005300 -0.009922 0.948517 -0.316570 11.063000 -0.058222 0.315501 0.947137 -0.000000 0.000000 0.000000 0.000000 1.000000
0.998315 0.026797 0.051473 -0.005300 -0.009654 0.951328 -0.308029 11.063000 -0.057222 0.307013 0.949983 0.000000 0.000000 0.000000 0.000000 1.000000
0.998411 0.024851 0.050568 -0.005300 -0.008777 0.955120 -0.296089 11.063000 -0.055656 0.295175 0.953821 0.000000 0.000000 0.000000 0.000000 1.000000
0.998537 0.020758 0.049938 -0.005300 -0.006073 0.960600 -0.277869 11.063000 -0.053738 0.277159 0.959320 0.000000 0.000000 0.000000 0.000000 1.000000
0.998664 0.015016 0.049438 -0.005300 -0.001851 0.966619 -0.256213 11.063000 -0.051635 0.255779 0.965355 0.000000 0.000000 0.000000 0.000000 1.000000
0.998743 0.009540 0.049213 -0.005300 0.002353 0.971721 -0.236119 11.063000 -0.050074 0.235938 0.970477 0.000000 0.000000 0.000000 0.000000 1.000000
0.998765 0.004212 0.049503 -0.005300 0.006604 0.976301 -0.216317 11.063000 -0.049241 0.216377 0.975067 0.000000 0.000000 0.000000 0.000000 1.000000
0.998724 -0.001125 0.050493 -0.005300 0.011026 0.980490 -0.196258 11.063000 -0.049287 0.196565 0.979251 -0.000000 0.000000 0.000000 0.000000 1.000000
0.998621 -0.006658 0.052069 -0.005300 0.015806 0.984029 -0.177306 11.063000 -0.050057 0.177884 0.982777 0.000000 0.000000 0.000000 0.000000 1.000000
0.998489 -0.012345 0.053550 -0.005300 0.020867 0.986630 -0.161634 11.063000 -0.050839 0.162507 0.985397 0.000000 0.000000 0.000000 0.000000 1.000000
0.998381 -0.017874 0.054006 -0.005300 0.025801 0.988370 -0.149866 11.063000 -0.050699 0.151017 0.987230 0.000000 0.000000 0.000000 0.000000 1.000000
0.998307 -0.023028 0.053415 -0.005300 0.030359 0.989575 -0.140786 11.063000 -0.049616 0.142169 0.988598 0.000000 0.000000 0.000000 0.000000 1.000000
0.998238 -0.027659 0.052496 -0.005300 0.034440 0.990514 -0.133023 11.063000 -0.048319 0.134597 0.989722 0.000000 0.000000 0.000000 0.000000 1.000000
0.998178 -0.031540 0.051443 -0.005300 0.037831 0.991271 -0.126298 11.063000 -0.047011 0.128014 0.990658 0.000000 0.000000 0.000000 0.000000 1.000000
0.998154 -0.034631 0.049890 -0.005300 0.040458 0.991830 -0.120978 11.063000 -0.045293 0.122773 0.991401 0.000000 0.000000 0.000000 0.000000 1.000000
0.998164 -0.037197 0.047803 -0.005300 0.042580 0.992215 -0.117035 11.063000 -0.043078 0.118855 0.991977 0.000000 0.000000 0.000000 0.000000 1.000000
0.998180 -0.039557 0.045517 -0.005300 0.044527 0.992491 -0.113925 11.063000 -0.040668 0.115744 0.992446 0.000000 0.000000 0.000000 0.000000 1.000000
0.998190 -0.041889 0.043153 -0.005300 0.046465 0.992713 -0.111186 11.063000 -0.038181 0.112990 0.992862 0.000000 0.000000 0.000000 0.000000 1.000000
0.998199 -0.044047 0.040726 -0.005300 0.048249 0.992899 -0.108733 11.063000 -0.035647 0.110502 0.993236 0.000000 0.000000 0.000000 0.000000 1.000000
0.998219 -0.045724 0.038323 -0.005300 0.049582 0.993060 -0.106651 11.063000 -0.033181 0.108361 0.993558 0.000000 0.000000 0.000000 0.000000 1.000000
0.998253 -0.046892 0.035935 -0.005300 0.050434 0.993192 -0.105001 11.063000 -0.030767 0.106630 0.993823 -0.000000 0.000000 0.000000 0.000000 1.000000
0.998295 -0.047788 0.033521 -0.005300 0.051033 0.993288 -0.103799 11.063000 -0.028336 0.105332 0.994033 -0.000000 0.000000 0.000000 0.000000 1.000000</float_array><technique_common><accessor source="#Spine2-Matrix-animation-output-transform-array" count="51" stride="16"><param type="float4x4"/></accessor></technique_common></source><source id="Spine2-Interpolations"><Name_array id="Spine2-Interpolations-array" count="51">
 LINEAR LINEAR LINEAR LINEAR LINEAR LINEAR LINEAR LINEAR LINEAR LINEAR LINEAR
LINEAR LINEAR LINEAR LINEAR LINEAR LINEAR LINEAR LINEAR LINEAR LINEAR LINEAR LINEAR
LINEAR LINEAR LINEAR LINEAR LINEAR LINEAR LINEAR LINEAR LINEAR LINEAR LINEAR LINEAR
LINEAR LINEAR LINEAR LINEAR LINEAR LINEAR LINEAR LINEAR LINEAR LINEAR LINEAR LINEAR
LINEAR LINEAR LINEAR LINEAR</Name_array><technique_common><accessor source="#Spine2-Interpolations-array" count="51"><param type="name"/></accessor></technique_common></source><sampler id="Spine2-Matrix-animation-transform"><input semantic="INPUT" source="#Spine2-Matrix-animation-input"/><input semantic="OUTPUT" source="#Spine2-Matrix-animation-output-transform"/><input semantic="INTERPOLATION" source="#Spine2-Interpolations"/></sampler><channel source="#Spine2-Matrix-animation-transform" target="Spine2/matrix"/></animation>
    <animation id="Neck-anim" name="Neck"><source id="Neck-Matrix-animation-input"><float_array id="Neck-Matrix-animation-input-array" count="51">

0.000000 0.033333 0.066667 0.100000 0.133333 0.166667 0.200000 0.233333 0.266667 0.300000 0.333333 0.366667 0.400000 0.433333 0.466667 0.500000
0.533333 0.566667 0.600000 0.633333 0.666667 0.700000 0.733333 0.766667 0.800000 0.833333 0.866667 0.900000 0.933333 0.966667 1.000000 1.033333
1.066667 1.100000 1.133333 1.166667 1.200000 1.233333 1.266667 1.300000 1.333333 1.366667 1.400000 1.433333 1.466667 1.500000 1.533333 1.566667
1.600000 1.633333 1.666667</float_array><technique_common><accessor source="#Neck-Matrix-animation-input-array" count="51"><param name="TIME" type="float"/></accessor></technique_common></source><source id="Neck-Matrix-animation-output-transform"><float_array id="Neck-Matrix-animation-output-transform-array" count="816">

