<?xml version="1.0" encoding="utf-8"?>
<COLLADA xmlns="http://www.collada.org/2005/11/COLLADASchema" version="1.4.1">
  <asset><contributor><author>Mixamo</author><authoring_tool>COLLADA Mixamo exporter</authoring_tool><comments></comments></contributor><created>2018-10-15T20:26:16Z</created><modified>2018-10-15T20:26:16Z</modified><revision></revision><title></title><unit meter="0.010000"/><up_axis>Y_UP</up_axis></asset>
  <library_animations>
    <animation id="Hips-anim" name="Hips"><source id="Hips-Matrix-animation-input"><float_array id="Hips-Matrix-animation-input-array" count="29">

0.000000 0.033333 0.066667 0.100000 0.133333 0.166667 0.200000 0.233333 0.266667 0.300000 0.333333 0.366667 0.400000 0.433333 0.466667 0.500000
0.533333 0.566667 0.600000 0.633333 0.666667 0.700000 0.733333 0.766667 0.800000 0.833333 0.866667 0.900000 0.933333</float_array><technique_common><accessor source="#Hips-Matrix-animation-input-array" count="29"><param name="TIME" type="float"/></accessor></technique_common></source><source id="Hips-Matrix-animation-output-transform"><float_array id="Hips-Matrix-animation-output-transform-array" count="464">

0.783114 -0.062525 0.618727 -1.387130 0.038722 0.997905 0.051832 113.928246 -0.620671 -0.016632 0.783894 -1.631503 0.000000 0.000000 0.000000 1.000000
0.811100 -0.058011 0.582024 -1.461717 0.040167 0.998245 0.043520 114.488556 -0.583527 -0.011920 0.812006 -1.696676 0.000000 0.000000 0.000000 1.000000
0.841267 -0.050881 0.538221 -1.551859 0.041692 0.998702 0.029245 115.059952 -0.539010 -0.002163 0.842296 -1.759916 0.000000 0.000000 0.000000 1.000000
0.868119 -0.042500 0.494534 -1.481066 0.041127 0.999060 0.013665 115.500381 -0.494650 0.008476 0.869051 -1.749823 0.000000 0.000000 0.000000 1.000000
0.888223 -0.029217 0.458483 -0.668595 0.032023 0.999486 0.001655 115.325661 -0.458296 0.013212 0.888702 -1.873830 0.000000 0.000000 0.000000 1.000000
0.901277 -0.025606 0.432486 0.931646 0.028244 0.999601 0.000323 114.989929 -0.432322 0.011924 0.901641 -2.316214 0.000000 0.000000 0.000000 1.000000
0.913671 -0.044089 0.404056 2.977672 0.044323 0.998979 0.008780 114.602638 -0.404030 0.009887 0.914692 -2.931019 0.000000 0.000000 0.000000 1.000000
0.927298 -0.077280 0.366260 5.157497 0.075555 0.996959 0.019065 114.191795 -0.366620 0.009994 0.930317 -3.706258 0.000000 0.000000 0.000000 1.000000
0.934081 -0.104261 0.341500 7.100838 0.099494 0.994540 0.031497 113.855553 -0.342919 0.004556 0.939354 -4.377738 0.000000 0.000000 0.000000 1.000000
0.930143 -0.120257 0.346948 8.208292 0.110626 0.992726 0.047512 113.368263 -0.350137 -0.005812 0.936680 -4.915935 0.000000 0.000000 0.000000 1.000000
0.920296 -0.124663 0.370829 8.580108 0.108365 0.992013 0.064555 112.971901 -0.375915 -0.019225 0.926455 -5.248597 0.000000 0.000000 0.000000 1.000000
0.909917 -0.120890 0.396784 8.524297 0.096350 0.992022 0.081291 112.835007 -0.403446 -0.035738 0.914305 -5.333570 0.000000 0.000000 0.000000 1.000000
0.900013 -0.116657 0.419961 8.148770 0.085357 0.992034 0.092640 112.724541 -0.427423 -0.047531 0.902801 -5.389554 0.000000 0.000000 0.000000 1.000000
0.888268 -0.115032 0.444687 7.512598 0.079786 0.992056 0.097253 112.669624 -0.452342 -0.050907 0.890390 -5.400205 0.000000 0.000000 0.000000 1.000000
0.871176 -0.115347 0.477229 6.715476 0.077612 0.992143 0.098123 112.584465 -0.484798 -0.048444 0.873284 -5.370217 0.000000 0.000000 0.000000 1.000000
0.848288 -0.116938 0.516462 5.954913 0.078471 0.992304 0.095789 112.454094 -0.523688 -0.040729 0.850936 -5.233816 0.000000 0.000000 0.000000 1.000000
0.825273 -0.116385 0.552611 5.326995 0.081313 0.992826 0.087665 112.242966 -0.558850 -0.027413 0.828816 -5.111938 0.000000 0.000000 0.000000 1.000000
0.807507 -0.110165 0.579480 4.712725 0.084878 0.993882 0.070670 112.064491 -0.583720 -0.007882 0.811917 -5.053790 0.000000 0.000000 0.000000 1.000000
0.794797 -0.100035 0.598574 4.151985 0.090955 0.994816 0.045484 111.762070 -0.600021 0.018293 0.799775 -5.019522 0.000000 0.000000 0.000000 1.000000
0.781868 -0.085094 0.617610 3.436748 0.092327 0.995522 0.020280 111.499718 -0.616570 0.041165 0.786223 -5.035428 0.000000 0.000000 0.000000 1.000000
0.768804 -0.062889 0.636385 3.010111 0.077235 0.996999 0.005220 111.426697 -0.634803 0.045138 0.771354 -4.884180 0.000000 0.000000 0.000000 1.000000
0.760748 -0.041002 0.647750 2.727120 0.053821 0.998551 -0.000002 111.513397 -0.646812 0.034864 0.761853 -4.545529 0.000000 0.000000 0.000000 1.000000
0.753341 -0.030900 0.656903 2.711728 0.041820 0.999125 -0.000962 111.822273 -0.656299 0.028197 0.753974 -4.069863 0.000000 0.000000 0.000000 1.000000
0.745967 -0.032026 0.665213 2.673622 0.038327 0.999252 0.005129 112.389107 -0.664880 0.021669 0.746636 -3.496249 0.000000 0.000000 0.000000 1.000000
0.739764 -0.038588 0.671759 2.112111 0.034170 0.999221 0.019769 112.684715 -0.671998 0.008330 0.740506 -2.964143 0.000000 0.000000 0.000000 1.000000
0.734705 -0.045173 0.676881 1.091630 0.030072 0.998968 0.034026 112.577164 -0.677719 -0.004644 0.735306 -2.340704 0.000000 0.000000 0.000000 1.000000
0.741354 -0.051672 0.669122 0.141342 0.029908 0.998585 0.043977 112.932991 -0.670448 -0.012591 0.741850 -1.837615 0.000000 0.000000 0.000000 1.000000
0.759826 -0.059632 0.647386 -0.901954 0.034934 0.998091 0.050935 113.421883 -0.649187 -0.016086 0.760458 -1.598780 0.000000 0.000000 0.000000 1.000000
0.783114 -0.062525 0.618727 -1.387129 0.038722 0.997905 0.051832 114.013748 -0.620672 -0.016632 0.783894 -1.631501 0.000000 0.000000 0.000000 1.000000</float_array><technique_common><accessor source="#Hips-Matrix-animation-output-transform-array" count="29" stride="16"><param type="float4x4"/></accessor></technique_common></source><source id="Hips-Interpolations"><Name_array id="Hips-Interpolations-array" count="29">
 LINEAR LINEAR LINEAR LINEAR LINEAR LINEAR LINEAR LINEAR LINEAR LINEAR LINEAR
LINEAR LINEAR LINEAR LINEAR LINEAR LINEAR LINEAR LINEAR LINEAR LINEAR LINEAR LINEAR
LINEAR LINEAR LINEAR LINEAR LINEAR LINEAR</Name_array><technique_common><accessor source="#Hips-Interpolations-array" count="29"><param type="name"/></accessor></technique_common></source><sampler id="Hips-Matrix-animation-transform"><input semantic="INPUT" source="#Hips-Matrix-animation-input"/><input semantic="OUTPUT" source="#Hips-Matrix-animation-output-transform"/><input semantic="INTERPOLATION" source="#Hips-Interpolations"/></sampler><channel source="#Hips-Matrix-animation-transform" target="Hips/matrix"/></animation>
    <animation id="Spine-anim" name="Spine"><source id="Spine-Matrix-animation-input"><float_array id="Spine-Matrix-animation-input-array" count="29">

0.000000 0.033333 0.066667 0.100000 0.133333 0.166667 0.200000 0.233333 0.266667 0.300000 0.333333 0.366667 0.400000 0.433333 0.466667 0.500000
0.533333 0.566667 0.600000 0.633333 0.666667 0.700000 0.733333 0.766667 0.800000 0.833333 0.866667 0.900000 0.933333</float_array><technique_common><accessor source="#Spine-Matrix-animation-input-array" count="29"><param name="TIME" type="float"/></accessor></technique_common></source><source id="Spine-Matrix-animation-output-transform"><float_array id="Spine-Matrix-animation-output-transform-array" count="464">

0.996879 -0.074771 -0.025313 0.000000 0.070543 0.987715 -0.139434 13.214800 0.035427 0.137213 0.989908 -0.000000 0.000000 0.000000 0.000000 1.000000
0.997987 -0.062671 -0.009668 0.000000 0.060675 0.988056 -0.141645 13.214800 0.018430 0.140773 0.989870 0.000000 0.000000 0.000000 0.000000 1.000000
0.998813 -0.048561 0.003768 -0.000000 0.048597 0.988394 -0.143927 13.214800 0.003265 0.143939 0.989581 0.000000 0.000000 0.000000 0.000000 1.000000
0.999260 -0.037459 0.008759 0.000000 0.038318 0.989346 -0.140450 13.214800 -0.003405 0.140682 0.990049 0.000000 0.000000 0.000000 0.000000 1.000000
0.999272 -0.038121 0.001265 0.000000 0.037953 0.990481 -0.132315 13.214800 0.003791 0.132267 0.991207 0.000000 0.000000 0.000000 0.000000 1.000000
0.999376 -0.032797 -0.013150 0.000000 0.030782 0.990802 -0.131775 13.214800 0.017351 0.131288 0.991192 -0.000000 0.000000 0.000000 0.000000 1.000000
0.999743 -0.003040 -0.022477 0.000000 -0.000170 0.989947 -0.141436 13.214800 0.022681 0.141403 0.989692 0.000000 0.000000 0.000000 0.000000 1.000000
0.998915 0.040322 -0.023285 0.000000 -0.043415 0.987299 -0.152828 13.214800 0.016827 0.153674 0.987978 0.000000 0.000000 0.000000 0.000000 1.000000
0.997126 0.070582 -0.027543 -0.000000 -0.074130 0.983984 -0.162112 13.214800 0.015660 0.163688 0.986388 0.000000 0.000000 0.000000 0.000000 1.000000
0.995470 0.084650 -0.043292 0.000000 -0.090840 0.981207 -0.170235 13.214800 0.028068 0.173397 0.984452 -0.000000 0.000000 0.000000 0.000000 1.000000
0.994390 0.084054 -0.064221 0.000000 -0.094294 0.979495 -0.178039 13.214800 0.047939 0.183095 0.981926 -0.000000 0.000000 0.000000 0.000000 1.000000
0.993796 0.071626 -0.085086 -0.000000 -0.086432 0.978830 -0.185532 13.214800 0.069995 0.191735 0.978947 0.000000 0.000000 0.000000 0.000000 1.000000
0.992723 0.058184 -0.105431 0.000000 -0.077601 0.978591 -0.190625 13.214800 0.092082 0.197419 0.975985 0.000000 0.000000 0.000000 0.000000 1.000000
0.990857 0.049505 -0.125508 0.000000 -0.073225 0.978644 -0.192081 13.214800 0.113319 0.199515 0.973320 0.000000 0.000000 0.000000 0.000000 1.000000
0.988241 0.041507 -0.147165 0.000000 -0.069460 0.979277 -0.190242 13.214800 0.136219 0.198227 0.970644 0.000000 0.000000 0.000000 0.000000 1.000000
0.985108 0.031535 -0.169018 0.000000 -0.063057 0.980803 -0.184525 13.214800 0.159954 0.192434 0.968186 0.000000 0.000000 0.000000 0.000000 1.000000
0.983141 0.019370 -0.181821 0.000000 -0.051693 0.983252 -0.174764 13.214800 0.175391 0.181216 0.967677 -0.000000 0.000000 0.000000 0.000000 1.000000
0.983687 0.008377 -0.179691 0.000000 -0.037723 0.986310 -0.160530 13.214800 0.175886 0.164690 0.970537 0.000000 0.000000 0.000000 0.000000 1.000000
0.985399 0.002102 -0.170250 0.000000 -0.026750 0.989417 -0.142613 13.214800 0.168148 0.145085 0.975026 -0.000000 0.000000 0.000000 0.000000 1.000000
0.986565 -0.008186 -0.163167 0.000000 -0.013055 0.991600 -0.128683 13.214800 0.162849 0.129084 0.978170 -0.000000 0.000000 0.000000 0.000000 1.000000
0.986757 -0.032430 -0.158928 0.000000 0.012162 0.991844 -0.126875 13.214800 0.161746 0.123262 0.979104 0.000000 0.000000 0.000000 0.000000 1.000000
0.985609 -0.062674 -0.156995 0.000000 0.042041 0.990430 -0.131456 13.214800 0.163731 0.122964 0.978811 -0.000000 0.000000 0.000000 0.000000 1.000000
0.984615 -0.083210 -0.153653 -0.000000 0.063344 0.989496 -0.129945 13.214800 0.162852 0.118213 0.979543 0.000000 0.000000 0.000000 0.000000 1.000000
0.986159 -0.094507 -0.136228 0.000000 0.077260 0.988919 -0.126767 13.214800 0.146699 0.114488 0.982533 0.000000 0.000000 0.000000 0.000000 1.000000
0.989139 -0.101759 -0.106064 0.000000 0.087609 0.987576 -0.130457 13.214800 0.118021 0.119748 0.985764 0.000000 0.000000 0.000000 0.000000 1.000000
0.991616 -0.102438 -0.078761 0.000000 0.091208 0.986648 -0.134934 13.214800 0.091532 0.126619 0.987719 -0.000000 0.000000 0.000000 0.000000 1.000000
0.993555 -0.096825 -0.058932 0.000000 0.088058 0.986709 -0.136567 13.214800 0.071372 0.130497 0.988876 -0.000000 0.000000 0.000000 0.000000 1.000000
0.995412 -0.086129 -0.041682 0.000000 0.079643 0.987226 -0.137991 13.214800 0.053034 0.134038 0.989556 -0.000000 0.000000 0.000000 0.000000 1.000000
0.996879 -0.074770 -0.025313 0.000000 0.070543 0.987715 -0.139434 13.214800 0.035427 0.137213 0.989908 0.000000 0.000000 0.000000 0.000000 1.000000</float_array><technique_common><accessor source="#Spine-Matrix-animation-output-transform-array" count="29" stride="16"><param type="float4x4"/></accessor></technique_common></source><source id="Spine-Interpolations"><Name_array id="Spine-Interpolations-array" count="29">
 LINEAR LINEAR LINEAR LINEAR LINEAR LINEAR LINEAR LINEAR LINEAR LINEAR LINEAR
LINEAR LINEAR LINEAR LINEAR LINEAR LINEAR LINEAR LINEAR LINEAR LINEAR LINEAR LINEAR
LINEAR LINEAR LINEAR LINEAR LINEAR LINEAR</Name_array><technique_common><accessor source="#Spine-Interpolations-array" count="29"><param type="name"/></accessor></technique_common></source><sampler id="Spine-Matrix-animation-transform"><input semantic="INPUT" source="#Spine-Matrix-animation-input"/><input semantic="OUTPUT" source="#Spine-Matrix-animation-output-transform"/><input semantic="INTERPOLATION" source="#Spine-Interpolations"/></sampler><channel source="#Spine-Matrix-animation-transform" target="Spine/matrix"/></animation>
    <animation id="Spine1-anim" name="Spine1"><source id="Spine1-Matrix-animation-input"><float_array id="Spine1-Matrix-animation-input-array" count="29">

0.000000 0.033333 0.066667 0.100000 0.133333 0.166667 0.200000 0.233333 0.266667 0.300000 0.333333 0.366667 0.400000 0.433333 0.466667 0.500000
0.533333 0.566667 0.600000 0.633333 0.666667 0.700000 0.733333 0.766667 0.800000 0.833333 0.866667 0.900000 0.933333</float_array><technique_common><accessor source="#Spine1-Matrix-animation-input-array" count="29"><param name="TIME" type="float"/></accessor></technique_common></source><source id="Spine1-Matrix-animation-output-transform"><float_array id="Spine1-Matrix-animation-output-transform-array" count="464">

0.999957 -0.000584 -0.009238 -0.007800 0.000172 0.999009 -0.044515 9.224200 0.009254 0.044512 0.998966 0.000000 0.000000 0.000000 0.000000 1.000000
0.999984 0.002572 -0.005098 -0.007800 -0.002791 0.999046 -0.043584 9.224200 0.004981 0.043598 0.999037 0.000000 0.000000 0.000000 0.000000 1.000000
0.999986 0.005028 -0.001316 -0.007800 -0.005079 0.999106 -0.041973 9.224200 0.001103 0.041979 0.999118 -0.000000 0.000000 0.000000 0.000000 1.000000
0.999978 0.006684 0.000492 -0.007800 -0.006659 0.999185 -0.039805 9.224200 -0.000757 0.039800 0.999207 0.000000 0.000000 0.000000 0.000000 1.000000
0.999979 0.006393 -0.001049 -0.007800 -0.006428 0.999254 -0.038077 9.224200 0.000804 0.038083 0.999274 0.000000 0.000000 0.000000 0.000000 1.000000
0.999988 0.002813 -0.003976 -0.007800 -0.002965 0.999242 -0.038811 9.224200 0.003864 0.038822 0.999239 -0.000000 0.000000 0.000000 0.000000 1.000000
0.999986 -0.001724 -0.004949 -0.007800 0.001515 0.999116 -0.042021 9.224200 0.005017 0.042013 0.999104 0.000000 0.000000 0.000000 0.000000 1.000000
0.999986 -0.003736 -0.003832 -0.007800 0.003557 0.998954 -0.045580 9.224200 0.003998 0.045565 0.998953 0.000000 0.000000 0.000000 0.000000 1.000000
0.999977 -0.005407 -0.004194 -0.007800 0.005195 0.998789 -0.048915 9.224200 0.004453 0.048892 0.998794 0.000000 0.000000 0.000000 0.000000 1.000000
0.999929 -0.009027 -0.007733 -0.007800 0.008601 0.998530 -0.053519 9.224200 0.008204 0.053449 0.998537 0.000000 0.000000 0.000000 0.000000 1.000000
0.999847 -0.011608 -0.013065 -0.007800 0.010816 0.998193 -0.059112 9.224200 0.013727 0.058962 0.998166 0.000000 0.000000 0.000000 0.000000 1.000000
0.999758 -0.011163 -0.018980 -0.007800 0.009934 0.997921 -0.063678 9.224200 0.019651 0.063474 0.997790 -0.000000 0.000000 0.000000 0.000000 1.000000
0.999652 -0.009050 -0.024773 -0.007800 0.007391 0.997775 -0.066257 9.224200 0.025317 0.066051 0.997495 0.000000 0.000000 0.000000 0.000000 1.000000
0.999519 -0.006968 -0.030231 -0.007800 0.004915 0.997711 -0.067444 9.224200 0.030632 0.067263 0.997265 0.000000 0.000000 0.000000 0.000000 1.000000
0.999333 -0.005891 -0.036032 -0.007800 0.003422 0.997665 -0.068212 9.224200 0.036350 0.068043 0.997020 0.000000 0.000000 0.000000 0.000000 1.000000
0.999099 -0.005504 -0.042074 -0.007800 0.002622 0.997666 -0.068238 9.224200 0.042352 0.068066 0.996781 0.000000 0.000000 0.000000 0.000000 1.000000
0.998921 -0.005091 -0.046161 -0.007800 0.002026 0.997804 -0.066203 9.224200 0.046397 0.066038 0.996738 0.000000 0.000000 0.000000 0.000000 1.000000
0.998905 -0.004758 -0.046544 -0.007800 0.001879 0.998093 -0.061704 9.224200 0.046748 0.061548 0.997009 0.000000 0.000000 0.000000 0.000000 1.000000
0.998989 -0.005271 -0.044639 -0.007800 0.002788 0.998454 -0.055519 9.224200 0.044862 0.055339 0.997459 0.000000 0.000000 0.000000 0.000000 1.000000
0.999044 -0.007432 -0.043077 -0.007800 0.005284 0.998746 -0.049784 9.224200 0.043393 0.049509 0.997831 0.000000 0.000000 0.000000 0.000000 1.000000
0.999028 -0.011853 -0.042466 -0.007800 0.009816 0.998806 -0.047851 9.224200 0.042982 0.047387 0.997951 -0.000000 0.000000 0.000000 0.000000 1.000000
0.998940 -0.017937 -0.042386 -0.007800 0.015818 0.998633 -0.049818 9.224200 0.043221 0.049095 0.997859 0.000000 0.000000 0.000000 0.000000 1.000000
0.998875 -0.022530 -0.041720 -0.007800 0.020406 0.998507 -0.050666 9.224200 0.042800 0.049757 0.997844 -0.000000 0.000000 0.000000 0.000000 1.000000
0.999027 -0.022992 -0.037647 -0.007800 0.021174 0.998623 -0.047998 9.224200 0.038698 0.047154 0.998138 -0.000000 0.000000 0.000000 0.000000 1.000000
0.999348 -0.019563 -0.030341 -0.007800 0.018194 0.998833 -0.044743 9.224200 0.031181 0.044162 0.998538 0.000000 0.000000 0.000000 0.000000 1.000000
0.999623 -0.014239 -0.023472 -0.007800 0.013212 0.998972 -0.043352 9.224200 0.024065 0.043026 0.998784 0.000000 0.000000 0.000000 0.000000 1.000000
0.999793 -0.009056 -0.018240 -0.007800 0.008252 0.999012 -0.043658 9.224200 0.018618 0.043499 0.998880 0.000000 0.000000 0.000000 0.000000 1.000000
0.999898 -0.004512 -0.013585 -0.007800 0.003904 0.999005 -0.044422 9.224200 0.013772 0.044365 0.998920 0.000000 0.000000 0.000000 0.000000 1.000000
0.999957 -0.000584 -0.009238 -0.007800 0.000172 0.999009 -0.044515 9.224200 0.009254 0.044512 0.998966 -0.000000 0.000000 0.000000 0.000000 1.000000</float_array><technique_common><accessor source="#Spine1-Matrix-animation-output-transform-array" count="29" stride="16"><param type="float4x4"/></accessor></technique_common></source><source id="Spine1-Interpolations"><Name_array id="Spine1-Interpolations-array" count="29">
 LINEAR LINEAR LINEAR LINEAR LINEAR LINEAR LINEAR LINEAR LINEAR LINEAR LINEAR
LINEAR LINEAR LINEAR LINEAR LINEAR LINEAR LINEAR LINEAR LINEAR LINEAR LINEAR LINEAR
LINEAR LINEAR LINEAR LINEAR LINEAR LINEAR</Name_array><technique_common><accessor source="#Spine1-Interpolations-array" count="29"><param type="name"/></accessor></technique_common></source><sampler id="Spine1-Matrix-animation-transform"><input semantic="INPUT" source="#Spine1-Matrix-animation-input"/><input semantic="OUTPUT" source="#Spine1-Matrix-animation-output-transform"/><input semantic="INTERPOLATION" source="#Spine1-Interpolations"/></sampler><channel source="#Spine1-Matrix-animation-transform" target="Spine1/matrix"/></animation>
    <animation id="Spine2-anim" name="Spine2"><source id="Spine2-Matrix-animation-input"><float_array id="Spine2-Matrix-animation-input-array" count="29">

0.000000 0.033333 0.066667 0.100000 0.133333 0.166667 0.200000 0.233333 0.266667 0.300000 0.333333 0.366667 0.400000 0.433333 0.466667 0.500000
0.533333 0.566667 0.600000 0.633333 0.666667 0.700000 0.733333 0.766667 0.800000 0.833333 0.866667 0.900000 0.933333</float_array><technique_common><accessor source="#Spine2-Matrix-animation-input-array" count="29"><param name="TIME" type="float"/></accessor></technique_common></source><source id="Spine2-Matrix-animation-output-transform"><float_array id="Spine2-Matrix-animation-output-transform-array" count="464">

0.999956 -0.000642 -0.009393 -0.005300 0.000224 0.999012 -0.044451 11.063000 0.009412 0.044447 0.998967 -0.000000 0.000000 0.000000 0.000000 1.000000
0.999983 0.002536 -0.005237 -0.005300 -0.002762 0.999047 -0.043553 11.063000 0.005122 0.043566 0.999037 0.000000 0.000000 0.000000 0.000000 1.000000
0.999986 0.005015 -0.001442 -0.005300 -0.005071 0.999106 -0.041972 11.063000 0.001230 0.041978 0.999118 0.000000 0.000000 0.000000 0.000000 1.000000
0.999978 0.006680 0.000363 -0.005300 -0.006660 0.999185 -0.039818 11.063000 -0.000629 0.039814 0.999207 -0.000000 0.000000 0.000000 0.000000 1.000000
0.999979 0.006374 -0.001195 -0.005300 -0.006415 0.999254 -0.038074 11.063000 0.000951 0.038081 0.999274 0.000000 0.000000 0.000000 0.000000 1.000000
0.999988 0.002775 -0.004090 -0.005300 -0.002932 0.999243 -0.038794 11.063000 0.003979 0.038806 0.999239 -0.000000 0.000000 0.000000 0.000000 1.000000
0.999986 -0.001755 -0.004947 -0.005300 0.001546 0.999115 -0.042025 11.063000 0.005016 0.042017 0.999104 0.000000 0.000000 0.000000 0.000000 1.000000
0.999986 -0.003742 -0.003696 -0.005300 0.003570 0.998953 -0.045612 11.063000 0.003863 0.045598 0.998952 -0.000000 0.000000 0.000000 0.000000 1.000000
0.999978 -0.005402 -0.003951 -0.005300 0.005202 0.998787 -0.048971 11.063000 0.004211 0.048949 0.998792 0.000000 0.000000 0.000000 0.000000 1.000000
0.999932 -0.009029 -0.007389 -0.005300 0.008620 0.998524 -0.053623 11.063000 0.007862 0.053556 0.998534 0.000000 0.000000 0.000000 0.000000 1.000000
0.999852 -0.011623 -0.012677 -0.005300 0.010852 0.998184 -0.059257 11.063000 0.013343 0.059111 0.998162 0.000000 0.000000 0.000000 0.000000 1.000000
0.999763 -0.011207 -0.018651 -0.005300 0.009996 0.997912 -0.063808 11.063000 0.019327 0.063607 0.997788 0.000000 0.000000 0.000000 0.000000 1.000000
0.999657 -0.009133 -0.024536 -0.005300 0.007488 0.997769 -0.066334 11.063000 0.025087 0.066128 0.997496 -0.000000 0.000000 0.000000 0.000000 1.000000
0.999523 -0.007088 -0.030065 -0.005300 0.005046 0.997708 -0.067473 11.063000 0.030474 0.067289 0.997268 0.000000 0.000000 0.000000 0.000000 1.000000
0.999336 -0.006027 -0.035922 -0.005300 0.003565 0.997665 -0.068207 11.063000 0.036249 0.068034 0.997024 0.000000 0.000000 0.000000 0.000000 1.000000
0.999101 -0.005623 -0.042021 -0.005300 0.002747 0.997669 -0.068190 11.063000 0.042307 0.068013 0.996787 0.000000 0.000000 0.000000 0.000000 1.000000
0.998921 -0.005175 -0.046162 -0.005300 0.002115 0.997811 -0.066098 11.063000 0.046403 0.065929 0.996745 -0.000000 0.000000 0.000000 0.000000 1.000000
0.998903 -0.004799 -0.046579 -0.005300 0.001924 0.998101 -0.061562 11.063000 0.046786 0.061405 0.997016 -0.000000 0.000000 0.000000 0.000000 1.000000
0.998987 -0.005275 -0.044684 -0.005300 0.002794 0.998460 -0.055405 11.063000 0.044907 0.055224 0.997464 0.000000 0.000000 0.000000 0.000000 1.000000
0.999042 -0.007433 -0.043126 -0.005300 0.005285 0.998750 -0.049710 11.063000 0.043442 0.049434 0.997832 0.000000 0.000000 0.000000 0.000000 1.000000
0.999024 -0.011862 -0.042539 -0.005300 0.009827 0.998811 -0.047742 11.063000 0.043055 0.047277 0.997953 -0.000000 0.000000 0.000000 0.000000 1.000000
0.998935 -0.017909 -0.042516 -0.005300 0.015791 0.998643 -0.049634 11.063000 0.043347 0.048909 0.997862 -0.000000 0.000000 0.000000 0.000000 1.000000
0.998869 -0.022448 -0.041912 -0.005300 0.020324 0.998521 -0.050434 11.063000 0.042983 0.049525 0.997848 0.000000 0.000000 0.000000 0.000000 1.000000
0.999019 -0.022950 -0.037866 -0.005300 0.021131 0.998635 -0.047758 11.063000 0.038911 0.046911 0.998141 0.000000 0.000000 0.000000 0.000000 1.000000
0.999340 -0.019630 -0.030556 -0.005300 0.018258 0.998841 -0.044535 11.063000 0.031395 0.043947 0.998540 -0.000000 0.000000 0.000000 0.000000 1.000000
0.999616 -0.014361 -0.023685 -0.005300 0.013329 0.998978 -0.043183 11.063000 0.024281 0.042850 0.998786 0.000000 0.000000 0.000000 0.000000 1.000000
0.999788 -0.009163 -0.018445 -0.005300 0.008353 0.999018 -0.043520 11.063000 0.018826 0.043357 0.998882 -0.000000 0.000000 0.000000 0.000000 1.000000
0.999895 -0.004593 -0.013764 -0.005300 0.003978 0.999009 -0.044321 11.063000 0.013954 0.044262 0.998923 -0.000000 0.000000 0.000000 0.000000 1.000000
0.999956 -0.000642 -0.009393 -0.005300 0.000224 0.999012 -0.044451 11.063000 0.009412 0.044447 0.998967 0.000000 0.000000 0.000000 0.000000 1.000000</float_array><technique_common><accessor source="#Spine2-Matrix-animation-output-transform-array" count="29" stride="16"><param type="float4x4"/></accessor></technique_common></source><source id="Spine2-Interpolations"><Name_array id="Spine2-Interpolations-array" count="29">
 LINEAR LINEAR LINEAR LINEAR LINEAR LINEAR LINEAR LINEAR LINEAR LINEAR LINEAR
LINEAR LINEAR LINEAR LINEAR LINEAR LINEAR LINEAR LINEAR LINEAR LINEAR LINEAR LINEAR
LINEAR LINEAR LINEAR LINEAR LINEAR LINEAR</Name_array><technique_common><accessor source="#Spine2-Interpolations-array" count="29"><param type="name"/></accessor></technique_common></source><sampler id="Spine2-Matrix-animation-transform"><input semantic="INPUT" source="#Spine2-Matrix-animation-input"/><input semantic="OUTPUT" source="#Spine2-Matrix-animation-output-transform"/><input semantic="INTERPOLATION" source="#Spine2-Interpolations"/></sampler><channel source="#Spine2-Matrix-animation-transform" target="Spine2/matrix"/></animation>
    <animation id="Neck-anim" name="Neck"><source id="Neck-Matrix-animation-input"><float_array id="Neck-Matrix-animation-input-array" count="29">

0.000000 0.033333 0.066667 0.100000 0.133333 0.166667 0.200000 0.233333 0.266667 0.300000 0.333333 0.366667 0.400000 0.433333 0.466667 0.500000
0.533333 0.566667 0.600000 0.633333 0.666667 0.700000 0.733333 0.766667 0.800000 0.833333 0.866667 0.900000 0.933333</float_array><technique_common><accessor source="#Neck-Matrix-animation-input-array" count="29"><param name="TIME" type="float"/></accessor></technique_common></source><source id="Neck-Matrix-animation-output-transform"><float_array id="Neck-Matrix-animation-output-transform-array" count="464">

0.996424 -0.040750 -0.074017 -0.006000 0.044725 0.997599 0.052870 23.723499 0.071685 -0.055991 0.995855 -1.446200 0.000000 0.000000 0.000000 1.000000
0.996605 -0.039152 -0.072422 -0.006000 0.043316 0.997443 0.056844 23.723499 0.070012 -0.059788 0.995753 -1.446200 0.000000 0.000000 0.000000 1.000000
0.996779 -0.038096 -0.070565 -0.006000 0.042579 0.997096 0.063144 23.723499 0.067954 -0.065945 0.995507 -1.446200 0.000000 0.000000 0.000000 1.000000
0.996965 -0.038919 -0.067431 -0.006000 0.043389 0.996866 0.066154 23.723499 0.064645 -0.068879 0.995528 -1.446200 0.000000 0.000000 0.000000 1.000000
0.997179 -0.041012 -0.062860 -0.006000 0.045104 0.996858 0.065113 23.723499 0.059993 -0.067765 0.995896 -1.446200 0.000000 0.000000 0.000000 1.000000
0.997429 -0.041426 -0.058475 -0.006000 0.045226 0.996844 0.065236 23.723499 0.055588 -0.067713 0.996155 -1.446200 0.000000 0.000000 0.000000 1.000000
0.997774 -0.038209 -0.054650 -0.006000 0.041878 0.996830 0.067648 23.723499 0.051892 -0.069786 0.996211 -1.446200 0.000000 0.000000 0.000000 1.000000
0.998299 -0.029551 -0.050263 -0.006000 0.033028 0.997013 0.069813 23.723499 0.048049 -0.071355 0.996293 -1.446200 0.000000 0.000000 0.000000 1.000000
0.998799 -0.017477 -0.045770 -0.006000 0.020642 0.997361 0.069600 23.723499 0.044433 -0.070462 0.996524 -1.446200 0.000000 0.000000 0.000000 1.000000
0.999014 -0.008848 -0.043499 -0.006000 0.011705 0.997760 0.065865 23.723499 0.042819 -0.066310 0.996880 -1.446200 0.000000 0.000000 0.000000 1.000000
0.999017 -0.005705 -0.043962 -0.006000 0.008344 0.998158 0.060089 23.723499 0.043539 -0.060396 0.997224 -1.446200 0.000000 0.000000 0.000000 1.000000
0.998985 -0.004187 -0.044850 -0.006000 0.006653 0.998464 0.054996 23.723499 0.044551 -0.055239 0.997479 -1.446200 0.000000 0.000000 0.000000 1.000000
0.999000 -0.002017 -0.044657 -0.006000 0.004352 0.998624 0.052256 23.723499 0.044490 -0.052398 0.997635 -1.446200 0.000000 0.000000 0.000000 1.000000
0.999023 0.000698 -0.044190 -0.006000 0.001609 0.998638 0.052142 23.723499 0.044166 -0.052162 0.997662 -1.446200 0.000000 0.000000 0.000000 1.000000
0.999009 0.004244 -0.044303 -0.006000 -0.001882 0.998580 0.053237 23.723499 0.044466 -0.053101 0.997599 -1.446200 0.000000 0.000000 0.000000 1.000000
0.998958 0.008708 -0.044804 -0.006000 -0.006244 0.998475 0.054850 23.723499 0.045213 -0.054513 0.997489 -1.446200 0.000000 0.000000 0.000000 1.000000
0.998859 0.012675 -0.046051 -0.006000 -0.010009 0.998285 0.057688 23.723499 0.046703 -0.057161 0.997272 -1.446200 0.000000 0.000000 0.000000 1.000000
0.998725 0.013660 -0.048592 -0.006000 -0.010653 0.998044 0.061597 23.723499 0.049339 -0.061001 0.996918 -1.446200 0.000000 0.000000 0.000000 1.000000
0.998627 0.010391 -0.051341 -0.006000 -0.006959 0.997757 0.066571 23.723499 0.051917 -0.066122 0.996460 -1.446200 0.000000 0.000000 0.000000 1.000000
0.998546 0.003064 -0.053828 -0.006000 0.000925 0.997264 0.073911 23.723499 0.053908 -0.073854 0.995811 -1.446200 0.000000 0.000000 0.000000 1.000000
0.998368 -0.008135 -0.056517 -0.006000 0.012808 0.996483 0.082816 23.723499 0.055645 -0.083405 0.994961 -1.446200 0.000000 0.000000 0.000000 1.000000
0.998088 -0.020588 -0.058281 -0.006000 0.025676 0.995796 0.087932 23.723499 0.056225 -0.089260 0.994420 -1.446200 0.000000 0.000000 0.000000 1.000000
0.997762 -0.029400 -0.060049 -0.006000 0.034432 0.995824 0.084556 23.723499 0.057312 -0.086434 0.994608 -1.446200 0.000000 0.000000 0.000000 1.000000
0.997260 -0.035107 -0.065108 -0.006000 0.040022 0.996321 0.075778 23.723499 0.062208 -0.078177 0.994997 -1.446200 0.000000 0.000000 0.000000 1.000000
0.996531 -0.041431 -0.072172 -0.006000 0.046301 0.996667 0.067158 23.723499 0.069149 -0.070267 0.995129 -1.446200 0.000000 0.000000 0.000000 1.000000
0.995979 -0.046304 -0.076695 -0.006000 0.050997 0.996870 0.060407 23.723499 0.073658 -0.064075 0.995223 -1.446200 0.000000 0.000000 0.000000 1.000000
0.995948 -0.046150 -0.077192 -0.006000 0.050526 0.997167 0.055723 23.723499 0.074402 -0.059397 0.995458 -1.446200 0.000000 0.000000 0.000000 1.000000
0.996193 -0.043178 -0.075726 -0.006000 0.047266 0.997473 0.053051 23.723499 0.073244 -0.056428 0.995716 -1.446200 0.000000 0.000000 0.000000 1.000000
0.996424 -0.040750 -0.074017 -0.006000 0.044725 0.997599 0.052870 23.723499 0.071685 -0.055991 0.995855 -1.446200 0.000000 0.000000 0.000000 1.000000</float_array><technique_common><accessor source="#Neck-Matrix-animation-output-transform-array" count="29" stride="16"><param type="float4x4"/></accessor></technique_common></source><source id="Neck-Interpolations"><Name_array id="Neck-Interpolations-array" count="29">
 LINEAR LINEAR LINEAR LINEAR LINEAR LINEAR LINEAR LINEAR LINEAR LINEAR LINEAR
LINEAR LINEAR LINEAR LINEAR LINEAR LINEAR LINEAR LINEAR LINEAR LINEAR LINEAR LINEAR
LINEAR LINEAR LINEAR LINEAR LINEAR LINEAR</Name_array><technique_common><accessor source="#Neck-Interpolations-array" count="29"><param type="name"/></accessor></technique_common></source><sampler id="Neck-Matrix-animation-transform"><input semantic="INPUT" source="#Neck-Matrix-animation-input"/><input semantic="OUTPUT" source="#Neck-Matrix-animation-output-transform"/><input semantic="INTERPOLATION" source="#Neck-Interpolations"/></sampler><channel source="#Neck-Matrix-animation-transform" target="Neck/matrix"/></animation>
    <animation id="Head-anim" name="Head"><source id="Head-Matrix-animation-input"><float_array id="Head-Matrix-animation-input-array" count="29">

0.000000 0.033333 0.066667 0.100000 0.133333 0.166667 0.200000 0.233333 0.266667 0.300000 0.333333 0.366667 0.400000 0.433333 0.466667 0.500000
0.533333 0.566667 0.600000 0.633333 0.666667 0.700000 0.733333 0.766667 0.800000 0.833333 0.866667 0.900000 0.933333</float_array><technique_common><accessor source="#Head-Matrix-animation-input-array" count="29"><param name="TIME" type="float"/></accessor></technique_common></source><source id="Head-Matrix-animation-output-transform"><float_array id="Head-Matrix-animation-output-transform-array" count="464">

0.937133 -0.091893 -0.336655 0.000000 0.147858 0.978392 0.144525 10.037100 0.316100 -0.185216 0.930471 3.529500 0.000000 0.000000 0.000000 1.000000
0.939731 -0.094860 -0.328491 0.000000 0.151266 0.976951 0.150614 10.037100 0.306633 -0.191227 0.932421 3.529500 0.000000 0.000000 0.000000 1.000000
0.942615 -0.098567 -0.319002 0.000000 0.156840 0.974174 0.162438 10.037100 0.294752 -0.203149 0.933730 3.529500 0.000000 0.000000 0.000000 1.000000
0.947756 -0.101990 -0.302253 0.000000 0.158371 0.972932 0.168294 10.037100 0.276907 -0.207370 0.938254 3.529500 0.000000 0.000000 0.000000 1.000000
0.954561 -0.105333 -0.278781 0.000000 0.155488 0.974068 0.164363 10.037100 0.254239 -0.200241 0.946185 3.529500 0.000000 0.000000 0.000000 1.000000
0.958625 -0.114126 -0.260795 0.000000 0.159502 0.974145 0.159999 10.037100 0.235792 -0.194976 0.952043 3.529500 0.000000 0.000000 0.000000 1.000000
0.959018 -0.130151 -0.251685 0.000000 0.173878 0.971669 0.160078 10.037100 0.223720 -0.197280 0.954479 3.529500 0.000000 0.000000 0.000000 1.000000
0.959944 -0.138759 -0.243419 -0.000000 0.180671 0.970569 0.159230 10.037100 0.214160 -0.196831 0.956762 3.529500 0.000000 0.000000 0.000000 1.000000
0.963636 -0.128020 -0.234558 0.000000 0.166949 0.973804 0.154382 10.037100 0.208649 -0.187927 0.959765 3.529500 0.000000 0.000000 0.000000 1.000000
0.966287 -0.110049 -0.232762 -0.000000 0.147299 0.977773 0.149209 10.037100 0.211168 -0.178465 0.961019 3.529500 0.000000 0.000000 0.000000 1.000000
0.965839 -0.098547 -0.239674 0.000000 0.136024 0.980007 0.145200 10.037100 0.220573 -0.172841 0.959934 3.529500 0.000000 0.000000 0.000000 1.000000
0.964090 -0.095495 -0.247814 -0.000000 0.133208 0.981128 0.140153 10.037100 0.229753 -0.168131 0.958616 3.529500 0.000000 0.000000 0.000000 1.000000
0.962529 -0.098940 -0.252487 0.000000 0.135952 0.981666 0.133600 10.037100 0.234639 -0.162920 0.958333 3.529500 0.000000 0.000000 0.000000 1.000000
0.961322 -0.100620 -0.256388 0.000000 0.137634 0.981817 0.130738 10.037100 0.238572 -0.160969 0.957691 3.529500 0.000000 0.000000 0.000000 1.000000
0.960133 -0.094187 -0.263199 0.000000 0.133436 0.981759 0.135439 10.037100 0.245641 -0.165160 0.955187 3.529500 0.000000 0.000000 0.000000 1.000000
0.958487 -0.084429 -0.272348 -0.000000 0.126635 0.981834 0.141298 10.037100 0.255471 -0.169921 0.951767 3.529500 0.000000 0.000000 0.000000 1.000000
0.956037 -0.076148 -0.283187 0.000000 0.120665 0.982306 0.143227 10.037100 0.267270 -0.171101 0.948310 3.529500 0.000000 0.000000 0.000000 1.000000
0.952942 -0.069746 -0.295021 0.000000 0.117487 0.982087 0.147317 10.037100 0.279461 -0.175046 0.944066 3.529500 0.000000 0.000000 0.000000 1.000000
0.950677 -0.066535 -0.302963 0.000000 0.119164 0.980112 0.158684 10.037100 0.286380 -0.186960 0.939698 3.529500 0.000000 0.000000 0.000000 1.000000
0.949442 -0.068581 -0.306360 0.000000 0.126694 0.976556 0.174031 10.037100 0.287243 -0.204046 0.935872 3.529500 0.000000 0.000000 0.000000 1.000000
0.948671 -0.075539 -0.307111 -0.000000 0.139809 0.971189 0.192990 10.037100 0.283684 -0.226021 0.931900 3.529500 0.000000 0.000000 0.000000 1.000000
0.949692 -0.081443 -0.302410 0.000000 0.150459 0.965514 0.212475 10.037100 0.274676 -0.247286 0.929194 3.529500 0.000000 0.000000 0.000000 1.000000
0.950643 -0.078968 -0.300071 0.000000 0.147618 0.965722 0.213518 10.037100 0.272924 -0.247275 0.929714 3.529500 0.000000 0.000000 0.000000 1.000000
0.946575 -0.073379 -0.314023 0.000000 0.139751 0.970920 0.194380 10.037100 0.290628 -0.227881 0.929304 3.529500 0.000000 0.000000 0.000000 1.000000
0.938183 -0.076150 -0.337661 -0.000000 0.143062 0.973589 0.177929 10.037100 0.315193 -0.215236 0.924298 3.529500 0.000000 0.000000 0.000000 1.000000
0.931871 -0.085024 -0.352686 0.000000 0.152857 0.973664 0.169154 10.037100 0.329016 -0.211540 0.920326 3.529500 0.000000 0.000000 0.000000 1.000000
0.931348 -0.089990 -0.352834 -0.000000 0.154530 0.975076 0.159209 10.037100 0.329713 -0.202803 0.922041 3.529500 0.000000 0.000000 0.000000 1.000000
0.934087 -0.090663 -0.345343 0.000000 0.149905 0.977430 0.148857 10.037100 0.324053 -0.190814 0.926596 3.529500 0.000000 0.000000 0.000000 1.000000
0.937133 -0.091893 -0.336655 0.000000 0.147858 0.978392 0.144525 10.037100 0.316100 -0.185216 0.930471 3.529500 0.000000 0.000000 0.000000 1.000000</float_array><technique_common><accessor source="#Head-Matrix-animation-output-transform-array" count="29" stride="16"><param type="float4x4"/></accessor></technique_common></source><source id="Head-Interpolations"><Name_array id="Head-Interpolations-array" count="29">
 LINEAR LINEAR LINEAR LINEAR LINEAR LINEAR LINEAR LINEAR LINEAR LINEAR LINEAR
LINEAR LINEAR LINEAR LINEAR LINEAR LINEAR LINEAR LINEAR LINEAR LINEAR LINEAR LINEAR
LINEAR LINEAR LINEAR LINEAR LINEAR LINEAR</Name_array><technique_common><accessor source="#Head-Interpolations-array" count="29"><param type="name"/></accessor></technique_common></source><sampler id="Head-Matrix-animation-transform"><input semantic="INPUT" source="#Head-Matrix-animation-input"/><input semantic="OUTPUT" source="#Head-Matrix-animation-output-transform"/><input semantic="INTERPOLATION" source="#Head-Interpolations"/></sampler><channel source="#Head-Matrix-animation-transform" target="Head/matrix"/></animation>
    <animation id="LeftShoulder-anim" name="LeftShoulder"><source id="LeftShoulder-Matrix-animation-input"><float_array id="LeftShoulder-Matrix-animation-input-array" count="29">

0.000000 0.033333 0.066667 0.100000 0.133333 0.166667 0.200000 0.233333 0.266667 0.300000 0.333333 0.366667 0.400000 0.433333 0.466667 0.500000
0.533333 0.566667 0.600000 0.633333 0.666667 0.700000 0.733333 0.766667 0.800000 0.833333 0.866667 0.900000 0.933333</float_array><technique_common><accessor source="#LeftShoulder-Matrix-animation-input-array" count="29"><param name="TIME" type="float"/></accessor></technique_common></source><source id="LeftShoulder-Matrix-animation-output-transform"><float_array id="LeftShoulder-Matrix-animation-output-transform-array" count="464">

0.977479 0.211033 -0.000979 11.304900 -0.210632 0.975317 -0.066261 19.886000 -0.013029 0.064975 0.997802 -3.966000 0.000000 0.000000 0.000000 1.000000
0.977287 0.211054 0.019130 11.304900 -0.209318 0.975450 -0.068429 19.886000 -0.033103 0.062870 0.997473 -3.966000 0.000000 0.000000 0.000000 1.000000
0.976910 0.210757 0.035060 11.304900 -0.207961 0.975619 -0.070141 19.886000 -0.048988 0.061230 0.996921 -3.966000 0.000000 0.000000 0.000000 1.000000
0.977861 0.204444 0.044626 11.304900 -0.201052 0.977036 -0.070557 19.886000 -0.058026 0.060023 0.996509 -3.966000 0.000000 0.000000 0.000000 1.000000
0.978689 0.201026 0.041919 11.304900 -0.197835 0.977737 -0.069948 19.886000 -0.055047 0.060164 0.996670 -3.966000 0.000000 0.000000 0.000000 1.000000
0.976195 0.214177 0.034224 11.304900 -0.211416 0.974859 -0.070384 19.886000 -0.048438 0.061473 0.996933 -3.966000 0.000000 0.000000 0.000000 1.000000
0.971586 0.233736 0.037247 11.304900 -0.230652 0.970328 -0.072554 19.886000 -0.053101 0.061902 0.996669 -3.966000 0.000000 0.000000 0.000000 1.000000
0.965906 0.253921 0.050490 11.304900 -0.249780 0.965302 -0.076167 19.886000 -0.068078 0.060959 0.995816 -3.966000 0.000000 0.000000 0.000000 1.000000
0.958788 0.278395 0.056764 11.304900 -0.273608 0.958538 -0.079642 19.886000 -0.076582 0.060829 0.995206 -3.966000 0.000000 0.000000 0.000000 1.000000
0.956394 0.289505 0.038690 11.304900 -0.285938 0.955055 -0.078160 19.886000 -0.059579 0.063689 0.996190 -3.966000 0.000000 0.000000 0.000000 1.000000
0.959902 0.280320 0.002896 11.304900 -0.279392 0.957469 -0.072064 19.886000 -0.022974 0.068365 0.997396 -3.966000 0.000000 0.000000 0.000000 1.000000
0.962794 0.269036 -0.025463 11.304900 -0.270163 0.960459 -0.067311 19.886000 0.006347 0.071686 0.997407 -3.966000 0.000000 0.000000 0.000000 1.000000
0.964081 0.262166 -0.042619 11.304900 -0.264512 0.962225 -0.064472 19.886000 0.024106 0.073429 0.997009 -3.966000 0.000000 0.000000 0.000000 1.000000
0.965578 0.252404 -0.062858 11.304900 -0.256156 0.964697 -0.061181 19.886000 0.045197 0.075177 0.996145 -3.966000 0.000000 0.000000 0.000000 1.000000
0.967083 0.239032 -0.087257 11.304900 -0.244433 0.967963 -0.057450 19.886000 0.070729 0.076888 0.994528 -3.966000 0.000000 0.000000 0.000000 1.000000
0.967908 0.228666 -0.104239 11.304900 -0.235177 0.970395 -0.055008 19.886000 0.088575 0.077757 0.993030 -3.966000 0.000000 0.000000 0.000000 1.000000
0.968259 0.224191 -0.110509 11.304900 -0.231100 0.971424 -0.054115 19.886000 0.095220 0.077936 0.992401 -3.966000 0.000000 0.000000 0.000000 1.000000
0.968343 0.223958 -0.110244 11.304900 -0.230848 0.971482 -0.054145 19.886000 0.094974 0.077880 0.992429 -3.966000 0.000000 0.000000 0.000000 1.000000
