<?xml version="1.0" encoding="utf-8"?>
<COLLADA xmlns="http://www.collada.org/2005/11/COLLADASchema" version="1.4.1">
  <asset><contributor><author>Mixamo</author><authoring_tool>COLLADA Mixamo exporter</authoring_tool><comments></comments></contributor><created>2018-10-21T16:27:40Z</created><modified>2018-10-21T16:27:40Z</modified><revision></revision><title></title><unit meter="0.010000"/><up_axis>Y_UP</up_axis></asset>
  <library_animations>
    <animation id="Hips-anim" name="Hips"><source id="Hips-Matrix-animation-input"><float_array id="Hips-Matrix-animation-input-array" count="46">

0.000000 0.033333 0.066667 0.100000 0.133333 0.166667 0.200000 0.233333 0.266667 0.300000 0.333333 0.366667 0.400000 0.433333 0.466667 0.500000
0.533333 0.566667 0.600000 0.633333 0.666667 0.700000 0.733333 0.766667 0.800000 0.833333 0.866667 0.900000 0.933333 0.966667 1.000000 1.033333
1.066667 1.100000 1.133333 1.166667 1.200000 1.233333 1.266667 1.300000 1.333333 1.366667 1.400000 1.433333 1.466667 1.500000</float_array><technique_common><accessor source="#Hips-Matrix-animation-input-array" count="46"><param name="TIME" type="float"/></accessor></technique_common></source><source id="Hips-Matrix-animation-output-transform"><float_array id="Hips-Matrix-animation-output-transform-array" count="736">

0.779550 0.051751 -0.624198 1.290098 -0.011077 0.997564 0.068873 104.543579 0.626242 -0.046776 0.778225 -1.281180 0.000000 0.000000 0.000000 1.000000
0.779331 0.051397 -0.624501 1.184574 -0.010817 0.997585 0.068603 104.546364 0.626519 -0.046709 0.778006 -1.227870 0.000000 0.000000 0.000000 1.000000
0.779152 0.051056 -0.624752 1.078323 -0.010514 0.997602 0.068414 104.551926 0.626746 -0.046737 0.777820 -1.176480 0.000000 0.000000 0.000000 1.000000
0.778937 0.050667 -0.625052 0.974976 -0.010042 0.997611 0.068352 104.551651 0.627022 -0.046965 0.777585 -1.127993 0.000000 0.000000 0.000000 1.000000
0.778454 0.049858 -0.625719 0.887201 -0.009119 0.997634 0.068148 104.543869 0.627636 -0.047344 0.777066 -1.079859 0.000000 0.000000 0.000000 1.000000
0.777238 0.048209 -0.627357 0.821148 -0.007845 0.997725 0.066950 104.547112 0.629158 -0.047114 0.775848 -1.036065 0.000000 0.000000 0.000000 1.000000
0.774475 0.045936 -0.630934 0.752339 -0.007185 0.997935 0.063836 104.527016 0.632563 -0.044906 0.773206 -1.005378 0.000000 0.000000 0.000000 1.000000
0.769339 0.043920 -0.637330 0.668110 -0.008083 0.998223 0.059033 104.450584 0.638790 -0.040265 0.768327 -0.977263 0.000000 0.000000 0.000000 1.000000
0.762212 0.042867 -0.645906 0.585347 -0.009900 0.998460 0.054583 104.466843 0.647252 -0.035209 0.761463 -0.987904 0.000000 0.000000 0.000000 1.000000
0.753011 0.045099 -0.656460 0.500642 -0.010447 0.998342 0.056603 105.466560 0.657925 -0.035765 0.752234 -1.081070 0.000000 0.000000 0.000000 1.000000
0.748357 0.047604 -0.661585 0.371099 -0.005797 0.997853 0.065241 106.761955 0.663270 -0.044988 0.747026 -1.373957 0.000000 0.000000 0.000000 1.000000
0.755234 0.047914 -0.653701 -0.020673 0.003947 0.996974 0.077635 107.691231 0.655443 -0.061213 0.752760 -1.725348 0.000000 0.000000 0.000000 1.000000
0.775674 0.047503 -0.629344 -0.640466 0.014548 0.995553 0.093075 108.149879 0.630966 -0.081351 0.771533 -1.949621 0.000000 0.000000 0.000000 1.000000
0.807524 0.046710 -0.587983 -1.231286 0.023704 0.993484 0.111478 108.362823 0.589359 -0.103958 0.801155 -2.105898 0.000000 0.000000 0.000000 1.000000
0.847395 0.046592 -0.528915 -1.718156 0.026332 0.991229 0.129505 108.075455 0.530310 -0.123669 0.838736 -2.228543 0.000000 0.000000 0.000000 1.000000
0.890757 0.046538 -0.452090 -2.196494 0.020772 0.989535 0.142790 107.257347 0.454004 -0.136582 0.880469 -2.277310 0.000000 0.000000 0.000000 1.000000
0.929651 0.045553 -0.365614 -2.714293 0.010870 0.988505 0.150799 106.067490 0.368281 -0.144165 0.918469 -2.145223 0.000000 0.000000 0.000000 1.000000
0.955940 0.045753 -0.289975 -3.190733 0.000510 0.987520 0.157493 104.784447 0.293562 -0.150702 0.943986 -1.826167 0.000000 0.000000 0.000000 1.000000
0.967988 0.051802 -0.245595 -3.545680 -0.009911 0.985597 0.168822 103.849113 0.250803 -0.160984 0.954559 -1.435079 0.000000 0.000000 0.000000 1.000000
0.969059 0.062528 -0.238778 -3.739498 -0.017510 0.982359 0.186184 103.527885 0.246208 -0.176242 0.953059 -1.020180 0.000000 0.000000 0.000000 1.000000
0.961380 0.070129 -0.266139 -3.751390 -0.014891 0.978829 0.204137 103.725487 0.274821 -0.192290 0.942071 -0.590608 0.000000 0.000000 0.000000 1.000000
0.943907 0.072353 -0.322187 -3.535525 -0.001167 0.976425 0.215853 104.185486 0.330209 -0.203369 0.921739 -0.122553 0.000000 0.000000 0.000000 1.000000
0.914545 0.075693 -0.397339 -3.057632 0.013290 0.976180 0.216553 104.746170 0.404267 -0.203328 0.891755 0.407148 0.000000 0.000000 0.000000 1.000000
0.874261 0.083076 -0.478294 -2.377356 0.020241 0.978154 0.206896 105.291458 0.485034 -0.190562 0.853480 0.908846 0.000000 0.000000 0.000000 1.000000
0.828238 0.091743 -0.552816 -1.598022 0.021040 0.980721 0.194279 105.650337 0.559982 -0.172541 0.810339 1.242418 0.000000 0.000000 0.000000 1.000000
0.788932 0.100640 -0.606182 -0.795525 0.015521 0.982918 0.183387 105.819824 0.614284 -0.154089 0.773894 1.475308 0.000000 0.000000 0.000000 1.000000
0.770982 0.107542 -0.627712 -0.059446 0.001826 0.985262 0.171041 105.978394 0.636855 -0.133016 0.759423 1.555545 0.000000 0.000000 0.000000 1.000000
0.770378 0.108284 -0.628325 0.604474 -0.014077 0.988121 0.153030 106.075729 0.637432 -0.109046 0.762751 1.317118 0.000000 0.000000 0.000000 1.000000
0.764632 0.100504 -0.636583 1.285754 -0.020647 0.991078 0.131672 105.924950 0.644137 -0.087537 0.759885 0.617494 0.000000 0.000000 0.000000 1.000000
0.739165 0.090322 -0.667441 2.233360 -0.018973 0.993366 0.113416 105.320312 0.673257 -0.071170 0.735975 -0.476988 0.000000 0.000000 0.000000 1.000000
0.700849 0.085902 -0.708118 3.487916 -0.020243 0.994717 0.100635 104.338921 0.713022 -0.056195 0.698886 -1.694445 0.000000 0.000000 0.000000 1.000000
0.666757 0.085995 -0.740298 4.842366 -0.029011 0.995563 0.089518 103.198723 0.744711 -0.038210 0.666293 -2.798494 0.000000 0.000000 0.000000 1.000000
0.645320 0.085005 -0.759168 6.064785 -0.040550 0.996200 0.077077 102.075111 0.762835 -0.018955 0.646315 -3.579148 0.000000 0.000000 0.000000 1.000000
0.631529 0.081618 -0.771045 7.017615 -0.048385 0.996654 0.065869 101.182663 0.773841 -0.004291 0.633365 -3.977618 0.000000 0.000000 0.000000 1.000000
0.617724 0.077162 -0.782600 7.706448 -0.050057 0.997014 0.058792 100.603134 0.784800 0.002857 0.619742 -4.057129 0.000000 0.000000 0.000000 1.000000
0.602399 0.072712 -0.794876 8.180903 -0.047439 0.997343 0.055281 100.289566 0.796784 0.004407 0.604248 -3.897711 0.000000 0.000000 0.000000 1.000000
0.588299 0.068785 -0.805713 8.479135 -0.043509 0.997625 0.053401 100.167007 0.807472 0.003640 0.589894 -3.590287 0.000000 0.000000 0.000000 1.000000
0.577304 0.065537 -0.813895 8.637052 -0.039642 0.997848 0.052231 100.149078 0.815567 0.002111 0.578659 -3.223961 0.000000 0.000000 0.000000 1.000000
0.569077 0.063008 -0.819867 8.677029 -0.035697 0.998013 0.051921 100.226807 0.821509 -0.000280 0.570195 -2.866756 0.000000 0.000000 0.000000 1.000000
0.562517 0.061531 -0.824493 8.606970 -0.031914 0.998100 0.052713 100.354156 0.826169 -0.003339 0.563412 -2.555409 0.000000 0.000000 0.000000 1.000000
0.557418 0.061597 -0.827944 8.439742 -0.029203 0.998082 0.054594 100.487366 0.829718 -0.006253 0.558148 -2.308549 0.000000 0.000000 0.000000 1.000000
0.554663 0.063118 -0.829678 8.201087 -0.028057 0.997970 0.057164 100.582077 0.831602 -0.008429 0.555308 -2.133573 0.000000 0.000000 0.000000 1.000000
0.554729 0.065212 -0.829471 7.921268 -0.028139 0.997824 0.059629 100.621918 0.831555 -0.009738 0.555357 -2.027482 0.000000 0.000000 0.000000 1.000000
0.556732 0.066964 -0.827989 7.623575 -0.028848 0.997703 0.061292 100.618111 0.830191 -0.010237 0.557385 -1.984809 0.000000 0.000000 0.000000 1.000000
0.559370 0.068134 -0.826113 7.316359 -0.029839 0.997625 0.062075 100.594139 0.828381 -0.010073 0.560074 -1.994815 0.000000 0.000000 0.000000 1.000000
0.562101 0.068862 -0.824197 6.999845 -0.030808 0.997580 0.062338 100.570969 0.826494 -0.009648 0.562862 -2.035712 0.000000 0.000000 0.000000 1.000000</float_array><technique_common><accessor source="#Hips-Matrix-animation-output-transform-array" count="46" stride="16"><param type="float4x4"/></accessor></technique_common></source><source id="Hips-Interpolations"><Name_array id="Hips-Interpolations-array" count="46">
 LINEAR LINEAR LINEAR LINEAR LINEAR LINEAR LINEAR LINEAR LINEAR LINEAR LINEAR
LINEAR LINEAR LINEAR LINEAR LINEAR LINEAR LINEAR LINEAR LINEAR LINEAR LINEAR LINEAR
LINEAR LINEAR LINEAR LINEAR LINEAR LINEAR LINEAR LINEAR LINEAR LINEAR LINEAR LINEAR
LINEAR LINEAR LINEAR LINEAR LINEAR LINEAR LINEAR LINEAR LINEAR LINEAR LINEAR</Name_array><technique_common><accessor source="#Hips-Interpolations-array" count="46"><param type="name"/></accessor></technique_common></source><sampler id="Hips-Matrix-animation-transform"><input semantic="INPUT" source="#Hips-Matrix-animation-input"/><input semantic="OUTPUT" source="#Hips-Matrix-animation-output-transform"/><input semantic="INTERPOLATION" source="#Hips-Interpolations"/></sampler><channel source="#Hips-Matrix-animation-transform" target="Hips/matrix"/></animation>
    <animation id="Spine-anim" name="Spine"><source id="Spine-Matrix-animation-input"><float_array id="Spine-Matrix-animation-input-array" count="46">

0.000000 0.033333 0.066667 0.100000 0.133333 0.166667 0.200000 0.233333 0.266667 0.300000 0.333333 0.366667 0.400000 0.433333 0.466667 0.500000
0.533333 0.566667 0.600000 0.633333 0.666667 0.700000 0.733333 0.766667 0.800000 0.833333 0.866667 0.900000 0.933333 0.966667 1.000000 1.033333
1.066667 1.100000 1.133333 1.166667 1.200000 1.233333 1.266667 1.300000 1.333333 1.366667 1.400000 1.433333 1.466667 1.500000</float_array><technique_common><accessor source="#Spine-Matrix-animation-input-array" count="46"><param name="TIME" type="float"/></accessor></technique_common></source><source id="Spine-Matrix-animation-output-transform"><float_array id="Spine-Matrix-animation-output-transform-array" count="736">

0.999954 -0.008421 0.004682 -0.000000 0.008475 0.999897 -0.011576 13.214800 -0.004584 0.011615 0.999922 0.000000 0.000000 0.000000 0.000000 1.000000
0.999954 -0.008494 0.004561 -0.000000 0.008541 0.999909 -0.010402 13.214800 -0.004473 0.010441 0.999935 -0.000000 0.000000 0.000000 0.000000 1.000000
0.999954 -0.008541 0.004411 0.000000 0.008581 0.999921 -0.009185 13.214800 -0.004333 0.009222 0.999948 0.000000 0.000000 0.000000 0.000000 1.000000
0.999954 -0.008595 0.004345 0.000000 0.008630 0.999931 -0.008001 13.214800 -0.004276 0.008038 0.999959 -0.000000 0.000000 0.000000 0.000000 1.000000
0.999953 -0.008729 0.004329 -0.000000 0.008760 0.999936 -0.007127 13.214800 -0.004267 0.007164 0.999965 0.000000 0.000000 0.000000 0.000000 1.000000
0.999949 -0.009277 0.004109 0.000000 0.009305 0.999934 -0.006746 13.214800 -0.004046 0.006784 0.999969 0.000000 0.000000 0.000000 0.000000 1.000000
0.999943 -0.009833 0.004175 -0.000000 0.009861 0.999928 -0.006829 13.214800 -0.004107 0.006870 0.999968 0.000000 0.000000 0.000000 0.000000 1.000000
0.999949 -0.009168 0.004127 -0.000000 0.009200 0.999927 -0.007853 13.214800 -0.004054 0.007891 0.999961 0.000000 0.000000 0.000000 0.000000 1.000000
0.999978 -0.005849 0.003132 0.000000 0.005876 0.999944 -0.008856 13.214800 -0.003080 0.008874 0.999956 0.000000 0.000000 0.000000 0.000000 1.000000
0.999997 -0.001619 -0.001960 0.000000 0.001624 0.999995 0.002583 13.214800 0.001956 -0.002586 0.999995 0.000000 0.000000 0.000000 0.000000 1.000000
0.999936 -0.004959 -0.010147 0.000000 0.005185 0.999736 0.022373 13.214800 0.010033 -0.022424 0.999698 0.000000 0.000000 0.000000 0.000000 1.000000
0.999850 -0.013852 -0.010426 0.000000 0.014225 0.999229 0.036590 13.214800 0.009911 -0.036733 0.999276 0.000000 0.000000 0.000000 0.000000 1.000000
0.999784 -0.020730 0.001711 -0.000000 0.020652 0.999094 0.037199 13.214800 -0.002481 -0.037155 0.999306 0.000000 0.000000 0.000000 0.000000 1.000000
0.999559 -0.017830 0.023739 -0.000000 0.017204 0.999505 0.026328 13.214800 -0.024197 -0.025908 0.999371 0.000000 0.000000 0.000000 0.000000 1.000000
0.998709 -0.011116 0.049571 0.000000 0.010551 0.999876 0.011662 13.214800 -0.049694 -0.011124 0.998703 0.000000 0.000000 0.000000 0.000000 1.000000
0.997338 -0.008035 0.072478 -0.000000 0.008053 0.999968 0.000048 13.214800 -0.072476 0.000536 0.997370 0.000000 0.000000 0.000000 0.000000 1.000000
0.995964 -0.008617 0.089338 0.000000 0.009237 0.999936 -0.006528 13.214800 -0.089276 0.007327 0.995980 0.000000 0.000000 0.000000 0.000000 1.000000
0.994742 -0.008914 0.102022 -0.000000 0.009974 0.999901 -0.009880 13.214800 -0.101924 0.010845 0.994733 0.000000 0.000000 0.000000 0.000000 1.000000
0.993680 -0.010523 0.111757 0.000000 0.011733 0.999879 -0.010183 13.214800 -0.111636 0.011430 0.993683 -0.000000 0.000000 0.000000 0.000000 1.000000
0.993058 -0.015764 0.116562 -0.000000 0.016336 0.999859 -0.003951 13.214800 -0.116483 0.005827 0.993176 0.000000 0.000000 0.000000 0.000000 1.000000
0.993172 -0.019881 0.114950 0.000000 0.019090 0.999786 0.007977 13.214800 -0.115084 -0.005728 0.993339 -0.000000 0.000000 0.000000 0.000000 1.000000
0.993822 -0.018778 0.109383 0.000000 0.016485 0.999626 0.021827 13.214800 -0.109752 -0.019889 0.993760 0.000000 0.000000 0.000000 0.000000 1.000000
0.994548 -0.013635 0.103382 0.000000 0.010184 0.999376 0.033828 13.214800 -0.103779 -0.032591 0.994066 0.000000 0.000000 0.000000 0.000000 1.000000
0.995309 -0.011417 0.096069 0.000000 0.006983 0.998900 0.046372 13.214800 -0.096493 -0.045484 0.994294 0.000000 0.000000 0.000000 0.000000 1.000000
0.996354 -0.012634 0.084370 0.000000 0.007997 0.998450 0.055078 13.214800 -0.084935 -0.054202 0.994911 0.000000 0.000000 0.000000 0.000000 1.000000
0.997413 -0.012785 0.070743 0.000000 0.008560 0.998180 0.059700 13.214800 -0.071378 -0.058940 0.995706 0.000000 0.000000 0.000000 0.000000 1.000000
0.998431 -0.011060 0.054891 0.000000 0.007449 0.997821 0.065550 13.214800 -0.055496 -0.065038 0.996338 0.000000 0.000000 0.000000 0.000000 1.000000
0.999308 -0.013513 0.034654 0.000000 0.011244 0.997831 0.064854 13.214800 -0.035455 -0.064420 0.997293 0.000000 0.000000 0.000000 0.000000 1.000000
0.999765 -0.012289 0.017850 0.000000 0.011241 0.998274 0.057642 13.214800 -0.018527 -0.057428 0.998178 0.000000 0.000000 0.000000 0.000000 1.000000
0.999929 -0.006598 0.009958 0.000000 0.006159 0.999035 0.043497 13.214800 -0.010235 -0.043432 0.999004 0.000000 0.000000 0.000000 0.000000 1.000000
0.999966 -0.002747 0.007837 -0.000000 0.002568 0.999738 0.022756 13.214800 -0.007898 -0.022736 0.999710 0.000000 0.000000 0.000000 0.000000 1.000000
0.999975 -0.003743 0.006060 0.000000 0.003737 0.999993 0.001005 13.214800 -0.006063 -0.000982 0.999981 -0.000000 0.000000 0.000000 0.000000 1.000000
0.999967 -0.007786 0.002326 -0.000000 0.007820 0.999857 -0.015021 13.214800 -0.002208 0.015039 0.999884 0.000000 0.000000 0.000000 0.000000 1.000000
0.999958 -0.008931 -0.001842 0.000000 0.008880 0.999630 -0.025722 13.214800 0.002071 0.025705 0.999667 -0.000000 0.000000 0.000000 0.000000 1.000000
0.999966 -0.006934 -0.004466 -0.000000 0.006790 0.999483 -0.031411 13.214800 0.004681 0.031379 0.999497 0.000000 0.000000 0.000000 0.000000 1.000000
0.999980 -0.003095 -0.005488 0.000000 0.002914 0.999457 -0.032822 13.214800 0.005586 0.032805 0.999446 -0.000000 0.000000 0.000000 0.000000 1.000000
0.999982 0.001064 -0.005905 -0.000000 -0.001247 0.999513 -0.031170 13.214800 0.005869 0.031177 0.999497 0.000000 0.000000 0.000000 0.000000 1.000000
0.999969 0.004820 -0.006260 0.000000 -0.004993 0.999600 -0.027839 13.214800 0.006123 0.027870 0.999593 -0.000000 0.000000 0.000000 0.000000 1.000000
0.999946 0.008224 -0.006394 0.000000 -0.008375 0.999679 -0.023904 13.214800 0.006195 0.023956 0.999694 -0.000000 0.000000 0.000000 0.000000 1.000000
0.999920 0.011114 -0.006037 0.000000 -0.011237 0.999723 -0.020693 13.214800 0.005806 0.020760 0.999768 0.000000 0.000000 0.000000 0.000000 1.000000
0.999901 0.012945 -0.005534 -0.000000 -0.013038 0.999767 -0.017226 13.214800 0.005310 0.017296 0.999836 0.000000 0.000000 0.000000 0.000000 1.000000
0.999896 0.013492 -0.005095 0.000000 -0.013563 0.999807 -0.014217 13.214800 0.004902 0.014285 0.999886 0.000000 0.000000 0.000000 0.000000 1.000000
0.999900 0.013276 -0.004775 -0.000000 -0.013332 0.999841 -0.011877 13.214800 0.004616 0.011940 0.999918 0.000000 0.000000 0.000000 0.000000 1.000000
0.999908 0.012822 -0.004512 0.000000 -0.012865 0.999869 -0.009826 13.214800 0.004385 0.009883 0.999942 -0.000000 0.000000 0.000000 0.000000 1.000000
0.999912 0.012546 -0.004260 0.000000 -0.012579 0.999891 -0.007790 13.214800 0.004161 0.007843 0.999961 -0.000000 0.000000 0.000000 0.000000 1.000000
0.999911 0.012704 -0.004070 0.000000 -0.012727 0.999904 -0.005542 13.214800 0.003999 0.005593 0.999976 0.000000 0.000000 0.000000 0.000000 1.000000</float_array><technique_common><accessor source="#Spine-Matrix-animation-output-transform-array" count="46" stride="16"><param type="float4x4"/></accessor></technique_common></source><source id="Spine-Interpolations"><Name_array id="Spine-Interpolations-array" count="46">
 LINEAR LINEAR LINEAR LINEAR LINEAR LINEAR LINEAR LINEAR LINEAR LINEAR LINEAR
LINEAR LINEAR LINEAR LINEAR LINEAR LINEAR LINEAR LINEAR LINEAR LINEAR LINEAR LINEAR
LINEAR LINEAR LINEAR LINEAR LINEAR LINEAR LINEAR LINEAR LINEAR LINEAR LINEAR LINEAR
LINEAR LINEAR LINEAR LINEAR LINEAR LINEAR LINEAR LINEAR LINEAR LINEAR LINEAR</Name_array><technique_common><accessor source="#Spine-Interpolations-array" count="46"><param type="name"/></accessor></technique_common></source><sampler id="Spine-Matrix-animation-transform"><input semantic="INPUT" source="#Spine-Matrix-animation-input"/><input semantic="OUTPUT" source="#Spine-Matrix-animation-output-transform"/><input semantic="INTERPOLATION" source="#Spine-Interpolations"/></sampler><channel source="#Spine-Matrix-animation-transform" target="Spine/matrix"/></animation>
    <animation id="Spine1-anim" name="Spine1"><source id="Spine1-Matrix-animation-input"><float_array id="Spine1-Matrix-animation-input-array" count="46">

0.000000 0.033333 0.066667 0.100000 0.133333 0.166667 0.200000 0.233333 0.266667 0.300000 0.333333 0.366667 0.400000 0.433333 0.466667 0.500000
0.533333 0.566667 0.600000 0.633333 0.666667 0.700000 0.733333 0.766667 0.800000 0.833333 0.866667 0.900000 0.933333 0.966667 1.000000 1.033333
1.066667 1.100000 1.133333 1.166667 1.200000 1.233333 1.266667 1.300000 1.333333 1.366667 1.400000 1.433333 1.466667 1.500000</float_array><technique_common><accessor source="#Spine1-Matrix-animation-input-array" count="46"><param name="TIME" type="float"/></accessor></technique_common></source><source id="Spine1-Matrix-animation-output-transform"><float_array id="Spine1-Matrix-animation-output-transform-array" count="736">

0.999844 -0.008965 0.015215 -0.007800 0.012886 0.959498 -0.281422 9.224200 -0.012076 0.281574 0.959464 -0.000000 0.000000 0.000000 0.000000 1.000000
0.999845 -0.009102 0.015066 -0.007800 0.012925 0.960680 -0.277357 9.224200 -0.011949 0.277509 0.960649 0.000000 0.000000 0.000000 0.000000 1.000000
0.999848 -0.009157 0.014837 -0.007800 0.012863 0.961867 -0.273216 9.224200 -0.011770 0.273366 0.961838 0.000000 0.000000 0.000000 0.000000 1.000000
0.999849 -0.009155 0.014757 -0.007800 0.012791 0.963013 -0.269153 9.224200 -0.011747 0.269301 0.962984 0.000000 0.000000 0.000000 0.000000 1.000000
0.999846 -0.009386 0.014845 -0.007800 0.012993 0.963988 -0.265628 9.224200 -0.011817 0.265780 0.963961 0.000000 0.000000 0.000000 0.000000 1.000000
0.999843 -0.009970 0.014669 -0.007800 0.013481 0.964620 -0.263298 9.224200 -0.011525 0.263454 0.964603 0.000000 0.000000 0.000000 0.000000 1.000000
0.999824 -0.010072 0.015805 -0.007800 0.013865 0.964918 -0.262186 9.224200 -0.012610 0.262359 0.964888 0.000000 0.000000 0.000000 0.000000 1.000000
0.999810 -0.009173 0.017199 -0.007800 0.013338 0.965397 -0.260444 9.224200 -0.014215 0.260624 0.965336 0.000000 0.000000 0.000000 0.000000 1.000000
0.999775 -0.012114 0.017405 -0.007800 0.016168 0.966549 -0.255973 9.224200 -0.013721 0.256197 0.966527 -0.000000 0.000000 0.000000 0.000000 1.000000
0.999790 -0.016180 0.012599 -0.007800 0.018736 0.970483 -0.240442 9.224200 -0.008337 0.240627 0.970582 -0.000000 0.000000 0.000000 0.000000 1.000000
0.999840 -0.017382 0.004326 -0.007800 0.017907 0.975891 -0.217523 9.224200 -0.000440 0.217565 0.976046 0.000000 0.000000 0.000000 0.000000 1.000000
0.999874 -0.015577 0.002987 -0.007800 0.015859 0.979576 -0.200448 9.224200 0.000197 0.200471 0.979700 0.000000 0.000000 0.000000 0.000000 1.000000
0.999795 -0.005531 0.019462 -0.007800 0.009302 0.979878 -0.199382 9.224200 -0.017967 0.199522 0.979729 -0.000000 0.000000 0.000000 0.000000 1.000000
0.998635 0.016196 0.049656 -0.007800 -0.005174 0.976707 -0.214513 9.224200 -0.051974 0.213963 0.975458 -0.000000 0.000000 0.000000 0.000000 1.000000
0.994859 0.044408 0.091012 -0.007800 -0.021734 0.971411 -0.236406 9.224200 -0.098908 0.233212 0.967383 0.000000 0.000000 0.000000 0.000000 1.000000
0.989240 0.068646 0.129195 -0.007800 -0.033932 0.966660 -0.253805 9.224200 -0.142311 0.246690 0.958588 -0.000000 0.000000 0.000000 0.000000 1.000000
0.983416 0.085775 0.159799 -0.007800 -0.041368 0.963954 -0.262832 9.224200 -0.176583 0.251863 0.951516 -0.000000 0.000000 0.000000 0.000000 1.000000
0.977993 0.096930 0.184753 -0.007800 -0.045121 0.962834 -0.266298 9.224200 -0.203699 0.252101 0.946019 -0.000000 0.000000 0.000000 0.000000 1.000000
0.973757 0.100515 0.204192 -0.007800 -0.043662 0.963027 -0.265844 9.224200 -0.223364 0.249952 0.942143 0.000000 0.000000 0.000000 0.000000 1.000000
0.971923 0.096035 0.214809 -0.007800 -0.038226 0.965236 -0.258571 9.224200 -0.232173 0.243100 0.941806 0.000000 0.000000 0.000000 0.000000 1.000000
0.972882 0.086973 0.214328 -0.007800 -0.033050 0.969376 -0.243346 9.224200 -0.228929 0.229663 0.945963 -0.000000 0.000000 0.000000 0.000000 1.000000
0.975538 0.077773 0.205612 -0.007800 -0.030723 0.974381 -0.222794 9.224200 -0.217672 0.211027 0.952936 -0.000000 0.000000 0.000000 0.000000 1.000000
0.978992 0.067530 0.192390 -0.007800 -0.028162 0.979302 -0.200435 9.224200 -0.201943 0.190806 0.960631 0.000000 0.000000 0.000000 0.000000 1.000000
0.982763 0.051440 0.177569 -0.007800 -0.019747 0.984223 -0.175828 9.224200 -0.183812 0.169291 0.968274 0.000000 0.000000 0.000000 0.000000 1.000000
0.987438 0.029668 0.155199 -0.007800 -0.005517 0.988089 -0.153787 9.224200 -0.157913 0.150999 0.975840 0.000000 0.000000 0.000000 0.000000 1.000000
0.991424 0.010821 0.130234 -0.007800 0.007362 0.990359 -0.138331 9.224200 -0.130475 0.138104 0.981786 0.000000 0.000000 0.000000 0.000000 1.000000
0.994595 -0.003854 0.103762 -0.007800 0.017647 0.991046 -0.132347 9.224200 -0.102323 0.133463 0.985757 0.000000 0.000000 0.000000 0.000000 1.000000
0.997300 -0.019148 0.070888 -0.007800 0.028644 0.990367 -0.135475 9.224200 -0.067611 0.137140 0.988242 0.000000 0.000000 0.000000 0.000000 1.000000
0.998775 -0.025137 0.042625 -0.007800 0.031087 0.988908 -0.145239 9.224200 -0.038501 0.146386 0.988478 0.000000 0.000000 0.000000 0.000000 1.000000
0.999386 -0.021941 0.027303 -0.007800 0.026074 0.986507 -0.161630 9.224200 -0.023388 0.162243 0.986474 0.000000 0.000000 0.000000 0.000000 1.000000
0.999674 -0.017839 0.018249 -0.007800 0.020864 0.983098 -0.181885 9.224200 -0.014695 0.182207 0.983150 -0.000000 0.000000 0.000000 0.000000 1.000000
0.999810 -0.016091 0.010983 -0.007800 0.017957 0.979820 -0.199073 9.224200 -0.007558 0.199232 0.979923 0.000000 0.000000 0.000000 0.000000 1.000000
0.999856 -0.016193 0.005123 -0.007800 0.016908 0.977540 -0.210070 9.224200 -0.001606 0.210127 0.977673 0.000000 0.000000 0.000000 0.000000 1.000000
0.999899 -0.014199 -0.000160 -0.007800 0.013822 0.975854 -0.217984 9.224200 0.003251 0.217960 0.975952 0.000000 0.000000 0.000000 0.000000 1.000000
0.999935 -0.010177 -0.005120 -0.007800 0.008775 0.974646 -0.223581 9.224200 0.007266 0.223521 0.974672 0.000000 0.000000 0.000000 0.000000 1.000000
0.999940 -0.005449 -0.009483 -0.007800 0.003157 0.973960 -0.226700 9.224200 0.010471 0.226656 0.973919 0.000000 0.000000 0.000000 0.000000 1.000000
0.999923 -0.000773 -0.012413 -0.007800 -0.002068 0.973828 -0.227276 9.224200 0.012264 0.227284 0.973751 0.000000 0.000000 0.000000 0.000000 1.000000
0.999886 0.004020 -0.014531 -0.007800 -0.007195 0.974193 -0.225603 9.224200 0.013249 0.225682 0.974111 0.000000 0.000000 0.000000 0.000000 1.000000
0.999834 0.008658 -0.016026 -0.007800 -0.012001 0.974990 -0.221925 9.224200 0.013704 0.222080 0.974932 -0.000000 0.000000 0.000000 0.000000 1.000000
0.999791 0.012652 -0.016079 -0.007800 -0.015825 0.976308 -0.215805 9.224200 0.012967 0.216015 0.976304 -0.000000 0.000000 0.000000 0.000000 1.000000
0.999763 0.015276 -0.015479 -0.007800 -0.018182 0.977624 -0.209574 9.224200 0.011931 0.209806 0.977670 -0.000000 0.000000 0.000000 0.000000 1.000000
0.999759 0.016429 -0.014589 -0.007800 -0.019058 0.978829 -0.203789 9.224200 0.010932 0.204017 0.978906 0.000000 0.000000 0.000000 0.000000 1.000000
0.999770 0.016576 -0.013622 -0.007800 -0.018954 0.979876 -0.198705 9.224200 0.010054 0.198917 0.979965 -0.000000 0.000000 0.000000 0.000000 1.000000
0.999788 0.016233 -0.012636 -0.007800 -0.018375 0.980884 -0.193725 9.224200 0.009250 0.193916 0.980974 -0.000000 0.000000 0.000000 0.000000 1.000000
0.999806 0.015812 -0.011728 -0.007800 -0.017741 0.981907 -0.188530 9.224200 0.008535 0.188702 0.981997 0.000000 0.000000 0.000000 0.000000 1.000000
0.999816 0.015628 -0.011110 -0.007800 -0.017399 0.982938 -0.183115 9.224200 0.008059 0.183275 0.983029 -0.000000 0.000000 0.000000 0.000000 1.000000</float_array><technique_common><accessor source="#Spine1-Matrix-animation-output-transform-array" count="46" stride="16"><param type="float4x4"/></accessor></technique_common></source><source id="Spine1-Interpolations"><Name_array id="Spine1-Interpolations-array" count="46">
 LINEAR LINEAR LINEAR LINEAR LINEAR LINEAR LINEAR LINEAR LINEAR LINEAR LINEAR
LINEAR LINEAR LINEAR LINEAR LINEAR LINEAR LINEAR LINEAR LINEAR LINEAR LINEAR LINEAR
LINEAR LINEAR LINEAR LINEAR LINEAR LINEAR LINEAR LINEAR LINEAR LINEAR LINEAR LINEAR
LINEAR LINEAR LINEAR LINEAR LINEAR LINEAR LINEAR LINEAR LINEAR LINEAR LINEAR</Name_array><technique_common><accessor source="#Spine1-Interpolations-array" count="46"><param type="name"/></accessor></technique_common></source><sampler id="Spine1-Matrix-animation-transform"><input semantic="INPUT" source="#Spine1-Matrix-animation-input"/><input semantic="OUTPUT" source="#Spine1-Matrix-animation-output-transform"/><input semantic="INTERPOLATION" source="#Spine1-Interpolations"/></sampler><channel source="#Spine1-Matrix-animation-transform" target="Spine1/matrix"/></animation>
    <animation id="Spine2-anim" name="Spine2"><source id="Spine2-Matrix-animation-input"><float_array id="Spine2-Matrix-animation-input-array" count="46">

0.000000 0.033333 0.066667 0.100000 0.133333 0.166667 0.200000 0.233333 0.266667 0.300000 0.333333 0.366667 0.400000 0.433333 0.466667 0.500000
0.533333 0.566667 0.600000 0.633333 0.666667 0.700000 0.733333 0.766667 0.800000 0.833333 0.866667 0.900000 0.933333 0.966667 1.000000 1.033333
1.066667 1.100000 1.133333 1.166667 1.200000 1.233333 1.266667 1.300000 1.333333 1.366667 1.400000 1.433333 1.466667 1.500000</float_array><technique_common><accessor source="#Spine2-Matrix-animation-input-array" count="46"><param name="TIME" type="float"/></accessor></technique_common></source><source id="Spine2-Matrix-animation-output-transform"><float_array id="Spine2-Matrix-animation-output-transform-array" count="736">

0.999844 -0.010397 0.014286 -0.005300 0.014274 0.951819 -0.306329 11.063000 -0.010413 0.306485 0.951819 0.000000 0.000000 0.000000 0.000000 1.000000
0.999845 -0.010426 0.014217 -0.005300 0.014275 0.951995 -0.305781 11.063000 -0.010346 0.305937 0.951996 0.000000 0.000000 0.000000 0.000000 1.000000
0.999847 -0.010378 0.014066 -0.005300 0.014176 0.952195 -0.305162 11.063000 -0.010227 0.305315 0.952197 -0.000000 0.000000 0.000000 0.000000 1.000000
0.999848 -0.010275 0.014064 -0.005300 0.014072 0.952369 -0.304623 11.063000 -0.010264 0.304775 0.952369 0.000000 0.000000 0.000000 0.000000 1.000000
0.999845 -0.010393 0.014236 -0.005300 0.014237 0.952367 -0.304622 11.063000 -0.010392 0.304778 0.952367 0.000000 0.000000 0.000000 0.000000 1.000000
0.999842 -0.010825 0.014119 -0.005300 0.014626 0.951976 -0.305823 11.063000 -0.010131 0.305981 0.951984 0.000000 0.000000 0.000000 0.000000 1.000000
0.999825 -0.010089 0.015735 -0.005300 0.014450 0.951186 -0.308281 11.063000 -0.011857 0.308455 0.951165 0.000000 0.000000 0.000000 0.000000 1.000000
0.999812 -0.008132 0.017621 -0.005300 0.013198 0.950598 -0.310145 11.063000 -0.014229 0.310319 0.950526 0.000000 0.000000 0.000000 0.000000 1.000000
0.999760 -0.010266 0.019343 -0.005300 0.015746 0.950865 -0.309206 11.063000 -0.015218 0.309436 0.950798 -0.000000 0.000000 0.000000 0.000000 1.000000
0.999798 -0.013032 0.015277 -0.005300 0.016986 0.954645 -0.297261 11.063000 -0.010710 0.297461 0.954674 -0.000000 0.000000 0.000000 0.000000 1.000000
0.999903 -0.012492 0.006150 -0.005300 0.013711 0.960338 -0.278502 11.063000 -0.002427 0.278559 0.960416 0.000000 0.000000 0.000000 0.000000 1.000000
0.999945 -0.009704 0.004074 -0.005300 0.010438 0.963928 -0.265957 11.063000 -0.001347 0.265984 0.963976 0.000000 0.000000 0.000000 0.000000 1.000000
0.999794 0.001236 0.020244 -0.005300 0.004252 0.963182 -0.268817 11.063000 -0.019831 0.268848 0.962979 -0.000000 0.000000 0.000000 0.000000 1.000000
0.998529 0.022927 0.049128 -0.005300 -0.007883 0.957951 -0.286824 11.063000 -0.053638 0.286015 0.956723 0.000000 0.000000 0.000000 0.000000 1.000000
0.994744 0.052514 0.087901 -0.005300 -0.022684 0.950158 -0.310941 11.063000 -0.099849 0.307313 0.946356 0.000000 0.000000 0.000000 0.000000 1.000000
0.989244 0.078559 0.123392 -0.005300 -0.033675 0.943198 -0.330519 11.063000 -0.142348 0.322809 0.935698 0.000000 0.000000 0.000000 0.000000 1.000000
0.983608 0.097761 0.151522 -0.005300 -0.040602 0.938777 -0.342124 11.063000 -0.175692 0.330363 0.927358 0.000000 0.000000 0.000000 0.000000 1.000000
0.978375 0.111223 0.174392 -0.005300 -0.044284 0.936207 -0.348649 11.063000 -0.202045 0.333386 0.920886 0.000000 0.000000 0.000000 0.000000 1.000000
0.974221 0.117186 0.192773 -0.005300 -0.042930 0.935187 -0.351542 11.063000 -0.221475 0.334204 0.916110 -0.000000 0.000000 0.000000 0.000000 1.000000
0.972299 0.115053 0.203462 -0.005300 -0.038036 0.936744 -0.347941 11.063000 -0.230624 0.330564 0.915172 0.000000 0.000000 0.000000 0.000000 1.000000
0.972923 0.108254 0.204212 -0.005300 -0.034028 0.940994 -0.336709 11.063000 -0.228613 0.320643 0.919198 0.000000 0.000000 0.000000 0.000000 1.000000
0.975339 0.100508 0.196498 -0.005300 -0.032971 0.946656 -0.320554 11.063000 -0.218234 0.306170 0.926625 0.000000 0.000000 0.000000 0.000000 1.000000
0.978651 0.090338 0.184610 -0.005300 -0.030826 0.952579 -0.302727 11.063000 -0.203203 0.290573 0.935027 0.000000 0.000000 0.000000 0.000000 1.000000
0.982235 0.074198 0.172366 -0.005300 -0.022867 0.958993 -0.282504 11.063000 -0.186259 0.273544 0.943653 -0.000000 0.000000 0.000000 0.000000 1.000000
0.986816 0.050732 0.153691 -0.005300 -0.008352 0.964299 -0.264683 11.063000 -0.161632 0.259910 0.952009 0.000000 0.000000 0.000000 0.000000 1.000000
0.990786 0.029462 0.132194 -0.005300 0.005043 0.967351 -0.253389 11.063000 -0.135344 0.251721 0.958290 -0.000000 0.000000 0.000000 0.000000 1.000000
0.993991 0.011780 0.108823 -0.005300 0.016015 0.967844 -0.251042 11.063000 -0.108281 0.251276 0.961840 0.000000 0.000000 0.000000 0.000000 1.000000
0.996808 -0.007792 0.079451 -0.005300 0.028055 0.965937 -0.257252 11.063000 -0.074740 0.258660 0.963073 0.000000 0.000000 0.000000 0.000000 1.000000
0.998439 -0.017605 0.053002 -0.005300 0.031320 0.962246 -0.270372 11.063000 -0.046241 0.271610 0.961296 -0.000000 0.000000 0.000000 0.000000 1.000000
0.999175 -0.016485 0.037103 -0.005300 0.026554 0.956645 -0.290045 11.063000 -0.030713 0.290791 0.956293 0.000000 0.000000 0.000000 0.000000 1.000000
0.999543 -0.014146 0.026715 -0.005300 0.021810 0.949408 -0.313289 11.063000 -0.020932 0.313728 0.949282 0.000000 0.000000 0.000000 0.000000 1.000000
0.999734 -0.013713 0.018546 -0.005300 0.019114 0.942592 -0.333398 11.063000 -0.012909 0.333664 0.942604 -0.000000 0.000000 0.000000 0.000000 1.000000
0.999822 -0.014495 0.012105 -0.005300 0.017798 0.937559 -0.347371 11.063000 -0.006314 0.347524 0.937650 -0.000000 0.000000 0.000000 0.000000 1.000000
0.999892 -0.013547 0.005716 -0.005300 0.014695 0.933478 -0.358333 11.063000 -0.000481 0.358378 0.933576 0.000000 0.000000 0.000000 0.000000 1.000000
0.999938 -0.011139 -0.000603 -0.005300 0.010140 0.930129 -0.367094 11.063000 0.004650 0.367065 0.930184 0.000000 0.000000 0.000000 0.000000 1.000000
0.999949 -0.007939 -0.006243 -0.005300 0.005032 0.927617 -0.373498 11.063000 0.008756 0.373448 0.927610 0.000000 0.000000 0.000000 0.000000 1.000000
0.999938 -0.004113 -0.010374 -0.005300 -0.000107 0.926024 -0.377465 11.063000 0.011159 0.377443 0.925966 0.000000 0.000000 0.000000 0.000000 1.000000
0.999906 0.000115 -0.013684 -0.005300 -0.005297 0.925263 -0.379289 11.063000 0.012618 0.379326 0.925177 0.000000 0.000000 0.000000 0.000000 1.000000
0.999859 0.004275 -0.016213 -0.005300 -0.010105 0.925252 -0.379219 11.063000 0.013380 0.379329 0.925165 0.000000 0.000000 0.000000 0.000000 1.000000
0.999820 0.008165 -0.017150 -0.005300 -0.014027 0.926176 -0.376830 11.063000 0.012807 0.377002 0.926124 0.000000 0.000000 0.000000 0.000000 1.000000
0.999793 0.010867 -0.017209 -0.005300 -0.016520 0.927152 -0.374322 11.063000 0.011887 0.374528 0.927139 0.000000 0.000000 0.000000 0.000000 1.000000
0.999786 0.012208 -0.016684 -0.005300 -0.017542 0.927975 -0.372229 11.063000 0.010938 0.372442 0.927991 0.000000 0.000000 0.000000 0.000000 1.000000
0.999795 0.012601 -0.015824 -0.005300 -0.017572 0.928544 -0.370806 11.063000 0.010021 0.371008 0.928576 0.000000 0.000000 0.000000 0.000000 1.000000
0.999812 0.012522 -0.014793 -0.005300 -0.017103 0.929078 -0.369488 11.063000 0.009117 0.369671 0.929118 0.000000 0.000000 0.000000 0.000000 1.000000
0.999828 0.012331 -0.013826 -0.005300 -0.016554 0.929691 -0.367969 11.063000 0.008316 0.368134 0.929735 0.000000 0.000000 0.000000 0.000000 1.000000
0.999837 0.012286 -0.013235 -0.005300 -0.016281 0.930379 -0.366239 11.063000 0.007814 0.366394 0.930427 0.000000 0.000000 0.000000 0.000000 1.000000</float_array><technique_common><accessor source="#Spine2-Matrix-animation-output-transform-array" count="46" stride="16"><param type="float4x4"/></accessor></technique_common></source><source id="Spine2-Interpolations"><Name_array id="Spine2-Interpolations-array" count="46">
 LINEAR LINEAR LINEAR LINEAR LINEAR LINEAR LINEAR LINEAR LINEAR LINEAR LINEAR
LINEAR LINEAR LINEAR LINEAR LINEAR LINEAR LINEAR LINEAR LINEAR LINEAR LINEAR LINEAR
LINEAR LINEAR LINEAR LINEAR LINEAR LINEAR LINEAR LINEAR LINEAR LINEAR LINEAR LINEAR
LINEAR LINEAR LINEAR LINEAR LINEAR LINEAR LINEAR LINEAR LINEAR LINEAR LINEAR</Name_array><technique_common><accessor source="#Spine2-Interpolations-array" count="46"><param type="name"/></accessor></technique_common></source><sampler id="Spine2-Matrix-animation-transform"><input semantic="INPUT" source="#Spine2-Matrix-animation-input"/><input semantic="OUTPUT" source="#Spine2-Matrix-animation-output-transform"/><input semantic="INTERPOLATION" source="#Spine2-Interpolations"/></sampler><channel source="#Spine2-Matrix-animation-transform" target="Spine2/matrix"/></animation>
    <animation id="Neck-anim" name="Neck"><source id="Neck-Matrix-animation-input"><float_array id="Neck-Matrix-animation-input-array" count="46">

0.000000 0.033333 0.066667 0.100000 0.133333 0.166667 0.200000 0.233333 0.266667 0.300000 0.333333 0.366667 0.400000 0.433333 0.466667 0.500000
0.533333 0.566667 0.600000 0.633333 0.666667 0.700000 0.733333 0.766667 0.800000 0.833333 0.866667 0.900000 0.933333 0.966667 1.000000 1.033333
1.066667 1.100000 1.133333 1.166667 1.200000 1.233333 1.266667 1.300000 1.333333 1.366667 1.400000 1.433333 1.466667 1.500000</float_array><technique_common><accessor source="#Neck-Matrix-animation-input-array" count="46"><param name="TIME" type="float"/></accessor></technique_common></source><source id="Neck-Matrix-animation-output-transform"><float_array id="Neck-Matrix-animation-output-transform-array" count="736">

0.962623 0.062731 0.263481 -0.006000 -0.104614 0.983429 0.148064 23.723499 -0.249826 -0.170094 0.953234 -1.446200 0.000000 0.000000 0.000000 1.000000
0.963254 0.061921 0.261358 -0.006000 -0.102956 0.983860 0.146354 23.723499 -0.248077 -0.167885 0.954082 -1.446200 0.000000 0.000000 0.000000 1.000000
0.963823 0.061171 0.259427 -0.006000 -0.101353 0.984307 0.144455 23.723499 -0.246520 -0.165523 0.954898 -1.446200 0.000000 0.000000 0.000000 1.000000
0.964318 0.060546 0.257729 -0.006000 -0.099976 0.984698 0.142743 23.723499 -0.245142 -0.163416 0.955615 -1.446200 0.000000 0.000000 0.000000 1.000000
0.964634 0.060373 0.256586 -0.006000 -0.099287 0.984944 0.141520 23.723499 -0.244179 -0.161990 0.956105 -1.446200 0.000000 0.000000 0.000000 1.000000
0.964587 0.060902 0.256638 -0.006000 -0.099621 0.985031 0.140678 23.723499 -0.244229 -0.161262 0.956215 -1.446200 0.000000 0.000000 0.000000 1.000000
0.964126 0.061470 0.258231 -0.006000 -0.100255 0.985089 0.139817 23.723499 -0.245786 -0.160691 0.955912 -1.446200 0.000000 0.000000 0.000000 1.000000
0.963660 0.060166 0.260268 -0.006000 -0.098911 0.985421 0.138425 23.723499 -0.248145 -0.159138 0.955562 -1.446200 0.000000 0.000000 0.000000 1.000000
0.963253 0.054655 0.262975 -0.006000 -0.092977 0.986397 0.135559 23.723499 -0.251989 -0.155028 0.955232 -1.446200 0.000000 0.000000 0.000000 1.000000
0.963012 0.043365 0.265946 -0.006000 -0.080189 0.988370 0.129211 23.723499 -0.257250 -0.145757 0.955289 -1.446200 0.000000 0.000000 0.000000 1.000000
0.962604 0.026476 0.269616 -0.006000 -0.061421 0.990626 0.122014 23.723499 -0.263858 -0.134011 0.955207 -1.446200 0.000000 0.000000 0.000000 1.000000
0.963582 0.010647 0.267199 -0.006000 -0.044271 0.991770 0.120133 23.723499 -0.263721 -0.127588 0.956124 -1.446200 0.000000 0.000000 0.000000 1.000000
0.967431 0.001831 0.253129 -0.006000 -0.036059 0.990773 0.130650 23.723499 -0.250554 -0.135522 0.958570 -1.446200 0.000000 0.000000 0.000000 1.000000
0.972475 -0.000623 0.233005 -0.006000 -0.036789 0.987042 0.156186 23.723499 -0.230083 -0.160459 0.959851 -1.446200 0.000000 0.000000 0.000000 1.000000
0.977593 0.004863 0.210446 -0.006000 -0.043802 0.982549 0.180770 23.723499 -0.205895 -0.185938 0.960747 -1.446200 0.000000 0.000000 0.000000 1.000000
0.982067 0.018282 0.187646 -0.006000 -0.054621 0.980192 0.190369 23.723499 -0.180448 -0.197205 0.963612 -1.446200 0.000000 0.000000 0.000000 1.000000
0.985558 0.036911 0.165264 -0.006000 -0.067840 0.980276 0.185624 23.723499 -0.155153 -0.194155 0.968624 -1.446200 0.000000 0.000000 0.000000 1.000000
0.988127 0.052232 0.144491 -0.006000 -0.077263 0.981804 0.173467 23.723499 -0.132801 -0.182571 0.974183 -1.446200 0.000000 0.000000 0.000000 1.000000
0.989837 0.059669 0.129080 -0.006000 -0.080500 0.983382 0.162726 23.723499 -0.117226 -0.171463 0.978192 -1.446200 0.000000 0.000000 0.000000 1.000000
0.990591 0.060400 0.122807 -0.006000 -0.079081 0.984988 0.153441 23.723499 -0.111696 -0.161708 0.980497 -1.446200 0.000000 0.000000 0.000000 1.000000
0.990292 0.057862 0.126386 -0.006000 -0.075545 0.987275 0.139934 23.723499 -0.116681 -0.148124 0.982062 -1.446200 0.000000 0.000000 0.000000 1.000000
0.989075 0.054664 0.136902 -0.006000 -0.071348 0.990196 0.120088 23.723499 -0.128995 -0.128543 0.983279 -1.446200 0.000000 0.000000 0.000000 1.000000
