<?xml version="1.0" encoding="utf-8"?>
<COLLADA xmlns="http://www.collada.org/2005/11/COLLADASchema" version="1.4.1">
  <asset><contributor><author>Mixamo</author><authoring_tool>COLLADA Mixamo exporter</authoring_tool><comments></comments></contributor><created>2018-10-30T12:33:15Z</created><modified>2018-10-30T12:33:15Z</modified><revision></revision><title></title><unit meter="0.010000"/><up_axis>Y_UP</up_axis></asset>
  <library_animations>
    <animation id="Zombie_Hips-anim" name="Zombie_Hips"><source id="Zombie_Hips-Matrix-animation-input"><float_array id="Zombie_Hips-Matrix-animation-input-array" count="184">

0.000000 0.033333 0.066667 0.100000 0.133333 0.166667 0.200000 0.233333 0.266667 0.300000 0.333333 0.366667 0.400000 0.433333 0.466667 0.500000
0.533333 0.566667 0.600000 0.633333 0.666667 0.700000 0.733333 0.766667 0.800000 0.833333 0.866667 0.900000 0.933333 0.966667 1.000000 1.033333
1.066667 1.100000 1.133333 1.166667 1.200000 1.233333 1.266667 1.300000 1.333333 1.366667 1.400000 1.433333 1.466667 1.500000 1.533333 1.566667
1.600000 1.633333 1.666667 1.700000 1.733333 1.766667 1.800000 1.833333 1.866667 1.900000 1.933333 1.966667 2.000000 2.033333 2.066667 2.100000
2.133333 2.166667 2.200000 2.233333 2.266667 2.300000 2.333333 2.366667 2.400000 2.433333 2.466667 2.500000 2.533333 2.566667 2.600000 2.633333
2.666667 2.700000 2.733333 2.766667 2.800000 2.833333 2.866667 2.900000 2.933333 2.966667 3.000000 3.033333 3.066667 3.100000 3.133333 3.166667
3.200000 3.233333 3.266667 3.300000 3.333333 3.366667 3.400000 3.433333 3.466667 3.500000 3.533333 3.566667 3.600000 3.633333 3.666667 3.700000
3.733333 3.766667 3.800000 3.833333 3.866667 3.900000 3.933333 3.966667 4.000000 4.033333 4.066667 4.100000 4.133333 4.166667 4.200000 4.233333
4.266667 4.300000 4.333333 4.366667 4.400000 4.433333 4.466667 4.500000 4.533333 4.566667 4.600000 4.633333 4.666667 4.700000 4.733333 4.766667
4.800000 4.833333 4.866667 4.900000 4.933333 4.966667 5.000000 5.033333 5.066667 5.100000 5.133333 5.166667 5.200000 5.233333 5.266667 5.300000
5.333333 5.366667 5.400000 5.433333 5.466667 5.500000 5.533333 5.566667 5.600000 5.633333 5.666667 5.700000 5.733333 5.766667 5.800000 5.833333
5.866667 5.900000 5.933333 5.966667 6.000000 6.033333 6.066667 6.100000</float_array><technique_common><accessor source="#Zombie_Hips-Matrix-animation-input-array" count="184"><param name="TIME" type="float"/></accessor></technique_common></source><source id="Zombie_Hips-Matrix-animation-output-transform"><float_array id="Zombie_Hips-Matrix-animation-output-transform-array" count="2944">

0.941932 -0.028016 -0.334632 0.293403 -0.041400 0.979223 -0.198516 86.719437 0.333241 0.200842 0.921202 -2.325854 0.000000 0.000000 0.000000 1.000000
0.940868 -0.027959 -0.337618 0.302731 -0.041921 0.979320 -0.197926 86.731293 0.336170 0.200375 0.920239 -2.339399 0.000000 0.000000 0.000000 1.000000
0.939723 -0.027885 -0.340797 0.333170 -0.042494 0.979420 -0.197311 86.738785 0.339286 0.199900 0.919198 -2.340146 0.000000 0.000000 0.000000 1.000000
0.938504 -0.027803 -0.344148 0.381275 -0.043100 0.979522 -0.196669 86.741364 0.342568 0.199408 0.918087 -2.329131 0.000000 0.000000 0.000000 1.000000
0.937229 -0.027713 -0.347611 0.441153 -0.043729 0.979628 -0.196002 86.739090 0.345961 0.198899 0.916924 -2.309547 0.000000 0.000000 0.000000 1.000000
0.935908 -0.027609 -0.351162 0.512193 -0.044375 0.979740 -0.195296 86.729866 0.349439 0.198362 0.915721 -2.281457 0.000000 0.000000 0.000000 1.000000
0.934476 -0.027494 -0.354962 0.612126 -0.045053 0.979867 -0.194504 86.705147 0.353163 0.197751 0.914424 -2.231978 0.000000 0.000000 0.000000 1.000000
0.932817 -0.027437 -0.359304 0.767840 -0.045746 0.980013 -0.193601 86.660622 0.357434 0.197031 0.912918 -2.140438 0.000000 0.000000 0.000000 1.000000
0.930889 -0.027499 -0.364264 0.984507 -0.046438 0.980165 -0.192668 86.602600 0.362337 0.196268 0.911148 -1.999200 0.000000 0.000000 0.000000 1.000000
0.928804 -0.027708 -0.369533 1.241346 -0.047081 0.980296 -0.191841 86.543236 0.367568 0.195581 0.909199 -1.819488 0.000000 0.000000 0.000000 1.000000
0.926726 -0.028140 -0.374682 1.521151 -0.047515 0.980409 -0.191155 86.487045 0.372721 0.194952 0.907234 -1.612193 0.000000 0.000000 0.000000 1.000000
0.924724 -0.028910 -0.379538 1.821000 -0.047548 0.980528 -0.190534 86.430710 0.377656 0.194238 0.905344 -1.377484 0.000000 0.000000 0.000000 1.000000
0.922712 -0.030023 -0.384319 2.138482 -0.047241 0.980641 -0.190030 86.376144 0.382585 0.193498 0.903431 -1.111897 0.000000 0.000000 0.000000 1.000000
0.920555 -0.031253 -0.389362 2.463630 -0.047071 0.980654 -0.190004 86.333435 0.387767 0.193237 0.901275 -0.816450 0.000000 0.000000 0.000000 1.000000
0.918265 -0.032283 -0.394647 2.787746 -0.047580 0.980453 -0.190912 86.308632 0.393096 0.194085 0.898780 -0.497272 0.000000 0.000000 0.000000 1.000000
0.916058 -0.033012 -0.399685 3.113148 -0.048808 0.980021 -0.192810 86.293976 0.398065 0.196133 0.896145 -0.163163 0.000000 0.000000 0.000000 1.000000
0.914141 -0.033738 -0.403990 3.449200 -0.050109 0.979486 -0.195185 86.273880 0.402287 0.198670 0.893697 0.176937 0.000000 0.000000 0.000000 1.000000
0.912478 -0.034847 -0.407638 3.800962 -0.050750 0.979030 -0.197295 86.237206 0.405965 0.200715 0.891575 0.516136 0.000000 0.000000 0.000000 1.000000
0.910934 -0.036245 -0.410957 4.164663 -0.050614 0.978789 -0.198518 86.185928 0.409436 0.201637 0.889778 0.852734 0.000000 0.000000 0.000000 1.000000
0.909757 -0.037055 -0.413485 4.535672 -0.050263 0.978850 -0.198310 86.129021 0.412088 0.201197 0.888653 1.193864 0.000000 0.000000 0.000000 1.000000
0.909744 -0.036120 -0.413595 4.916836 -0.050312 0.979275 -0.196187 86.073082 0.412110 0.199289 0.889072 1.554876 0.000000 0.000000 0.000000 1.000000
0.911572 -0.033103 -0.409806 5.314289 -0.050854 0.980021 -0.192283 86.018867 0.407983 0.196120 0.891676 1.946822 0.000000 0.000000 0.000000 1.000000
0.914873 -0.029099 -0.402692 5.724730 -0.051521 0.980831 -0.187927 85.965195 0.400441 0.192677 0.895836 2.361060 0.000000 0.000000 0.000000 1.000000
0.918313 -0.025988 -0.395000 6.130180 -0.051869 0.981340 -0.185154 85.910332 0.392441 0.190518 0.899829 2.767792 0.000000 0.000000 0.000000 1.000000
0.920790 -0.024961 -0.389258 6.506437 -0.051687 0.981342 -0.185194 85.853569 0.386618 0.190645 0.902320 3.135016 0.000000 0.000000 0.000000 1.000000
0.922410 -0.025589 -0.385363 6.836222 -0.051090 0.980949 -0.187427 85.795235 0.382817 0.192573 0.903530 3.449105 0.000000 0.000000 0.000000 1.000000
0.924202 -0.026306 -0.380996 7.113767 -0.050359 0.980519 -0.189858 85.736717 0.378568 0.194653 0.904874 3.715817 0.000000 0.000000 0.000000 1.000000
0.926891 -0.025776 -0.374444 7.340405 -0.049778 0.980385 -0.190705 85.678123 0.372014 0.195402 0.907427 3.945062 0.000000 0.000000 0.000000 1.000000
0.930109 -0.023958 -0.366501 7.520772 -0.049505 0.980586 -0.189736 85.620216 0.363932 0.194619 0.910866 4.138486 0.000000 0.000000 0.000000 1.000000
0.932901 -0.021976 -0.359463 7.663766 -0.049476 0.980851 -0.188368 85.563690 0.356719 0.193514 0.913950 4.293839 0.000000 0.000000 0.000000 1.000000
0.934768 -0.021109 -0.354632 7.782492 -0.049384 0.980820 -0.188554 85.511024 0.351811 0.193768 0.915797 4.413826 0.000000 0.000000 0.000000 1.000000
0.935987 -0.021836 -0.351356 7.888528 -0.048930 0.980317 -0.191271 85.465958 0.348616 0.196219 0.916496 4.505219 0.000000 0.000000 0.000000 1.000000
0.937027 -0.023619 -0.348457 7.983467 -0.048092 0.979481 -0.195712 85.432991 0.345930 0.200145 0.916665 4.570007 0.000000 0.000000 0.000000 1.000000
0.937901 -0.025483 -0.345967 8.055568 -0.047128 0.978692 -0.199850 85.415619 0.343688 0.203744 0.916715 4.600796 0.000000 0.000000 0.000000 1.000000
0.938232 -0.026786 -0.344969 8.085868 -0.046312 0.978306 -0.201922 85.413887 0.342894 0.205426 0.916637 4.587056 0.000000 0.000000 0.000000 1.000000
0.937820 -0.027486 -0.346031 8.058925 -0.045698 0.978408 -0.201568 85.423569 0.344100 0.204847 0.916315 4.523806 0.000000 0.000000 0.000000 1.000000
0.936966 -0.027817 -0.348312 7.970202 -0.045210 0.978796 -0.199787 85.439278 0.346483 0.202941 0.915841 4.412726 0.000000 0.000000 0.000000 1.000000
0.936225 -0.027890 -0.350293 7.825018 -0.044916 0.979171 -0.198008 85.458832 0.348519 0.201114 0.915471 4.256078 0.000000 0.000000 0.000000 1.000000
0.935950 -0.027660 -0.351044 7.632020 -0.045003 0.979340 -0.197152 85.484520 0.349244 0.200322 0.915368 4.052801 0.000000 0.000000 0.000000 1.000000
0.936108 -0.027179 -0.350662 7.397131 -0.045470 0.979291 -0.197287 85.520248 0.348762 0.200626 0.915486 3.802922 0.000000 0.000000 0.000000 1.000000
0.936457 -0.026704 -0.349763 7.122563 -0.045972 0.979155 -0.197843 85.567421 0.347756 0.201351 0.915709 3.513130 0.000000 0.000000 0.000000 1.000000
0.936824 -0.026503 -0.348796 6.810020 -0.046058 0.979098 -0.198104 85.624496 0.346756 0.201653 0.916022 3.195742 0.000000 0.000000 0.000000 1.000000
0.937194 -0.026602 -0.347793 6.463117 -0.045566 0.979207 -0.197682 85.688606 0.345820 0.201113 0.916494 2.860285 0.000000 0.000000 0.000000 1.000000
0.937657 -0.026771 -0.346529 6.087504 -0.044731 0.979442 -0.196702 85.757629 0.344671 0.199939 0.917184 2.507078 0.000000 0.000000 0.000000 1.000000
0.938271 -0.026766 -0.344863 5.689928 -0.043935 0.979705 -0.195572 85.829933 0.343099 0.198651 0.918053 2.131944 0.000000 0.000000 0.000000 1.000000
0.938932 -0.026554 -0.343078 5.277314 -0.043378 0.979930 -0.194565 85.902115 0.341359 0.197565 0.918935 1.739642 0.000000 0.000000 0.000000 1.000000
0.939360 -0.026320 -0.341922 4.855995 -0.043018 0.980131 -0.193629 85.968048 0.340225 0.196596 0.919564 1.350866 0.000000 0.000000 0.000000 1.000000
0.939289 -0.026238 -0.342123 4.430210 -0.042778 0.980339 -0.192630 86.021286 0.340451 0.195570 0.919699 0.990198 0.000000 0.000000 0.000000 1.000000
0.938728 -0.026271 -0.343656 4.000907 -0.042735 0.980524 -0.191691 86.062637 0.341999 0.194632 0.919323 0.662055 0.000000 0.000000 0.000000 1.000000
0.938008 -0.026125 -0.345627 3.567947 -0.043140 0.980603 -0.191199 86.099915 0.343918 0.194256 0.918686 0.343673 0.000000 0.000000 0.000000 1.000000
0.937542 -0.025593 -0.346930 3.132464 -0.044072 0.980516 -0.191434 86.144905 0.345070 0.194767 0.918146 0.006433 0.000000 0.000000 0.000000 1.000000
0.937575 -0.024841 -0.346896 2.700809 -0.045200 0.980282 -0.192362 86.205368 0.344834 0.196034 0.917965 -0.354269 0.000000 0.000000 0.000000 1.000000
0.938218 -0.024272 -0.345192 2.288111 -0.045960 0.979959 -0.193824 86.282928 0.342978 0.197714 0.918300 -0.713695 0.000000 0.000000 0.000000 1.000000
0.939575 -0.024231 -0.341486 1.913731 -0.045884 0.979579 -0.195755 86.370880 0.339256 0.199595 0.919276 -1.041129 0.000000 0.000000 0.000000 1.000000
0.941578 -0.024774 -0.335882 1.588614 -0.044872 0.979172 -0.198013 86.458488 0.333792 0.201517 0.920855 -1.323625 0.000000 0.000000 0.000000 1.000000
0.943754 -0.025711 -0.329647 1.304374 -0.043233 0.978818 -0.200115 86.535378 0.327810 0.203111 0.922652 -1.566719 0.000000 0.000000 0.000000 1.000000
0.945390 -0.026695 -0.324846 1.039586 -0.041583 0.978618 -0.201439 86.589966 0.323278 0.203946 0.924066 -1.777836 0.000000 0.000000 0.000000 1.000000
0.946094 -0.027441 -0.322728 0.775604 -0.040426 0.978609 -0.201718 86.622322 0.321360 0.203891 0.924747 -1.958762 0.000000 0.000000 0.000000 1.000000
0.946047 -0.027563 -0.322856 0.513807 -0.040131 0.978738 -0.201151 86.630356 0.321536 0.203254 0.924826 -2.104729 0.000000 0.000000 0.000000 1.000000
0.945710 -0.026819 -0.323902 0.269495 -0.040757 0.978936 -0.200057 86.612801 0.322445 0.202398 0.924697 -2.213082 0.000000 0.000000 0.000000 1.000000
0.945345 -0.025393 -0.325081 0.058151 -0.041992 0.979181 -0.198599 86.574265 0.323356 0.201395 0.924598 -2.285366 0.000000 0.000000 0.000000 1.000000
0.944866 -0.023806 -0.326590 -0.110141 -0.043347 0.979484 -0.196805 86.522240 0.324575 0.200111 0.924450 -2.320418 0.000000 0.000000 0.000000 1.000000
0.944099 -0.022509 -0.328892 -0.227936 -0.044462 0.979856 -0.194691 86.463760 0.326649 0.198431 0.924081 -2.311484 0.000000 0.000000 0.000000 1.000000
0.943017 -0.021544 -0.332048 -0.288490 -0.045321 0.980286 -0.192315 86.399406 0.329645 0.196405 0.923450 -2.251460 0.000000 0.000000 0.000000 1.000000
0.941727 -0.020694 -0.335740 -0.288218 -0.046138 0.980726 -0.189863 86.324661 0.333198 0.194289 0.922622 -2.139267 0.000000 0.000000 0.000000 1.000000
0.940349 -0.019931 -0.339626 -0.227584 -0.046995 0.981103 -0.187694 86.232300 0.336949 0.192458 0.921643 -1.978918 0.000000 0.000000 0.000000 1.000000
0.938953 -0.019694 -0.343483 -0.112348 -0.047515 0.981371 -0.186155 86.126953 0.340750 0.191112 0.920525 -1.776885 0.000000 0.000000 0.000000 1.000000
0.937550 -0.020371 -0.347253 0.049840 -0.047296 0.981548 -0.185276 86.019279 0.344620 0.190130 0.919287 -1.537403 0.000000 0.000000 0.000000 1.000000
0.936113 -0.021718 -0.351029 0.250125 -0.046507 0.981683 -0.184761 85.918861 0.348612 0.189282 0.917955 -1.264107 0.000000 0.000000 0.000000 1.000000
0.934614 -0.022905 -0.354926 0.481059 -0.045926 0.981797 -0.184295 85.828262 0.352687 0.188545 0.916549 -0.961458 0.000000 0.000000 0.000000 1.000000
0.933050 -0.023192 -0.358998 0.742013 -0.046302 0.981878 -0.183770 85.739632 0.356754 0.188089 0.915068 -0.630950 0.000000 0.000000 0.000000 1.000000
0.931369 -0.022791 -0.363364 1.035123 -0.047467 0.981919 -0.183255 85.652206 0.360970 0.187925 0.913447 -0.271990 0.000000 0.000000 0.000000 1.000000
0.929369 -0.022720 -0.368452 1.358951 -0.048502 0.981937 -0.182887 85.576187 0.365952 0.187840 0.911480 0.114570 0.000000 0.000000 0.000000 1.000000
0.926879 -0.023693 -0.374613 1.707681 -0.048743 0.981958 -0.182709 85.522469 0.372183 0.187609 0.909001 0.522752 0.000000 0.000000 0.000000 1.000000
0.924214 -0.025207 -0.381041 2.078706 -0.048410 0.982035 -0.182383 85.489990 0.378793 0.187007 0.906391 0.944322 0.000000 0.000000 0.000000 1.000000
0.922350 -0.025821 -0.385491 2.478687 -0.048205 0.982276 -0.181135 85.466240 0.383336 0.185652 0.904758 1.376677 0.000000 0.000000 0.000000 1.000000
0.922223 -0.024528 -0.385880 2.917233 -0.048497 0.982767 -0.178372 85.439392 0.383605 0.183212 0.905141 1.822669 0.000000 0.000000 0.000000 1.000000
0.923698 -0.021759 -0.382502 3.394251 -0.049095 0.983432 -0.174503 85.402657 0.379962 0.179967 0.907326 2.280103 0.000000 0.000000 0.000000 1.000000
0.925517 -0.018954 -0.378232 3.895221 -0.049687 0.984036 -0.170894 85.355797 0.375433 0.176959 0.909800 2.734049 0.000000 0.000000 0.000000 1.000000
0.926416 -0.017299 -0.376104 4.392557 -0.050172 0.984363 -0.168858 85.304375 0.373144 0.175303 0.911061 3.164834 0.000000 0.000000 0.000000 1.000000
0.926123 -0.016958 -0.376840 4.849190 -0.050645 0.984355 -0.168760 85.260307 0.373806 0.175378 0.910775 3.561052 0.000000 0.000000 0.000000 1.000000
0.925265 -0.017448 -0.378919 5.227352 -0.051096 0.984104 -0.170081 85.238884 0.375864 0.176732 0.909666 3.920274 0.000000 0.000000 0.000000 1.000000
0.924538 -0.018335 -0.380649 5.508991 -0.051352 0.983738 -0.172112 85.249702 0.377615 0.178671 0.908561 4.243407 0.000000 0.000000 0.000000 1.000000
0.924124 -0.019481 -0.381595 5.709570 -0.051305 0.983329 -0.174450 85.289406 0.378632 0.180791 0.907718 4.537038 0.000000 0.000000 0.000000 1.000000
0.923822 -0.020876 -0.382251 5.865192 -0.051022 0.982890 -0.176988 85.346413 0.379406 0.183009 0.906950 4.815283 0.000000 0.000000 0.000000 1.000000
0.923458 -0.022474 -0.383040 6.003505 -0.050631 0.982417 -0.179706 85.411201 0.380343 0.185344 0.906083 5.080792 0.000000 0.000000 0.000000 1.000000
0.923047 -0.024197 -0.383926 6.127872 -0.050198 0.981910 -0.182573 85.481552 0.381399 0.187795 0.905134 5.301246 0.000000 0.000000 0.000000 1.000000
0.922680 -0.025993 -0.384688 6.227890 -0.049718 0.981375 -0.185558 85.558907 0.382347 0.190337 0.904203 5.423343 0.000000 0.000000 0.000000 1.000000
0.922400 -0.027840 -0.385232 6.297044 -0.049180 0.980815 -0.188637 85.644157 0.383092 0.192944 0.903334 5.421525 0.000000 0.000000 0.000000 1.000000
0.922182 -0.029720 -0.385612 6.341404 -0.048601 0.980234 -0.191778 85.734848 0.383690 0.195595 0.902510 5.325416 0.000000 0.000000 0.000000 1.000000
0.921993 -0.031613 -0.385913 6.372920 -0.048009 0.979638 -0.194948 85.827637 0.384218 0.198268 0.901702 5.190481 0.000000 0.000000 0.000000 1.000000
0.921830 -0.033519 -0.386142 6.398882 -0.047393 0.979031 -0.198124 85.920822 0.384686 0.200937 0.900911 5.051217 0.000000 0.000000 0.000000 1.000000
0.921714 -0.035387 -0.386253 6.414911 -0.046786 0.978415 -0.201286 86.014442 0.385038 0.203599 0.900163 4.912243 0.000000 0.000000 0.000000 1.000000
0.921682 -0.037115 -0.386167 6.413966 -0.046269 0.977792 -0.204408 86.104309 0.385177 0.206267 0.899496 4.771111 0.000000 0.000000 0.000000 1.000000
0.921779 -0.038730 -0.385776 6.389775 -0.045763 0.977175 -0.207450 86.193108 0.385005 0.208877 0.898967 4.636773 0.000000 0.000000 0.000000 1.000000
0.922017 -0.040233 -0.385052 6.345998 -0.045243 0.976574 -0.210373 86.280586 0.384496 0.211388 0.898598 4.527582 0.000000 0.000000 0.000000 1.000000
0.922363 -0.041588 -0.384079 6.295256 -0.044759 0.975989 -0.213170 86.361984 0.383722 0.213811 0.898355 4.449685 0.000000 0.000000 0.000000 1.000000
0.922771 -0.042786 -0.382965 6.242463 -0.044359 0.975416 -0.215860 86.437408 0.382786 0.216178 0.898188 4.384066 0.000000 0.000000 0.000000 1.000000
0.923257 -0.043637 -0.381697 6.176661 -0.044219 0.974855 -0.218407 86.502670 0.381630 0.218524 0.898112 4.297186 0.000000 0.000000 0.000000 1.000000
0.924012 -0.043943 -0.379830 6.074204 -0.044353 0.974351 -0.220621 86.553078 0.379782 0.220703 0.898363 4.164439 0.000000 0.000000 0.000000 1.000000
0.925408 -0.043787 -0.376434 5.918764 -0.044302 0.973993 -0.222204 86.589417 0.376373 0.222306 0.899402 3.981928 0.000000 0.000000 0.000000 1.000000
0.927757 -0.043513 -0.370639 5.717038 -0.043401 0.973859 -0.222970 86.618576 0.370652 0.222948 0.901616 3.758201 0.000000 0.000000 0.000000 1.000000
0.930962 -0.043306 -0.362539 5.489177 -0.041550 0.973925 -0.223032 86.646782 0.362744 0.222698 0.904888 3.499530 0.000000 0.000000 0.000000 1.000000
0.934403 -0.042924 -0.353623 5.244243 -0.039510 0.974100 -0.222640 86.674675 0.354020 0.222007 0.908506 3.205000 0.000000 0.000000 0.000000 1.000000
0.937217 -0.042124 -0.346192 4.969339 -0.038104 0.974366 -0.221716 86.700691 0.346658 0.220988 0.911588 2.875191 0.000000 0.000000 0.000000 1.000000
0.938741 -0.041305 -0.342138 4.641590 -0.037168 0.974866 -0.219670 86.729111 0.342612 0.218930 0.913612 2.523192 0.000000 0.000000 0.000000 1.000000
0.938819 -0.041343 -0.341920 4.248103 -0.035682 0.975751 -0.215955 86.771484 0.342557 0.214943 0.914579 2.172458 0.000000 0.000000 0.000000 1.000000
0.937908 -0.042588 -0.344260 3.799126 -0.033055 0.976946 -0.210912 86.835274 0.345306 0.209195 0.914878 1.838573 0.000000 0.000000 0.000000 1.000000
0.936945 -0.044298 -0.346658 3.327639 -0.029907 0.978132 -0.205823 86.914459 0.348195 0.203212 0.915131 1.512220 0.000000 0.000000 0.000000 1.000000
0.936874 -0.045244 -0.346727 2.874988 -0.027507 0.978984 -0.202073 86.990524 0.348582 0.198854 0.915941 1.165433 0.000000 0.000000 0.000000 1.000000
0.938022 -0.044799 -0.343668 2.469149 -0.026646 0.979353 -0.200392 87.048645 0.345550 0.197130 0.917461 0.777364 0.000000 0.000000 0.000000 1.000000
0.939892 -0.043314 -0.338712 2.110528 -0.027204 0.979272 -0.200716 87.089111 0.340385 0.197865 0.919232 0.353633 0.000000 0.000000 0.000000 1.000000
0.941657 -0.041487 -0.334007 1.780244 -0.028628 0.978905 -0.202302 87.121300 0.335354 0.200062 0.920605 -0.077479 0.000000 0.000000 0.000000 1.000000
0.942819 -0.039620 -0.330941 1.463622 -0.030462 0.978512 -0.203930 87.148582 0.331910 0.202350 0.921353 -0.484586 0.000000 0.000000 0.000000 1.000000
0.943432 -0.037645 -0.329422 1.164547 -0.032342 0.978348 -0.204426 87.161423 0.329985 0.203516 0.921787 -0.849291 0.000000 0.000000 0.000000 1.000000
0.943807 -0.035572 -0.328577 0.900343 -0.033931 0.978508 -0.203397 87.146751 0.328751 0.203117 0.922316 -1.168498 0.000000 0.000000 0.000000 1.000000
0.944126 -0.033614 -0.327866 0.685369 -0.035100 0.978873 -0.201432 87.101051 0.327710 0.201685 0.923000 -1.446808 0.000000 0.000000 0.000000 1.000000
0.944325 -0.031991 -0.327454 0.519977 -0.036024 0.979224 -0.199554 87.034363 0.327035 0.200240 0.923554 -1.688160 0.000000 0.000000 0.000000 1.000000
0.944254 -0.030800 -0.327773 0.392719 -0.036959 0.979403 -0.198504 86.962914 0.327135 0.199552 0.923667 -1.892922 0.000000 0.000000 0.000000 1.000000
0.943854 -0.030108 -0.328988 0.291848 -0.037935 0.979374 -0.198465 86.899757 0.328178 0.199802 0.923243 -2.059947 0.000000 0.000000 0.000000 1.000000
0.943167 -0.029967 -0.330965 0.214962 -0.038764 0.979206 -0.199131 86.851715 0.330050 0.200644 0.922393 -2.189636 0.000000 0.000000 0.000000 1.000000
0.942249 -0.030233 -0.333545 0.168889 -0.039334 0.979035 -0.199857 86.821259 0.332595 0.201435 0.921306 -2.284551 0.000000 0.000000 0.000000 1.000000
0.941103 -0.030466 -0.336746 0.162538 -0.039852 0.978996 -0.199948 86.806030 0.335764 0.201591 0.920121 -2.347443 0.000000 0.000000 0.000000 1.000000
0.939716 -0.030222 -0.340619 0.200062 -0.040677 0.979135 -0.199096 86.799469 0.339529 0.200949 0.918879 -2.379159 0.000000 0.000000 0.000000 1.000000
0.938126 -0.029427 -0.345042 0.280932 -0.041949 0.979388 -0.197582 86.790726 0.343745 0.199831 0.917555 -2.377599 0.000000 0.000000 0.000000 1.000000
0.936418 -0.028427 -0.349732 0.403698 -0.043453 0.979646 -0.195974 86.767021 0.348185 0.198710 0.916123 -2.338605 0.000000 0.000000 0.000000 1.000000
0.934655 -0.027674 -0.354478 0.566462 -0.044806 0.979852 -0.194636 86.721779 0.352722 0.197800 0.914583 -2.259708 0.000000 0.000000 0.000000 1.000000
0.932821 -0.027394 -0.359298 0.764195 -0.045778 0.980018 -0.193571 86.662186 0.357422 0.197015 0.912927 -2.143536 0.000000 0.000000 0.000000 1.000000
0.930865 -0.027474 -0.364329 0.990860 -0.046474 0.980165 -0.192656 86.600220 0.362396 0.196268 0.911125 -1.995204 0.000000 0.000000 0.000000 1.000000
0.928803 -0.027724 -0.369534 1.242596 -0.047071 0.980294 -0.191855 86.542656 0.367571 0.195590 0.909195 -1.818372 0.000000 0.000000 0.000000 1.000000
0.926735 -0.028152 -0.374660 1.519209 -0.047501 0.980408 -0.191162 86.487717 0.372702 0.194953 0.907241 -1.613315 0.000000 0.000000 0.000000 1.000000
0.924726 -0.028907 -0.379533 1.820186 -0.047548 0.980529 -0.190531 86.431061 0.377651 0.194235 0.905347 -1.378111 0.000000 0.000000 0.000000 1.000000
0.922710 -0.030018 -0.384325 2.138926 -0.047246 0.980642 -0.190026 86.375984 0.382590 0.193497 0.903429 -1.111669 0.000000 0.000000 0.000000 1.000000
0.920553 -0.031253 -0.389365 2.464010 -0.047073 0.980654 -0.190004 86.333374 0.387771 0.193238 0.901273 -0.816154 0.000000 0.000000 0.000000 1.000000
0.918266 -0.032285 -0.394647 2.787678 -0.047578 0.980453 -0.190914 86.308647 0.393096 0.194086 0.898780 -0.497281 0.000000 0.000000 0.000000 1.000000
0.916059 -0.033012 -0.399684 3.113037 -0.048808 0.980021 -0.192810 86.294006 0.398064 0.196133 0.896146 -0.163260 0.000000 0.000000 0.000000 1.000000
0.914141 -0.033738 -0.403991 3.449187 -0.050110 0.979486 -0.195184 86.273880 0.402288 0.198670 0.893697 0.176912 0.000000 0.000000 0.000000 1.000000
0.912478 -0.034847 -0.407639 3.800989 -0.050750 0.979030 -0.197294 86.237206 0.405965 0.200715 0.891575 0.516164 0.000000 0.000000 0.000000 1.000000
0.910934 -0.036245 -0.410957 4.164687 -0.050614 0.978789 -0.198518 86.185905 0.409436 0.201637 0.889778 0.852729 0.000000 0.000000 0.000000 1.000000
0.909757 -0.037055 -0.413484 4.535663 -0.050263 0.978850 -0.198310 86.129181 0.412087 0.201197 0.888653 1.193879 0.000000 0.000000 0.000000 1.000000
0.909744 -0.036120 -0.413595 4.916820 -0.050312 0.979275 -0.196187 86.073082 0.412110 0.199289 0.889072 1.554871 0.000000 0.000000 0.000000 1.000000
0.911572 -0.033103 -0.409806 5.314296 -0.050854 0.980021 -0.192283 86.018875 0.407983 0.196120 0.891676 1.946815 0.000000 0.000000 0.000000 1.000000
0.914873 -0.029099 -0.402692 5.724725 -0.051521 0.980831 -0.187927 85.965195 0.400441 0.192677 0.895836 2.361055 0.000000 0.000000 0.000000 1.000000
0.918313 -0.025988 -0.395001 6.130170 -0.051869 0.981340 -0.185154 85.910339 0.392442 0.190518 0.899829 2.767801 0.000000 0.000000 0.000000 1.000000
0.920790 -0.024961 -0.389258 6.506432 -0.051687 0.981342 -0.185195 85.853584 0.386618 0.190645 0.902320 3.135015 0.000000 0.000000 0.000000 1.000000
0.922410 -0.025589 -0.385363 6.836224 -0.051090 0.980949 -0.187427 85.795242 0.382817 0.192573 0.903530 3.449107 0.000000 0.000000 0.000000 1.000000
0.924202 -0.026306 -0.380996 7.113767 -0.050359 0.980519 -0.189858 85.736702 0.378569 0.194653 0.904873 3.715806 0.000000 0.000000 0.000000 1.000000
0.926891 -0.025775 -0.374444 7.340404 -0.049778 0.980385 -0.190705 85.678139 0.372014 0.195402 0.907427 3.945065 0.000000 0.000000 0.000000 1.000000
0.930109 -0.023958 -0.366501 7.520772 -0.049505 0.980586 -0.189736 85.620155 0.363932 0.194619 0.910866 4.138470 0.000000 0.000000 0.000000 1.000000
0.932901 -0.021976 -0.359462 7.663767 -0.049476 0.980851 -0.188368 85.563690 0.356719 0.193514 0.913950 4.293834 0.000000 0.000000 0.000000 1.000000
0.934768 -0.021109 -0.354632 7.782492 -0.049384 0.980820 -0.188554 85.511024 0.351811 0.193768 0.915797 4.413826 0.000000 0.000000 0.000000 1.000000
0.935987 -0.021836 -0.351356 7.888528 -0.048930 0.980317 -0.191271 85.465958 0.348616 0.196219 0.916496 4.505219 0.000000 0.000000 0.000000 1.000000
0.937027 -0.023619 -0.348457 7.983464 -0.048092 0.979481 -0.195712 85.432991 0.345930 0.200145 0.916665 4.570008 0.000000 0.000000 0.000000 1.000000
0.937901 -0.025483 -0.345967 8.055575 -0.047128 0.978692 -0.199850 85.415642 0.343688 0.203744 0.916715 4.600798 0.000000 0.000000 0.000000 1.000000
0.938232 -0.026786 -0.344969 8.085868 -0.046312 0.978306 -0.201922 85.413887 0.342894 0.205426 0.916637 4.587056 0.000000 0.000000 0.000000 1.000000
0.937820 -0.027486 -0.346031 8.058924 -0.045698 0.978408 -0.201568 85.423584 0.344100 0.204847 0.916315 4.523804 0.000000 0.000000 0.000000 1.000000
0.936966 -0.027817 -0.348312 7.970197 -0.045210 0.978796 -0.199787 85.439293 0.346483 0.202941 0.915841 4.412723 0.000000 0.000000 0.000000 1.000000
0.936225 -0.027890 -0.350293 7.825019 -0.044916 0.979171 -0.198008 85.458832 0.348519 0.201114 0.915471 4.256075 0.000000 0.000000 0.000000 1.000000
0.935950 -0.027660 -0.351044 7.632020 -0.045003 0.979340 -0.197151 85.484528 0.349244 0.200322 0.915369 4.052800 0.000000 0.000000 0.000000 1.000000
0.936108 -0.027178 -0.350662 7.397133 -0.045471 0.979291 -0.197287 85.520248 0.348762 0.200626 0.915486 3.802924 0.000000 0.000000 0.000000 1.000000
0.936457 -0.026704 -0.349763 7.122563 -0.045972 0.979155 -0.197844 85.567421 0.347756 0.201351 0.915709 3.513126 0.000000 0.000000 0.000000 1.000000
0.936824 -0.026504 -0.348796 6.810007 -0.046058 0.979098 -0.198104 85.624496 0.346756 0.201653 0.916022 3.195741 0.000000 0.000000 0.000000 1.000000
0.937194 -0.026602 -0.347793 6.463105 -0.045566 0.979207 -0.197682 85.688599 0.345820 0.201113 0.916494 2.860284 0.000000 0.000000 0.000000 1.000000
0.937657 -0.026771 -0.346529 6.087488 -0.044731 0.979442 -0.196702 85.757614 0.344671 0.199940 0.917184 2.507080 0.000000 0.000000 0.000000 1.000000
0.938271 -0.026766 -0.344863 5.689933 -0.043935 0.979705 -0.195573 85.829918 0.343098 0.198652 0.918053 2.131955 0.000000 0.000000 0.000000 1.000000
0.938932 -0.026554 -0.343078 5.277346 -0.043378 0.979930 -0.194564 85.902130 0.341359 0.197565 0.918935 1.739640 0.000000 0.000000 0.000000 1.000000
0.939360 -0.026320 -0.341922 4.855980 -0.043018 0.980131 -0.193629 85.968025 0.340225 0.196596 0.919563 1.350855 0.000000 0.000000 0.000000 1.000000
0.939289 -0.026238 -0.342123 4.430130 -0.042778 0.980339 -0.192630 86.021271 0.340451 0.195570 0.919699 0.990187 0.000000 0.000000 0.000000 1.000000
0.938728 -0.026270 -0.343657 4.000911 -0.042736 0.980524 -0.191691 86.062592 0.342000 0.194632 0.919323 0.662076 0.000000 0.000000 0.000000 1.000000
0.938008 -0.026125 -0.345628 3.568146 -0.043140 0.980603 -0.191199 86.099945 0.343919 0.194256 0.918686 0.343746 0.000000 0.000000 0.000000 1.000000
0.937541 -0.025596 -0.346931 3.132612 -0.044071 0.980515 -0.191435 86.144867 0.345071 0.194768 0.918145 0.006459 0.000000 0.000000 0.000000 1.000000
0.937575 -0.024841 -0.346894 2.700274 -0.045199 0.980283 -0.192362 86.205383 0.344833 0.196033 0.917966 -0.354492 0.000000 0.000000 0.000000 1.000000
0.938220 -0.024266 -0.345186 2.287291 -0.045964 0.979960 -0.193821 86.282745 0.342972 0.197713 0.918303 -0.713893 0.000000 0.000000 0.000000 1.000000
0.939574 -0.024225 -0.341489 1.914712 -0.045890 0.979579 -0.195753 86.370750 0.339257 0.199595 0.919275 -1.040586 0.000000 0.000000 0.000000 1.000000
0.941572 -0.024787 -0.335898 1.591757 -0.044865 0.979171 -0.198020 86.459023 0.333810 0.201520 0.920848 -1.322602 0.000000 0.000000 0.000000 1.000000
0.943753 -0.025737 -0.329649 1.303419 -0.043210 0.978817 -0.200125 86.536102 0.327817 0.203113 0.922649 -1.567709 0.000000 0.000000 0.000000 1.000000
0.945406 -0.026676 -0.324801 1.029719 -0.041587 0.978621 -0.201425 86.589172 0.323230 0.203936 0.924085 -1.781460 0.000000 0.000000 0.000000 1.000000
0.946096 -0.027366 -0.322729 0.778538 -0.040493 0.978612 -0.201690 86.620461 0.321346 0.203887 0.924752 -1.955717 0.000000 0.000000 0.000000 1.000000
0.945915 -0.027717 -0.323229 0.586229 -0.040098 0.978715 -0.201269 86.637093 0.321928 0.203344 0.924670 -2.078069 0.000000 0.000000 0.000000 1.000000
0.945286 -0.027843 -0.325052 0.466188 -0.040171 0.978836 -0.200667 86.649765 0.323760 0.202745 0.924161 -2.155955 0.000000 0.000000 0.000000 1.000000
0.944545 -0.027911 -0.327193 0.393074 -0.040395 0.978938 -0.200122 86.665573 0.325887 0.202242 0.923524 -2.212058 0.000000 0.000000 0.000000 1.000000
0.943766 -0.027975 -0.329429 0.341694 -0.040658 0.979030 -0.199616 86.684067 0.328105 0.201784 0.922838 -2.259727 0.000000 0.000000 0.000000 1.000000
0.942902 -0.028014 -0.331890 0.307138 -0.040985 0.979125 -0.199083 86.702576 0.330539 0.201318 0.922071 -2.298741 0.000000 0.000000 0.000000 1.000000
0.941932 -0.028016 -0.334632 0.293431 -0.041400 0.979223 -0.198516 86.719406 0.333241 0.200843 0.921202 -2.325840 0.000000 0.000000 0.000000 1.000000</float_array><technique_common><accessor source="#Zombie_Hips-Matrix-animation-output-transform-array" count="184" stride="16"><param type="float4x4"/></accessor></technique_common></source><source id="Zombie_Hips-Interpolations"><Name_array id="Zombie_Hips-Interpolations-array" count="184">
 LINEAR LINEAR LINEAR LINEAR LINEAR LINEAR LINEAR LINEAR LINEAR LINEAR LINEAR
LINEAR LINEAR LINEAR LINEAR LINEAR LINEAR LINEAR LINEAR LINEAR LINEAR LINEAR LINEAR
LINEAR LINEAR LINEAR LINEAR LINEAR LINEAR LINEAR LINEAR LINEAR LINEAR LINEAR LINEAR
LINEAR LINEAR LINEAR LINEAR LINEAR LINEAR LINEAR LINEAR LINEAR LINEAR LINEAR LINEAR
LINEAR LINEAR LINEAR LINEAR LINEAR LINEAR LINEAR LINEAR LINEAR LINEAR LINEAR LINEAR
LINEAR LINEAR LINEAR LINEAR LINEAR LINEAR LINEAR LINEAR LINEAR LINEAR LINEAR LINEAR
LINEAR LINEAR LINEAR LINEAR LINEAR LINEAR LINEAR LINEAR LINEAR LINEAR LINEAR LINEAR
LINEAR LINEAR LINEAR LINEAR LINEAR LINEAR LINEAR LINEAR LINEAR LINEAR LINEAR LINEAR
LINEAR LINEAR LINEAR LINEAR LINEAR LINEAR LINEAR LINEAR LINEAR LINEAR LINEAR LINEAR
LINEAR LINEAR LINEAR LINEAR LINEAR LINEAR LINEAR LINEAR LINEAR LINEAR LINEAR LINEAR
LINEAR LINEAR LINEAR LINEAR LINEAR LINEAR LINEAR LINEAR LINEAR LINEAR LINEAR LINEAR
LINEAR LINEAR LINEAR LINEAR LINEAR LINEAR LINEAR LINEAR LINEAR LINEAR LINEAR LINEAR
LINEAR LINEAR LINEAR LINEAR LINEAR LINEAR LINEAR LINEAR LINEAR LINEAR LINEAR LINEAR
LINEAR LINEAR LINEAR LINEAR LINEAR LINEAR LINEAR LINEAR LINEAR LINEAR LINEAR LINEAR
LINEAR LINEAR LINEAR LINEAR LINEAR LINEAR LINEAR LINEAR LINEAR LINEAR LINEAR LINEAR
LINEAR LINEAR LINEAR LINEAR LINEAR</Name_array><technique_common><accessor source="#Zombie_Hips-Interpolations-array" count="184"><param type="name"/></accessor></technique_common></source><sampler id="Zombie_Hips-Matrix-animation-transform"><input semantic="INPUT" source="#Zombie_Hips-Matrix-animation-input"/><input semantic="OUTPUT" source="#Zombie_Hips-Matrix-animation-output-transform"/><input semantic="INTERPOLATION" source="#Zombie_Hips-Interpolations"/></sampler><channel source="#Zombie_Hips-Matrix-animation-transform" target="Zombie_Hips/matrix"/></animation>
    <animation id="Zombie_Spine-anim" name="Zombie_Spine"><source id="Zombie_Spine-Matrix-animation-input"><float_array id="Zombie_Spine-Matrix-animation-input-array" count="184">

0.000000 0.033333 0.066667 0.100000 0.133333 0.166667 0.200000 0.233333 0.266667 0.300000 0.333333 0.366667 0.400000 0.433333 0.466667 0.500000
0.533333 0.566667 0.600000 0.633333 0.666667 0.700000 0.733333 0.766667 0.800000 0.833333 0.866667 0.900000 0.933333 0.966667 1.000000 1.033333
1.066667 1.100000 1.133333 1.166667 1.200000 1.233333 1.266667 1.300000 1.333333 1.366667 1.400000 1.433333 1.466667 1.500000 1.533333 1.566667
1.600000 1.633333 1.666667 1.700000 1.733333 1.766667 1.800000 1.833333 1.866667 1.900000 1.933333 1.966667 2.000000 2.033333 2.066667 2.100000
2.133333 2.166667 2.200000 2.233333 2.266667 2.300000 2.333333 2.366667 2.400000 2.433333 2.466667 2.500000 2.533333 2.566667 2.600000 2.633333
2.666667 2.700000 2.733333 2.766667 2.800000 2.833333 2.866667 2.900000 2.933333 2.966667 3.000000 3.033333 3.066667 3.100000 3.133333 3.166667
3.200000 3.233333 3.266667 3.300000 3.333333 3.366667 3.400000 3.433333 3.466667 3.500000 3.533333 3.566667 3.600000 3.633333 3.666667 3.700000
3.733333 3.766667 3.800000 3.833333 3.866667 3.900000 3.933333 3.966667 4.000000 4.033333 4.066667 4.100000 4.133333 4.166667 4.200000 4.233333
4.266667 4.300000 4.333333 4.366667 4.400000 4.433333 4.466667 4.500000 4.533333 4.566667 4.600000 4.633333 4.666667 4.700000 4.733333 4.766667
4.800000 4.833333 4.866667 4.900000 4.933333 4.966667 5.000000 5.033333 5.066667 5.100000 5.133333 5.166667 5.200000 5.233333 5.266667 5.300000
5.333333 5.366667 5.400000 5.433333 5.466667 5.500000 5.533333 5.566667 5.600000 5.633333 5.666667 5.700000 5.733333 5.766667 5.800000 5.833333
5.866667 5.900000 5.933333 5.966667 6.000000 6.033333 6.066667 6.100000</float_array><technique_common><accessor source="#Zombie_Spine-Matrix-animation-input-array" count="184"><param name="TIME" type="float"/></accessor></technique_common></source><source id="Zombie_Spine-Matrix-animation-output-transform"><float_array id="Zombie_Spine-Matrix-animation-output-transform-array" count="2944">

0.999730 -0.020801 -0.010339 -0.000000 0.020180 0.998176 -0.056895 9.226300 0.011504 0.056671 0.998327 1.577100 0.000000 0.000000 0.000000 1.000000
0.999741 -0.020946 -0.008884 -0.000000 0.020413 0.998198 -0.056425 9.226300 0.010050 0.056229 0.998367 1.577100 0.000000 0.000000 0.000000 1.000000
0.999747 -0.021096 -0.007743 0.000000 0.020630 0.998216 -0.056029 9.226300 0.008911 0.055855 0.998399 1.577100 0.000000 0.000000 0.000000 1.000000
0.999748 -0.021284 -0.007119 0.000000 0.020854 0.998227 -0.055757 9.226300 0.008293 0.055594 0.998419 1.577100 0.000000 0.000000 0.000000 1.000000
0.999743 -0.021569 -0.006925 0.000000 0.021152 0.998229 -0.055593 9.226300 0.008111 0.055433 0.998429 1.577100 0.000000 0.000000 0.000000 1.000000
0.999734 -0.022025 -0.006856 0.000000 0.021612 0.998226 -0.055475 9.226300 0.008066 0.055312 0.998437 1.577100 0.000000 0.000000 0.000000 1.000000
0.999720 -0.022667 -0.006795 0.000000 0.022257 0.998217 -0.055387 9.226300 0.008038 0.055220 0.998442 1.577100 0.000000 0.000000 0.000000 1.000000
0.999703 -0.023371 -0.006915 -0.000000 0.022953 0.998202 -0.055379 9.226300 0.008197 0.055204 0.998441 1.577100 0.000000 0.000000 0.000000 1.000000
0.999686 -0.023952 -0.007359 -0.000000 0.023507 0.998184 -0.055471 9.226300 0.008675 0.055281 0.998433 1.577100 0.000000 0.000000 0.000000 1.000000
0.999674 -0.024237 -0.008019 -0.000000 0.023754 0.998171 -0.055586 9.226300 0.009351 0.055378 0.998422 1.577100 0.000000 0.000000 0.000000 1.000000
0.999671 -0.024145 -0.008616 0.000000 0.023630 0.998174 -0.055587 9.226300 0.009942 0.055365 0.998417 1.577100 0.000000 0.000000 0.000000 1.000000
0.999678 -0.023773 -0.008902 -0.000000 0.023245 0.998196 -0.055354 9.226300 0.010202 0.055129 0.998427 1.577100 0.000000 0.000000 0.000000 1.000000
0.999688 -0.023367 -0.008798 0.000000 0.022850 0.998234 -0.054828 9.226300 0.010064 0.054609 0.998457 1.577100 0.000000 0.000000 0.000000 1.000000
0.999697 -0.023152 -0.008399 0.000000 0.022666 0.998283 -0.054008 9.226300 0.009635 0.053801 0.998505 1.577100 0.000000 0.000000 0.000000 1.000000
0.999701 -0.023131 -0.007880 -0.000000 0.022682 0.998341 -0.052931 9.226300 0.009092 0.052737 0.998567 1.577100 0.000000 0.000000 0.000000 1.000000
0.999707 -0.023066 -0.007386 0.000000 0.022655 0.998407 -0.051673 9.226300 0.008566 0.051490 0.998637 1.577100 0.000000 0.000000 0.000000 1.000000
0.999719 -0.022640 -0.006982 0.000000 0.022260 0.998482 -0.050375 9.226300 0.008112 0.050205 0.998706 1.577100 0.000000 0.000000 0.000000 1.000000
0.999741 -0.021743 -0.006690 -0.000000 0.021387 0.998557 -0.049260 9.226300 0.007752 0.049104 0.998764 1.577100 0.000000 0.000000 0.000000 1.000000
0.999767 -0.020579 -0.006575 -0.000000 0.020236 0.998614 -0.048591 9.226300 0.007566 0.048447 0.998797 1.577100 0.000000 0.000000 0.000000 1.000000
0.999786 -0.019563 -0.006778 -0.000000 0.019212 0.998635 -0.048572 9.226300 0.007719 0.048431 0.998797 1.577100 0.000000 0.000000 0.000000 1.000000
0.999791 -0.019066 -0.007439 -0.000000 0.018677 0.998613 -0.049221 9.226300 0.008367 0.049072 0.998760 1.577100 0.000000 0.000000 0.000000 1.000000
0.999780 -0.019154 -0.008581 0.000000 0.018699 0.998558 -0.050316 9.226300 0.009532 0.050144 0.998697 1.577100 0.000000 0.000000 0.000000 1.000000
0.999758 -0.019587 -0.010033 -0.000000 0.019046 0.998493 -0.051460 9.226300 0.011026 0.051257 0.998625 1.577100 0.000000 0.000000 0.000000 1.000000
0.999733 -0.020025 -0.011491 0.000000 0.019398 0.998443 -0.052295 9.226300 0.012520 0.052058 0.998566 1.577100 0.000000 0.000000 0.000000 1.000000
0.999714 -0.020254 -0.012680 0.000000 0.019559 0.998418 -0.052716 9.226300 0.013728 0.052453 0.998529 1.577100 0.000000 0.000000 0.000000 1.000000
0.999704 -0.020248 -0.013495 0.000000 0.019507 0.998406 -0.052965 9.226300 0.014546 0.052686 0.998505 1.577100 0.000000 0.000000 0.000000 1.000000
0.999701 -0.020053 -0.013985 0.000000 0.019278 0.998384 -0.053466 9.226300 0.015035 0.053181 0.998472 1.577100 0.000000 0.000000 0.000000 1.000000
0.999705 -0.019674 -0.014227 0.000000 0.018871 0.998335 -0.054501 9.226300 0.015276 0.054216 0.998412 1.577100 0.000000 0.000000 0.000000 1.000000
0.999717 -0.019048 -0.014241 0.000000 0.018224 0.998268 -0.055931 9.226300 0.015282 0.055656 0.998333 1.577100 0.000000 0.000000 0.000000 1.000000
0.999736 -0.018195 -0.014019 0.000000 0.017365 0.998211 -0.057211 9.226300 0.015035 0.056952 0.998264 1.577100 0.000000 0.000000 0.000000 1.000000
0.999757 -0.017336 -0.013601 0.000000 0.016524 0.998196 -0.057725 9.226300 0.014577 0.057486 0.998240 1.577100 0.000000 0.000000 0.000000 1.000000
0.999773 -0.016796 -0.013112 0.000000 0.016019 0.998232 -0.057230 9.226300 0.014050 0.057007 0.998275 1.577100 0.000000 0.000000 0.000000 1.000000
0.999779 -0.016755 -0.012688 0.000000 0.016019 0.998298 -0.056073 9.226300 0.013606 0.055857 0.998346 1.577100 0.000000 0.000000 0.000000 1.000000
0.999778 -0.017066 -0.012381 0.000000 0.016361 0.998353 -0.054994 9.226300 0.013299 0.054780 0.998410 1.577100 0.000000 0.000000 0.000000 1.000000
0.999776 -0.017310 -0.012154 0.000000 0.016621 0.998366 -0.054668 9.226300 0.013081 0.054454 0.998431 1.577100 0.000000 0.000000 0.000000 1.000000
0.999783 -0.017048 -0.011960 -0.000000 0.016362 0.998336 -0.055297 9.226300 0.012883 0.055089 0.998398 1.577100 0.000000 0.000000 0.000000 1.000000
0.999801 -0.016081 -0.011812 0.000000 0.015388 0.998281 -0.056558 9.226300 0.012702 0.056365 0.998329 1.577100 0.000000 0.000000 0.000000 1.000000
0.999825 -0.014504 -0.011783 0.000000 0.013799 0.998228 -0.057879 9.226300 0.012602 0.057706 0.998254 1.577100 0.000000 0.000000 0.000000 1.000000
