<?xml version="1.0" encoding="utf-8"?>
<COLLADA xmlns="http://www.collada.org/2005/11/COLLADASchema" version="1.4.1">
  <asset><contributor><author>Mixamo</author><authoring_tool>COLLADA Mixamo exporter</authoring_tool><comments></comments></contributor><created>2018-10-15T19:33:34Z</created><modified>2018-10-15T19:33:34Z</modified><revision></revision><title></title><unit meter="0.010000"/><up_axis>Y_UP</up_axis></asset>
  <library_animations>
    <animation id="Hips-anim" name="Hips"><source id="Hips-Matrix-animation-input"><float_array id="Hips-Matrix-animation-input-array" count="32">

0.000000 0.033333 0.066667 0.100000 0.133333 0.166667 0.200000 0.233333 0.266667 0.300000 0.333333 0.366667 0.400000 0.433333 0.466667 0.500000
0.533333 0.566667 0.600000 0.633333 0.666667 0.700000 0.733333 0.766667 0.800000 0.833333 0.866667 0.900000 0.933333 0.966667 1.000000 1.033333</float_array><technique_common><accessor source="#Hips-Matrix-animation-input-array" count="32"><param name="TIME" type="float"/></accessor></technique_common></source><source id="Hips-Matrix-animation-output-transform"><float_array id="Hips-Matrix-animation-output-transform-array" count="512">

0.999184 0.022468 0.033563 0.014718 -0.021332 0.999200 -0.033836 115.182465 -0.034296 0.033092 0.998864 -1.896397 0.000000 0.000000 0.000000 1.000000
0.999641 0.014598 0.022463 0.202447 -0.013594 0.998928 -0.044244 116.516991 -0.023085 0.043923 0.998768 -2.353927 0.000000 0.000000 0.000000 1.000000
0.999903 0.007738 0.011586 0.433410 -0.007083 0.998433 -0.055512 117.013168 -0.011998 0.055424 0.998391 -3.048388 0.000000 0.000000 0.000000 1.000000
0.999677 0.024159 -0.007913 0.728503 -0.024612 0.997691 -0.063295 116.223244 0.006365 0.063469 0.997964 -3.679424 0.000000 0.000000 0.000000 1.000000
0.998412 0.044651 -0.034359 1.004330 -0.046847 0.996718 -0.066012 114.545906 0.031299 0.067517 0.997227 -3.932145 0.000000 0.000000 0.000000 1.000000
0.997004 0.055014 -0.054383 1.349608 -0.058706 0.995901 -0.068810 112.603737 0.050374 0.071797 0.996146 -3.857952 0.000000 0.000000 0.000000 1.000000
0.996418 0.053796 -0.065252 1.794618 -0.058289 0.995911 -0.069025 111.098320 0.061272 0.072582 0.995479 -3.704921 0.000000 0.000000 0.000000 1.000000
0.997307 0.040968 -0.060829 2.350986 -0.044195 0.997633 -0.052672 110.000931 0.058527 0.055219 0.996757 -2.736146 0.000000 0.000000 0.000000 1.000000
0.998161 0.034321 -0.049977 3.144226 -0.036331 0.998544 -0.039886 109.577805 0.048535 0.041628 0.997954 -0.947843 0.000000 0.000000 0.000000 1.000000
0.998799 0.028101 -0.040138 4.009130 -0.029248 0.999172 -0.028275 108.893166 0.039311 0.029415 0.998794 0.518764 0.000000 0.000000 0.000000 1.000000
0.999292 0.021385 -0.030957 4.773521 -0.021947 0.999598 -0.017922 107.870346 0.030562 0.018589 0.999360 1.265543 0.000000 0.000000 0.000000 1.000000
0.999745 0.009721 -0.020402 5.423574 -0.009904 0.999911 -0.008924 107.389038 0.020314 0.009124 0.999752 1.234348 0.000000 0.000000 0.000000 1.000000
0.999961 -0.003117 -0.008210 5.868677 0.003107 0.999994 -0.001283 107.644600 0.008213 0.001257 0.999965 0.820455 0.000000 0.000000 0.000000 1.000000
0.999888 -0.013799 0.005739 5.988892 0.013770 0.999893 0.005027 108.787392 -0.005808 -0.004947 0.999971 0.323389 0.000000 0.000000 0.000000 1.000000
0.999503 -0.023624 0.020889 5.812567 0.023418 0.999675 0.010026 110.350937 -0.021119 -0.009532 0.999732 -0.145069 0.000000 0.000000 0.000000 1.000000
0.998803 -0.032412 0.036639 5.407302 0.031928 0.999396 0.013731 111.806541 -0.037062 -0.012544 0.999234 -0.317727 0.000000 0.000000 0.000000 1.000000
0.997827 -0.039435 0.052778 5.020543 0.038759 0.999154 0.013776 113.160408 -0.053277 -0.011701 0.998511 -0.263946 0.000000 0.000000 0.000000 1.000000
0.996731 -0.043079 0.068350 4.681065 0.042530 0.999050 0.009470 114.019783 -0.068693 -0.006532 0.997616 -0.269946 0.000000 0.000000 0.000000 1.000000
0.995687 -0.042504 0.082465 4.332550 0.042671 0.999089 -0.000271 114.287689 -0.082379 0.003789 0.996594 -0.408951 0.000000 0.000000 0.000000 1.000000
0.993552 -0.052185 0.100651 3.898094 0.053740 0.998473 -0.012802 114.211861 -0.099829 0.018128 0.994839 -0.511719 0.000000 0.000000 0.000000 1.000000
0.991121 -0.059471 0.118920 3.453028 0.063042 0.997659 -0.026489 113.444435 -0.117066 0.033751 0.992550 -0.522325 0.000000 0.000000 0.000000 1.000000
0.989884 -0.060597 0.128290 3.009636 0.066508 0.996889 -0.042304 112.688339 -0.125327 0.050408 0.990834 -0.704214 0.000000 0.000000 0.000000 1.000000
0.989950 -0.058302 0.128844 2.343048 0.064565 0.996899 -0.044976 111.166542 -0.125822 0.052843 0.990644 -0.134001 0.000000 0.000000 0.000000 1.000000
0.992210 -0.040039 0.117968 1.554564 0.043946 0.998562 -0.030706 109.848419 -0.116569 0.035651 0.992543 1.122792 0.000000 0.000000 0.000000 1.000000
0.993794 -0.030458 0.106988 0.749597 0.033451 0.999095 -0.026289 108.843521 -0.106090 0.029705 0.993913 2.519670 0.000000 0.000000 0.000000 1.000000
0.995135 -0.015920 0.097230 -0.020168 0.018453 0.999512 -0.025206 107.881645 -0.096781 0.026877 0.994943 2.939971 0.000000 0.000000 0.000000 1.000000
0.996120 -0.004327 0.087901 -0.806848 0.006701 0.999620 -0.026732 107.729172 -0.087752 0.027217 0.995770 2.779184 0.000000 0.000000 0.000000 1.000000
0.996913 0.006800 0.078221 -1.356064 -0.004482 0.999547 -0.029775 108.219467 -0.078388 0.029332 0.996491 1.796870 0.000000 0.000000 0.000000 1.000000
0.997593 0.014509 0.067804 -1.425231 -0.012280 0.999374 -0.033183 109.409111 -0.068243 0.032270 0.997147 0.683816 0.000000 0.000000 0.000000 1.000000
0.998229 0.019102 0.056343 -1.059462 -0.017101 0.999213 -0.035784 111.209465 -0.056982 0.034757 0.997770 -0.153672 0.000000 0.000000 0.000000 1.000000
0.998764 0.021760 0.044698 -0.502409 -0.020139 0.999134 -0.036403 113.248215 -0.045452 0.035458 0.998337 -0.982436 0.000000 0.000000 0.000000 1.000000
0.999184 0.022468 0.033563 0.014716 -0.021332 0.999200 -0.033836 115.182465 -0.034296 0.033092 0.998864 -1.896397 0.000000 0.000000 0.000000 1.000000</float_array><technique_common><accessor source="#Hips-Matrix-animation-output-transform-array" count="32" stride="16"><param type="float4x4"/></accessor></technique_common></source><source id="Hips-Interpolations"><Name_array id="Hips-Interpolations-array" count="32">
 LINEAR LINEAR LINEAR LINEAR LINEAR LINEAR LINEAR LINEAR LINEAR LINEAR LINEAR
LINEAR LINEAR LINEAR LINEAR LINEAR LINEAR LINEAR LINEAR LINEAR LINEAR LINEAR LINEAR
LINEAR LINEAR LINEAR LINEAR LINEAR LINEAR LINEAR LINEAR LINEAR</Name_array><technique_common><accessor source="#Hips-Interpolations-array" count="32"><param type="name"/></accessor></technique_common></source><sampler id="Hips-Matrix-animation-transform"><input semantic="INPUT" source="#Hips-Matrix-animation-input"/><input semantic="OUTPUT" source="#Hips-Matrix-animation-output-transform"/><input semantic="INTERPOLATION" source="#Hips-Interpolations"/></sampler><channel source="#Hips-Matrix-animation-transform" target="Hips/matrix"/></animation>
    <animation id="Spine-anim" name="Spine"><source id="Spine-Matrix-animation-input"><float_array id="Spine-Matrix-animation-input-array" count="32">

0.000000 0.033333 0.066667 0.100000 0.133333 0.166667 0.200000 0.233333 0.266667 0.300000 0.333333 0.366667 0.400000 0.433333 0.466667 0.500000
0.533333 0.566667 0.600000 0.633333 0.666667 0.700000 0.733333 0.766667 0.800000 0.833333 0.866667 0.900000 0.933333 0.966667 1.000000 1.033333</float_array><technique_common><accessor source="#Spine-Matrix-animation-input-array" count="32"><param name="TIME" type="float"/></accessor></technique_common></source><source id="Spine-Matrix-animation-output-transform"><float_array id="Spine-Matrix-animation-output-transform-array" count="512">

0.999593 -0.020344 -0.019979 0.000000 0.018072 0.993993 -0.107945 13.214800 0.022055 0.107540 0.993956 0.000000 0.000000 0.000000 0.000000 1.000000
0.999934 -0.011250 -0.002466 0.000000 0.010945 0.994855 -0.100718 13.214800 0.003587 0.100685 0.994912 0.000000 0.000000 0.000000 0.000000 1.000000
0.999855 -0.009908 0.013881 0.000000 0.011156 0.995614 -0.092890 13.214800 -0.012900 0.093031 0.995580 0.000000 0.000000 0.000000 0.000000 1.000000
0.998369 -0.040559 0.040167 0.000000 0.043796 0.995561 -0.083305 13.214800 -0.036610 0.084928 0.995714 0.000000 0.000000 0.000000 0.000000 1.000000
0.995704 -0.067903 0.062952 -0.000000 0.072359 0.994818 -0.071428 13.214800 -0.057776 0.075676 0.995457 0.000000 0.000000 0.000000 0.000000 1.000000
0.994935 -0.072561 0.069568 0.000000 0.076909 0.995109 -0.061992 13.214800 -0.064730 0.067029 0.995649 0.000000 0.000000 0.000000 0.000000 1.000000
0.995429 -0.059590 0.074637 -0.000000 0.064252 0.996024 -0.061700 13.214800 -0.070664 0.066214 0.995300 0.000000 0.000000 0.000000 0.000000 1.000000
0.996461 -0.031988 0.077733 0.000000 0.037445 0.996858 -0.069794 13.214800 -0.075256 0.072458 0.994528 0.000000 0.000000 0.000000 0.000000 1.000000
0.997070 -0.012788 0.075419 -0.000000 0.017492 0.997920 -0.062040 13.214800 -0.074469 0.063177 0.995220 0.000000 0.000000 0.000000 0.000000 1.000000
0.997458 0.008951 0.070693 -0.000000 -0.004711 0.998193 -0.059912 13.214800 -0.071102 0.059427 0.995697 0.000000 0.000000 0.000000 0.000000 1.000000
0.997216 0.019590 0.071949 -0.000000 -0.014959 0.997815 -0.064357 13.214800 -0.073052 0.063102 0.995330 -0.000000 0.000000 0.000000 0.000000 1.000000
0.997825 0.026285 0.060451 0.000000 -0.022013 0.997285 -0.070278 13.214800 -0.062134 0.068794 0.995694 0.000000 0.000000 0.000000 0.000000 1.000000
0.999216 0.028534 0.027448 0.000000 -0.026352 0.996698 -0.076798 13.214800 -0.029549 0.076014 0.996669 0.000000 0.000000 0.000000 0.000000 1.000000
0.999572 0.028261 -0.007494 -0.000000 -0.028788 0.996113 -0.083248 13.214800 0.005112 0.083428 0.996501 0.000000 0.000000 0.000000 0.000000 1.000000
0.998967 0.031341 -0.032896 -0.000000 -0.034110 0.995597 -0.087307 13.214800 0.030015 0.088339 0.995638 0.000000 0.000000 0.000000 0.000000 1.000000
0.997652 0.041113 -0.054774 0.000000 -0.045714 0.995281 -0.085593 13.214800 0.050996 0.087896 0.994823 -0.000000 0.000000 0.000000 0.000000 1.000000
0.995869 0.048505 -0.076760 -0.000000 -0.054803 0.995109 -0.082191 13.214800 0.072398 0.086058 0.993656 -0.000000 0.000000 0.000000 0.000000 1.000000
0.994040 0.051381 -0.096153 0.000000 -0.059479 0.994744 -0.083345 13.214800 0.091365 0.088568 0.991871 0.000000 0.000000 0.000000 0.000000 1.000000
0.992445 0.053439 -0.110445 0.000000 -0.062852 0.994517 -0.083576 13.214800 0.105373 0.089886 0.990362 0.000000 0.000000 0.000000 0.000000 1.000000
0.989073 0.074390 -0.127279 0.000000 -0.084480 0.993538 -0.075798 13.214800 0.120818 0.085723 0.988966 0.000000 0.000000 0.000000 0.000000 1.000000
0.986656 0.089359 -0.136103 0.000000 -0.098601 0.993148 -0.062734 13.214800 0.129564 0.075317 0.988706 0.000000 0.000000 0.000000 0.000000 1.000000
0.988007 0.083504 -0.129883 0.000000 -0.091113 0.994387 -0.053778 13.214800 0.124664 0.064967 0.990070 0.000000 0.000000 0.000000 0.000000 1.000000
0.990187 0.071560 -0.120036 0.000000 -0.078938 0.995198 -0.057879 13.214800 0.115318 0.066786 0.991081 0.000000 0.000000 0.000000 0.000000 1.000000
0.993108 0.042815 -0.109100 0.000000 -0.050872 0.996094 -0.072171 13.214800 0.105584 0.077224 0.991407 -0.000000 0.000000 0.000000 0.000000 1.000000
0.993348 0.020912 -0.113232 0.000000 -0.029104 0.997038 -0.071186 13.214800 0.111408 0.074008 0.991015 0.000000 0.000000 0.000000 0.000000 1.000000
0.992020 0.006336 -0.125917 -0.000000 -0.014976 0.997588 -0.067785 13.214800 0.125184 0.069130 0.989722 0.000000 0.000000 0.000000 0.000000 1.000000
0.992718 0.002160 -0.120440 0.000000 -0.010233 0.997737 -0.066450 13.214800 0.120024 0.067199 0.990494 0.000000 0.000000 0.000000 0.000000 1.000000
0.995687 0.000350 -0.092777 0.000000 -0.007310 0.997180 -0.074691 13.214800 0.092489 0.075047 0.992881 0.000000 0.000000 0.000000 0.000000 1.000000
0.997894 -0.002724 -0.064803 0.000000 -0.002689 0.996521 -0.083302 13.214800 0.064804 0.083301 0.994415 0.000000 0.000000 0.000000 0.000000 1.000000
0.998934 -0.008815 -0.045307 0.000000 0.004833 0.996175 -0.087252 13.214800 0.045903 0.086940 0.995155 0.000000 0.000000 0.000000 0.000000 1.000000
0.999391 -0.015638 -0.031186 0.000000 0.012638 0.995476 -0.094164 13.214800 0.032517 0.093713 0.995068 -0.000000 0.000000 0.000000 0.000000 1.000000
0.999593 -0.020344 -0.019979 0.000000 0.018072 0.993993 -0.107945 13.214800 0.022055 0.107540 0.993956 0.000000 0.000000 0.000000 0.000000 1.000000</float_array><technique_common><accessor source="#Spine-Matrix-animation-output-transform-array" count="32" stride="16"><param type="float4x4"/></accessor></technique_common></source><source id="Spine-Interpolations"><Name_array id="Spine-Interpolations-array" count="32">
 LINEAR LINEAR LINEAR LINEAR LINEAR LINEAR LINEAR LINEAR LINEAR LINEAR LINEAR
LINEAR LINEAR LINEAR LINEAR LINEAR LINEAR LINEAR LINEAR LINEAR LINEAR LINEAR LINEAR
LINEAR LINEAR LINEAR LINEAR LINEAR LINEAR LINEAR LINEAR LINEAR</Name_array><technique_common><accessor source="#Spine-Interpolations-array" count="32"><param type="name"/></accessor></technique_common></source><sampler id="Spine-Matrix-animation-transform"><input semantic="INPUT" source="#Spine-Matrix-animation-input"/><input semantic="OUTPUT" source="#Spine-Matrix-animation-output-transform"/><input semantic="INTERPOLATION" source="#Spine-Interpolations"/></sampler><channel source="#Spine-Matrix-animation-transform" target="Spine/matrix"/></animation>
    <animation id="Spine1-anim" name="Spine1"><source id="Spine1-Matrix-animation-input"><float_array id="Spine1-Matrix-animation-input-array" count="32">

0.000000 0.033333 0.066667 0.100000 0.133333 0.166667 0.200000 0.233333 0.266667 0.300000 0.333333 0.366667 0.400000 0.433333 0.466667 0.500000
0.533333 0.566667 0.600000 0.633333 0.666667 0.700000 0.733333 0.766667 0.800000 0.833333 0.866667 0.900000 0.933333 0.966667 1.000000 1.033333</float_array><technique_common><accessor source="#Spine1-Matrix-animation-input-array" count="32"><param name="TIME" type="float"/></accessor></technique_common></source><source id="Spine1-Matrix-animation-output-transform"><float_array id="Spine1-Matrix-animation-output-transform-array" count="512">

0.998877 -0.021488 -0.042215 -0.007800 0.019647 0.998858 -0.043549 9.224200 0.043103 0.042670 0.998159 -0.000000 0.000000 0.000000 0.000000 1.000000
0.999414 -0.011801 -0.032122 -0.007800 0.010546 0.999185 -0.038965 9.224200 0.032556 0.038603 0.998724 -0.000000 0.000000 0.000000 0.000000 1.000000
0.999764 0.000591 -0.021709 -0.007800 -0.001354 0.999382 -0.035128 9.224200 0.021675 0.035150 0.999147 0.000000 0.000000 0.000000 0.000000 1.000000
0.999771 0.018103 -0.011382 -0.007800 -0.018481 0.999250 -0.034039 9.224200 0.010758 0.034241 0.999356 0.000000 0.000000 0.000000 0.000000 1.000000
0.999523 0.030890 0.000516 -0.007800 -0.030853 0.998911 -0.034993 9.224200 -0.001597 0.034961 0.999387 0.000000 0.000000 0.000000 0.000000 1.000000
0.999336 0.033079 0.015279 -0.007800 -0.032528 0.998857 -0.035021 9.224200 -0.016420 0.034501 0.999270 -0.000000 0.000000 0.000000 0.000000 1.000000
0.999084 0.030720 0.029802 -0.007800 -0.029658 0.998931 -0.035444 9.224200 -0.030859 0.034528 0.998927 0.000000 0.000000 0.000000 0.000000 1.000000
0.998768 0.029010 0.040255 -0.007800 -0.027522 0.998935 -0.037021 9.224200 -0.041286 0.035867 0.998503 0.000000 0.000000 0.000000 0.000000 1.000000
0.998661 0.025117 0.045220 -0.007800 -0.023603 0.999153 -0.033702 9.224200 -0.046028 0.032589 0.998408 -0.000000 0.000000 0.000000 0.000000 1.000000
0.998998 0.013644 0.042636 -0.007800 -0.012543 0.999584 -0.025982 9.224200 -0.042973 0.025421 0.998753 0.000000 0.000000 0.000000 0.000000 1.000000
0.999347 0.012356 0.033947 -0.007800 -0.011604 0.999685 -0.022242 9.224200 -0.034211 0.021833 0.999176 0.000000 0.000000 0.000000 0.000000 1.000000
0.999562 0.012609 0.026772 -0.007800 -0.012006 0.999673 -0.022560 9.224200 -0.027048 0.022228 0.999387 0.000000 0.000000 0.000000 0.000000 1.000000
0.999796 0.009744 0.017680 -0.007800 -0.009276 0.999609 -0.026383 9.224200 -0.017930 0.026213 0.999496 0.000000 0.000000 0.000000 0.000000 1.000000
0.999977 0.006712 0.000963 -0.007800 -0.006679 0.999497 -0.030990 9.224200 -0.001171 0.030983 0.999519 0.000000 0.000000 0.000000 0.000000 1.000000
0.999805 0.004416 -0.019235 -0.007800 -0.005055 0.999433 -0.033289 9.224200 0.019077 0.033380 0.999261 0.000000 0.000000 0.000000 0.000000 1.000000
0.999306 -0.002008 -0.037189 -0.007800 0.000730 0.999409 -0.034354 9.224200 0.037236 0.034303 0.998718 -0.000000 0.000000 0.000000 0.000000 1.000000
0.998479 -0.009706 -0.054266 -0.007800 0.007775 0.999333 -0.035679 9.224200 0.054576 0.035203 0.997889 0.000000 0.000000 0.000000 0.000000 1.000000
0.997222 -0.018320 -0.072204 -0.007800 0.015709 0.999208 -0.036565 9.224200 0.072817 0.035330 0.996719 -0.000000 0.000000 0.000000 0.000000 1.000000
0.995594 -0.029975 -0.088847 -0.007800 0.026677 0.998918 -0.038082 9.224200 0.089892 0.035544 0.995317 0.000000 0.000000 0.000000 0.000000 1.000000
0.993593 -0.046226 -0.103133 -0.007800 0.041965 0.998189 -0.043108 9.224200 0.104939 0.038504 0.993733 0.000000 0.000000 0.000000 0.000000 1.000000
0.991398 -0.057175 -0.117730 -0.007800 0.051915 0.997532 -0.047274 9.224200 0.120142 0.040756 0.991920 0.000000 0.000000 0.000000 0.000000 1.000000
0.989758 -0.056947 -0.130909 -0.007800 0.051333 0.997627 -0.045877 9.224200 0.133210 0.038687 0.990332 0.000000 0.000000 0.000000 0.000000 1.000000
0.988911 -0.054690 -0.138076 -0.007800 0.048865 0.997781 -0.045235 9.224200 0.140243 0.037986 0.989388 0.000000 0.000000 0.000000 0.000000 1.000000
0.988725 -0.053723 -0.139775 -0.007800 0.047624 0.997777 -0.046619 9.224200 0.141969 0.039437 0.989085 0.000000 0.000000 0.000000 0.000000 1.000000
0.989519 -0.047128 -0.136493 -0.007800 0.041672 0.998225 -0.042557 9.224200 0.138256 0.036423 0.989727 0.000000 0.000000 0.000000 0.000000 1.000000
0.990498 -0.049641 -0.128253 -0.007800 0.044612 0.998130 -0.041794 9.224200 0.130088 0.035675 0.990860 -0.000000 0.000000 0.000000 0.000000 1.000000
0.991362 -0.049138 -0.121601 -0.007800 0.044488 0.998182 -0.040666 9.224200 0.123378 0.034905 0.991746 -0.000000 0.000000 0.000000 0.000000 1.000000
0.992642 -0.045919 -0.112041 -0.007800 0.041523 0.998285 -0.041268 9.224200 0.113744 0.036312 0.992846 -0.000000 0.000000 0.000000 0.000000 1.000000
0.994686 -0.041358 -0.094283 -0.007800 0.037313 0.998323 -0.044271 9.224200 0.095955 0.040517 0.994561 0.000000 0.000000 0.000000 0.000000 1.000000
0.996778 -0.034783 -0.072281 -0.007800 0.031471 0.998424 -0.046463 9.224200 0.073783 0.044039 0.996301 0.000000 0.000000 0.000000 0.000000 1.000000
0.998163 -0.028060 -0.053688 -0.007800 0.025601 0.998616 -0.045945 9.224200 0.054903 0.044486 0.997500 0.000000 0.000000 0.000000 0.000000 1.000000
0.998877 -0.021488 -0.042215 -0.007800 0.019647 0.998858 -0.043549 9.224200 0.043103 0.042670 0.998159 0.000000 0.000000 0.000000 0.000000 1.000000</float_array><technique_common><accessor source="#Spine1-Matrix-animation-output-transform-array" count="32" stride="16"><param type="float4x4"/></accessor></technique_common></source><source id="Spine1-Interpolations"><Name_array id="Spine1-Interpolations-array" count="32">
 LINEAR LINEAR LINEAR LINEAR LINEAR LINEAR LINEAR LINEAR LINEAR LINEAR LINEAR
LINEAR LINEAR LINEAR LINEAR LINEAR LINEAR LINEAR LINEAR LINEAR LINEAR LINEAR LINEAR
LINEAR LINEAR LINEAR LINEAR LINEAR LINEAR LINEAR LINEAR LINEAR</Name_array><technique_common><accessor source="#Spine1-Interpolations-array" count="32"><param type="name"/></accessor></technique_common></source><sampler id="Spine1-Matrix-animation-transform"><input semantic="INPUT" source="#Spine1-Matrix-animation-input"/><input semantic="OUTPUT" source="#Spine1-Matrix-animation-output-transform"/><input semantic="INTERPOLATION" source="#Spine1-Interpolations"/></sampler><channel source="#Spine1-Matrix-animation-transform" target="Spine1/matrix"/></animation>
    <animation id="Spine2-anim" name="Spine2"><source id="Spine2-Matrix-animation-input"><float_array id="Spine2-Matrix-animation-input-array" count="32">

0.000000 0.033333 0.066667 0.100000 0.133333 0.166667 0.200000 0.233333 0.266667 0.300000 0.333333 0.366667 0.400000 0.433333 0.466667 0.500000
0.533333 0.566667 0.600000 0.633333 0.666667 0.700000 0.733333 0.766667 0.800000 0.833333 0.866667 0.900000 0.933333 0.966667 1.000000 1.033333</float_array><technique_common><accessor source="#Spine2-Matrix-animation-input-array" count="32"><param name="TIME" type="float"/></accessor></technique_common></source><source id="Spine2-Matrix-animation-output-transform"><float_array id="Spine2-Matrix-animation-output-transform-array" count="512">

0.998867 -0.023401 -0.041444 -0.005300 0.021613 0.998838 -0.043085 11.063000 0.042404 0.042141 0.998211 0.000000 0.000000 0.000000 0.000000 1.000000
0.999418 -0.013431 -0.031365 -0.005300 0.012214 0.999177 -0.038669 11.063000 0.031859 0.038263 0.998760 0.000000 0.000000 0.000000 0.000000 1.000000
0.999776 -0.000779 -0.021149 -0.005300 0.000041 0.999393 -0.034841 11.063000 0.021164 0.034833 0.999169 0.000000 0.000000 0.000000 0.000000 1.000000
0.999792 0.017009 -0.011258 -0.005300 -0.017376 0.999292 -0.033378 11.063000 0.010682 0.033567 0.999379 0.000000 0.000000 0.000000 0.000000 1.000000
0.999544 0.030189 0.000256 -0.005300 -0.030163 0.998976 -0.033708 11.063000 -0.001273 0.033685 0.999432 -0.000000 0.000000 0.000000 0.000000 1.000000
0.999353 0.032757 0.014879 -0.005300 -0.032242 0.998914 -0.033624 11.063000 -0.015964 0.033122 0.999324 0.000000 0.000000 0.000000 0.000000 1.000000
0.999094 0.030832 0.029330 -0.005300 -0.029818 0.998963 -0.034405 11.063000 -0.030360 0.033499 0.998978 0.000000 0.000000 0.000000 0.000000 1.000000
0.998769 0.029660 0.039760 -0.005300 -0.028227 0.998949 -0.036122 11.063000 -0.040789 0.034955 0.998556 0.000000 0.000000 0.000000 0.000000 1.000000
0.998654 0.025633 0.045086 -0.005300 -0.024162 0.999167 -0.032878 11.063000 -0.045892 0.031745 0.998442 0.000000 0.000000 0.000000 0.000000 1.000000
0.998979 0.013355 0.043159 -0.005300 -0.012251 0.999594 -0.025736 11.063000 -0.043485 0.025181 0.998737 0.000000 0.000000 0.000000 0.000000 1.000000
0.999329 0.011580 0.034734 -0.005300 -0.010831 0.999706 -0.021680 11.063000 -0.034975 0.021289 0.999161 0.000000 0.000000 0.000000 0.000000 1.000000
0.999546 0.011925 0.027669 -0.005300 -0.011325 0.999700 -0.021731 11.063000 -0.027920 0.021408 0.999381 0.000000 0.000000 0.000000 0.000000 1.000000
0.999783 0.009376 0.018587 -0.005300 -0.008897 0.999631 -0.025683 11.063000 -0.018821 0.025512 0.999497 0.000000 0.000000 0.000000 0.000000 1.000000
0.999978 0.006323 0.001806 -0.005300 -0.006265 0.999512 -0.030605 11.063000 -0.001998 0.030593 0.999530 -0.000000 0.000000 0.000000 0.000000 1.000000
0.999823 0.003632 -0.018466 -0.005300 -0.004245 0.999439 -0.033235 11.063000 0.018335 0.033307 0.999277 -0.000000 0.000000 0.000000 0.000000 1.000000
0.999331 -0.003280 -0.036437 -0.005300 0.002027 0.999407 -0.034371 11.063000 0.036528 0.034274 0.998745 -0.000000 0.000000 0.000000 0.000000 1.000000
0.998501 -0.011511 -0.053513 -0.005300 0.009618 0.999324 -0.035497 11.063000 0.053885 0.034929 0.997936 -0.000000 0.000000 0.000000 0.000000 1.000000
0.997233 -0.020574 -0.071430 -0.005300 0.018032 0.999187 -0.036047 11.063000 0.072114 0.034660 0.996794 0.000000 0.000000 0.000000 0.000000 1.000000
0.995594 -0.032564 -0.087934 -0.005300 0.029420 0.998889 -0.036822 11.063000 0.089036 0.034073 0.995445 -0.000000 0.000000 0.000000 0.000000 1.000000
0.993575 -0.049389 -0.101828 -0.005300 0.045488 0.998152 -0.040284 11.063000 0.103629 0.035394 0.993986 0.000000 0.000000 0.000000 0.000000 1.000000
0.991372 -0.060924 -0.116057 -0.005300 0.056202 0.997470 -0.043541 11.063000 0.118416 0.036642 0.992288 0.000000 0.000000 0.000000 0.000000 1.000000
0.989750 -0.060705 -0.129267 -0.005300 0.055591 0.997535 -0.042811 11.063000 0.131548 0.035186 0.990685 -0.000000 0.000000 0.000000 0.000000 1.000000
0.988908 -0.058620 -0.136476 -0.005300 0.053232 0.997665 -0.042796 11.063000 0.138666 0.035056 0.989719 -0.000000 0.000000 0.000000 0.000000 1.000000
0.988693 -0.058089 -0.138245 -0.005300 0.052451 0.997650 -0.044082 11.063000 0.140481 0.036332 0.989417 0.000000 0.000000 0.000000 0.000000 1.000000
0.989458 -0.051042 -0.135530 -0.005300 0.045923 0.998118 -0.040636 11.063000 0.137349 0.033983 0.989940 0.000000 0.000000 0.000000 0.000000 1.000000
0.990404 -0.053032 -0.127624 -0.005300 0.048435 0.998070 -0.038859 11.063000 0.129438 0.032305 0.991061 0.000000 0.000000 0.000000 0.000000 1.000000
0.991261 -0.052124 -0.121183 -0.005300 0.047859 0.998137 -0.037844 11.063000 0.122930 0.031713 0.991908 -0.000000 0.000000 0.000000 0.000000 1.000000
0.992545 -0.048850 -0.111662 -0.005300 0.044732 0.998234 -0.039095 11.063000 0.113374 0.033809 0.992977 0.000000 0.000000 0.000000 0.000000 1.000000
0.994600 -0.044413 -0.093801 -0.005300 0.040545 0.998263 -0.042744 11.063000 0.095536 0.038710 0.994673 0.000000 0.000000 0.000000 0.000000 1.000000
0.996720 -0.037599 -0.071662 -0.005300 0.034382 0.998368 -0.045604 11.063000 0.073260 0.042990 0.996386 0.000000 0.000000 0.000000 0.000000 1.000000
0.998136 -0.030323 -0.052958 -0.005300 0.027923 0.998575 -0.045487 11.063000 0.054261 0.043923 0.997560 0.000000 0.000000 0.000000 0.000000 1.000000
0.998867 -0.023401 -0.041444 -0.005300 0.021613 0.998838 -0.043085 11.063000 0.042404 0.042141 0.998211 0.000000 0.000000 0.000000 0.000000 1.000000</float_array><technique_common><accessor source="#Spine2-Matrix-animation-output-transform-array" count="32" stride="16"><param type="float4x4"/></accessor></technique_common></source><source id="Spine2-Interpolations"><Name_array id="Spine2-Interpolations-array" count="32">
 LINEAR LINEAR LINEAR LINEAR LINEAR LINEAR LINEAR LINEAR LINEAR LINEAR LINEAR
LINEAR LINEAR LINEAR LINEAR LINEAR LINEAR LINEAR LINEAR LINEAR LINEAR LINEAR LINEAR
LINEAR LINEAR LINEAR LINEAR LINEAR LINEAR LINEAR LINEAR LINEAR</Name_array><technique_common><accessor source="#Spine2-Interpolations-array" count="32"><param type="name"/></accessor></technique_common></source><sampler id="Spine2-Matrix-animation-transform"><input semantic="INPUT" source="#Spine2-Matrix-animation-input"/><input semantic="OUTPUT" source="#Spine2-Matrix-animation-output-transform"/><input semantic="INTERPOLATION" source="#Spine2-Interpolations"/></sampler><channel source="#Spine2-Matrix-animation-transform" target="Spine2/matrix"/></animation>
    <animation id="Neck-anim" name="Neck"><source id="Neck-Matrix-animation-input"><float_array id="Neck-Matrix-animation-input-array" count="32">

0.000000 0.033333 0.066667 0.100000 0.133333 0.166667 0.200000 0.233333 0.266667 0.300000 0.333333 0.366667 0.400000 0.433333 0.466667 0.500000
0.533333 0.566667 0.600000 0.633333 0.666667 0.700000 0.733333 0.766667 0.800000 0.833333 0.866667 0.900000 0.933333 0.966667 1.000000 1.033333</float_array><technique_common><accessor source="#Neck-Matrix-animation-input-array" count="32"><param name="TIME" type="float"/></accessor></technique_common></source><source id="Neck-Matrix-animation-output-transform"><float_array id="Neck-Matrix-animation-output-transform-array" count="512">

0.999301 0.004142 0.037153 -0.006000 -0.004454 0.999956 0.008316 23.723499 -0.037116 -0.008475 0.999275 -1.446200 0.000000 0.000000 0.000000 1.000000
0.999438 0.006365 0.032913 -0.006000 -0.006617 0.999950 0.007551 23.723499 -0.032863 -0.007765 0.999430 -1.446200 0.000000 0.000000 0.000000 1.000000
0.999623 0.004337 0.027098 -0.006000 -0.004586 0.999948 0.009156 23.723499 -0.027057 -0.009277 0.999591 -1.446200 0.000000 0.000000 0.000000 1.000000
0.999795 -0.005905 0.019354 -0.006000 0.005693 0.999924 0.010969 23.723499 -0.019417 -0.010856 0.999753 -1.446200 0.000000 0.000000 0.000000 1.000000
0.999797 -0.016764 0.011221 -0.006000 0.016649 0.999808 0.010325 23.723499 -0.011392 -0.010137 0.999884 -1.446200 0.000000 0.000000 0.000000 1.000000
0.999785 -0.020307 0.004140 -0.006000 0.020264 0.999743 0.010132 23.723499 -0.004345 -0.010046 0.999940 -1.446200 0.000000 0.000000 0.000000 1.000000
0.999829 -0.018360 -0.002006 -0.006000 0.018384 0.999748 0.012906 23.723499 0.001769 -0.012941 0.999915 -1.446200 0.000000 0.000000 0.000000 1.000000
0.999886 -0.013393 -0.006956 -0.006000 0.013491 0.999807 0.014259 23.723499 0.006763 -0.014351 0.999874 -1.446200 0.000000 0.000000 0.000000 1.000000
0.999964 0.001567 -0.008371 -0.006000 -0.001501 0.999967 0.007950 23.723499 0.008384 -0.007937 0.999933 -1.446200 0.000000 0.000000 0.000000 1.000000
0.999611 0.027461 -0.004915 -0.006000 -0.027446 0.999618 0.003197 23.723499 0.005001 -0.003061 0.999983 -1.446200 0.000000 0.000000 0.000000 1.000000
0.999208 0.039796 -0.000710 -0.006000 -0.039794 0.999203 0.003221 23.723499 0.000837 -0.003190 0.999995 -1.446200 0.000000 0.000000 0.000000 1.000000
0.998802 0.048724 0.004591 -0.006000 -0.048730 0.998811 0.001124 23.723499 -0.004531 -0.001347 0.999989 -1.446200 0.000000 0.000000 0.000000 1.000000
0.998459 0.054127 0.012274 -0.006000 -0.054133 0.998534 0.000137 23.723499 -0.012249 -0.000801 0.999925 -1.446200 0.000000 0.000000 0.000000 1.000000
0.998561 0.049282 0.021154 -0.006000 -0.049324 0.998782 0.001481 23.723499 -0.021055 -0.002522 0.999775 -1.446200 0.000000 0.000000 0.000000 1.000000
0.998819 0.038413 0.029761 -0.006000 -0.038424 0.999262 -0.000213 23.723499 -0.029748 -0.000931 0.999557 -1.446200 0.000000 0.000000 0.000000 1.000000
0.998815 0.030143 0.038206 -0.006000 -0.029933 0.999534 -0.006061 23.723499 -0.038371 0.004911 0.999252 -1.446200 0.000000 0.000000 0.000000 1.000000
0.998633 0.023103 0.046880 -0.006000 -0.022591 0.999680 -0.011421 23.723499 -0.047128 0.010346 0.998835 -1.446200 0.000000 0.000000 0.000000 1.000000
0.998264 0.018197 0.056024 -0.006000 -0.017542 0.999772 -0.012154 23.723499 -0.056233 0.011150 0.998355 -1.446200 0.000000 0.000000 0.000000 1.000000
0.997663 0.020207 0.065268 -0.006000 -0.019618 0.999761 -0.009654 23.723499 -0.065448 0.008351 0.997821 -1.446200 0.000000 0.000000 0.000000 1.000000
0.996765 0.029845 0.074629 -0.006000 -0.029416 0.999544 -0.006841 23.723499 -0.074799 0.004623 0.997188 -1.446200 0.000000 0.000000 0.000000 1.000000
0.995765 0.039117 0.083200 -0.006000 -0.038842 0.999233 -0.004922 23.723499 -0.083328 0.001670 0.996521 -1.446200 0.000000 0.000000 0.000000 1.000000
0.995090 0.042326 0.089465 -0.006000 -0.042380 0.999101 -0.001291 23.723499 -0.089439 -0.002507 0.995989 -1.446200 0.000000 0.000000 0.000000 1.000000
0.994896 0.039709 0.092767 -0.006000 -0.040282 0.999179 0.004310 23.723499 -0.092520 -0.008025 0.995679 -1.446200 0.000000 0.000000 0.000000 1.000000
0.995083 0.032214 0.093664 -0.006000 -0.033105 0.999420 0.007969 23.723499 -0.093353 -0.011031 0.995572 -1.446200 0.000000 0.000000 0.000000 1.000000
0.995793 0.009143 0.091175 -0.006000 -0.009484 0.999950 0.003307 23.723499 -0.091140 -0.004158 0.995829 -1.446200 0.000000 0.000000 0.000000 1.000000
0.996140 -0.002765 0.087730 -0.006000 0.002735 0.999996 0.000460 23.723499 -0.087731 -0.000219 0.996144 -1.446200 0.000000 0.000000 0.000000 1.000000
0.996605 -0.014104 0.081115 -0.006000 0.014201 0.999899 -0.000622 23.723499 -0.081098 0.001772 0.996705 -1.446200 0.000000 0.000000 0.000000 1.000000
0.997224 -0.023376 0.070695 -0.006000 0.023268 0.999726 0.002359 23.723499 -0.070731 -0.000708 0.997495 -1.446200 0.000000 0.000000 0.000000 1.000000
0.997990 -0.023150 0.058997 -0.006000 0.022881 0.999724 0.005236 23.723499 -0.059102 -0.003876 0.998244 -1.446200 0.000000 0.000000 0.000000 1.000000
0.998718 -0.014904 0.048378 -0.006000 0.014689 0.999881 0.004803 23.723499 -0.048443 -0.004087 0.998818 -1.446200 0.000000 0.000000 0.000000 1.000000
0.999165 -0.004138 0.040648 -0.006000 0.003952 0.999981 0.004654 23.723499 -0.040667 -0.004489 0.999163 -1.446200 0.000000 0.000000 0.000000 1.000000
0.999301 0.004142 0.037153 -0.006000 -0.004454 0.999956 0.008316 23.723499 -0.037116 -0.008475 0.999275 -1.446200 0.000000 0.000000 0.000000 1.000000</float_array><technique_common><accessor source="#Neck-Matrix-animation-output-transform-array" count="32" stride="16"><param type="float4x4"/></accessor></technique_common></source><source id="Neck-Interpolations"><Name_array id="Neck-Interpolations-array" count="32">
 LINEAR LINEAR LINEAR LINEAR LINEAR LINEAR LINEAR LINEAR LINEAR LINEAR LINEAR
LINEAR LINEAR LINEAR LINEAR LINEAR LINEAR LINEAR LINEAR LINEAR LINEAR LINEAR LINEAR
LINEAR LINEAR LINEAR LINEAR LINEAR LINEAR LINEAR LINEAR LINEAR</Name_array><technique_common><accessor source="#Neck-Interpolations-array" count="32"><param type="name"/></accessor></technique_common></source><sampler id="Neck-Matrix-animation-transform"><input semantic="INPUT" source="#Neck-Matrix-animation-input"/><input semantic="OUTPUT" source="#Neck-Matrix-animation-output-transform"/><input semantic="INTERPOLATION" source="#Neck-Interpolations"/></sampler><channel source="#Neck-Matrix-animation-transform" target="Neck/matrix"/></animation>
    <animation id="Head-anim" name="Head"><source id="Head-Matrix-animation-input"><float_array id="Head-Matrix-animation-input-array" count="32">

0.000000 0.033333 0.066667 0.100000 0.133333 0.166667 0.200000 0.233333 0.266667 0.300000 0.333333 0.366667 0.400000 0.433333 0.466667 0.500000
0.533333 0.566667 0.600000 0.633333 0.666667 0.700000 0.733333 0.766667 0.800000 0.833333 0.866667 0.900000 0.933333 0.966667 1.000000 1.033333</float_array><technique_common><accessor source="#Head-Matrix-animation-input-array" count="32"><param name="TIME" type="float"/></accessor></technique_common></source><source id="Head-Matrix-animation-output-transform"><float_array id="Head-Matrix-animation-output-transform-array" count="512">

0.996340 0.032647 0.078999 0.000000 -0.037096 0.997768 0.055527 10.037100 -0.077010 -0.058255 0.995327 3.529500 0.000000 0.000000 0.000000 1.000000
0.997790 0.032674 0.057860 -0.000000 -0.035549 0.998148 0.049374 10.037100 -0.056139 -0.051322 0.997103 3.529500 0.000000 0.000000 0.000000 1.000000
0.998661 0.032668 0.040123 -0.000000 -0.034635 0.998181 0.049343 10.037100 -0.038438 -0.050667 0.997976 3.529500 0.000000 0.000000 0.000000 1.000000
0.998921 0.038288 0.026298 0.000000 -0.039711 0.997646 0.055908 10.037100 -0.024095 -0.056892 0.998090 3.529500 0.000000 0.000000 0.000000 1.000000
0.998903 0.041941 0.020843 -0.000000 -0.043277 0.996716 0.068436 10.037100 -0.017904 -0.069263 0.997438 3.529500 0.000000 0.000000 0.000000 1.000000
0.998919 0.042160 0.019596 -0.000000 -0.043615 0.995765 0.080926 10.037100 -0.016101 -0.081693 0.996527 3.529500 0.000000 0.000000 0.000000 1.000000
0.999048 0.041890 0.012176 -0.000000 -0.042852 0.994640 0.094102 10.037100 -0.008168 -0.094534 0.995488 3.529500 0.000000 0.000000 0.000000 1.000000
0.999399 0.034408 -0.004238 0.000000 -0.033784 0.994043 0.103617 10.037100 0.007778 -0.103411 0.994608 3.529500 0.000000 0.000000 0.000000 1.000000
0.999636 0.015646 -0.021967 0.000000 -0.013536 0.995563 0.093120 10.037100 0.023327 -0.092789 0.995413 3.529500 0.000000 0.000000 0.000000 1.000000
0.999404 -0.010233 -0.032954 0.000000 0.012474 0.997572 0.068516 10.037100 0.032173 -0.068886 0.997106 3.529500 0.000000 0.000000 0.000000 1.000000
0.998749 -0.034349 -0.036337 -0.000000 0.036239 0.997954 0.052681 10.037100 0.034453 -0.053932 0.997950 3.529500 0.000000 0.000000 0.000000 1.000000
0.998729 -0.041869 -0.028056 0.000000 0.043394 0.997478 0.056162 10.037100 0.025634 -0.057309 0.998027 3.529500 0.000000 0.000000 0.000000 1.000000
0.999624 -0.027404 -0.000653 -0.000000 0.027382 0.997165 0.070087 10.037100 -0.001269 -0.070078 0.997541 3.529500 0.000000 0.000000 0.000000 1.000000
0.999331 -0.002955 0.036440 0.000000 0.000205 0.997166 0.075234 10.037100 -0.036559 -0.075176 0.996500 3.529500 0.000000 0.000000 0.000000 1.000000
0.997433 0.015534 0.069904 -0.000000 -0.020025 0.997749 0.064005 10.037100 -0.068753 -0.065241 0.995498 3.529500 0.000000 0.000000 0.000000 1.000000
0.995126 0.024515 0.095515 0.000000 -0.028951 0.998552 0.045342 10.037100 -0.094266 -0.047886 0.994395 3.529500 0.000000 0.000000 0.000000 1.000000
0.992379 0.030540 0.119375 0.000000 -0.034254 0.998987 0.029186 10.037100 -0.118363 -0.033052 0.992420 3.529500 0.000000 0.000000 0.000000 1.000000
0.989005 0.036365 0.143342 0.000000 -0.039846 0.998975 0.021489 10.037100 -0.142414 -0.026964 0.989440 3.529500 0.000000 0.000000 0.000000 1.000000
0.986150 0.038348 0.161363 -0.000000 -0.043095 0.998732 0.026018 10.037100 -0.160160 -0.032612 0.986552 3.529500 0.000000 0.000000 0.000000 1.000000
0.984052 0.035415 0.174320 0.000000 -0.043354 0.998179 0.041949 10.037100 -0.172517 -0.048838 0.983795 3.529500 0.000000 0.000000 0.000000 1.000000
0.982535 0.032725 0.183177 0.000000 -0.044146 0.997304 0.058622 10.037100 -0.180765 -0.065684 0.981331 3.529500 0.000000 0.000000 0.000000 1.000000
0.981894 0.032584 0.186609 0.000000 -0.045756 0.996722 0.066717 10.037100 -0.183824 -0.074048 0.980166 3.529500 0.000000 0.000000 0.000000 1.000000
0.981754 0.033322 0.187212 0.000000 -0.047893 0.996118 0.073857 10.037100 -0.184024 -0.081476 0.979539 3.529500 0.000000 0.000000 0.000000 1.000000
0.980591 0.041677 0.191582 0.000000 -0.059126 0.994515 0.086281 10.037100 -0.186935 -0.095934 0.977677 3.529500 0.000000 0.000000 0.000000 1.000000
0.975705 0.064898 0.209258 0.000000 -0.084746 0.992569 0.087316 10.037100 -0.202036 -0.102929 0.973954 3.529500 0.000000 0.000000 0.000000 1.000000
0.970354 0.083242 0.226899 0.000000 -0.102369 0.992001 0.073857 10.037100 -0.218936 -0.094894 0.971114 3.529500 0.000000 0.000000 0.000000 1.000000
0.970766 0.080643 0.226077 0.000000 -0.096976 0.993349 0.062078 10.037100 -0.219567 -0.082188 0.972129 3.529500 0.000000 0.000000 0.000000 1.000000
0.977407 0.066904 0.200498 0.000000 -0.081612 0.994476 0.066006 10.037100 -0.194974 -0.080878 0.977468 3.529500 0.000000 0.000000 0.000000 1.000000
0.985303 0.052587 0.162522 0.000000 -0.065363 0.995092 0.074288 10.037100 -0.157818 -0.083819 0.983904 3.529500 0.000000 0.000000 0.000000 1.000000
0.991460 0.039490 0.124292 -0.000000 -0.049012 0.996015 0.074509 10.037100 -0.120854 -0.079964 0.989444 3.529500 0.000000 0.000000 0.000000 1.000000
0.994966 0.032034 0.094957 -0.000000 -0.038439 0.997052 0.066402 10.037100 -0.092550 -0.069718 0.993264 3.529500 0.000000 0.000000 0.000000 1.000000
0.996340 0.032647 0.078999 0.000000 -0.037096 0.997768 0.055527 10.037100 -0.077010 -0.058255 0.995327 3.529500 0.000000 0.000000 0.000000 1.000000</float_array><technique_common><accessor source="#Head-Matrix-animation-output-transform-array" count="32" stride="16"><param type="float4x4"/></accessor></technique_common></source><source id="Head-Interpolations"><Name_array id="Head-Interpolations-array" count="32">
 LINEAR LINEAR LINEAR LINEAR LINEAR LINEAR LINEAR LINEAR LINEAR LINEAR LINEAR
LINEAR LINEAR LINEAR LINEAR LINEAR LINEAR LINEAR LINEAR LINEAR LINEAR LINEAR LINEAR
LINEAR LINEAR LINEAR LINEAR LINEAR LINEAR LINEAR LINEAR LINEAR</Name_array><technique_common><accessor source="#Head-Interpolations-array" count="32"><param type="name"/></accessor></technique_common></source><sampler id="Head-Matrix-animation-transform"><input semantic="INPUT" source="#Head-Matrix-animation-input"/><input semantic="OUTPUT" source="#Head-Matrix-animation-output-transform"/><input semantic="INTERPOLATION" source="#Head-Interpolations"/></sampler><channel source="#Head-Matrix-animation-transform" target="Head/matrix"/></animation>
    <animation id="LeftShoulder-anim" name="LeftShoulder"><source id="LeftShoulder-Matrix-animation-input"><float_array id="LeftShoulder-Matrix-animation-input-array" count="32">

0.000000 0.033333 0.066667 0.100000 0.133333 0.166667 0.200000 0.233333 0.266667 0.300000 0.333333 0.366667 0.400000 0.433333 0.466667 0.500000
