<?xml version="1.0" encoding="utf-8"?>
<COLLADA xmlns="http://www.collada.org/2005/11/COLLADASchema" version="1.4.1">
  <asset><contributor><author>Mixamo</author><authoring_tool>COLLADA Mixamo exporter</authoring_tool><comments></comments></contributor><created>2018-10-15T20:11:53Z</created><modified>2018-10-15T20:11:53Z</modified><revision></revision><title></title><unit meter="0.010000"/><up_axis>Y_UP</up_axis></asset>
  <library_animations>
    <animation id="Hips-anim" name="Hips"><source id="Hips-Matrix-animation-input"><float_array id="Hips-Matrix-animation-input-array" count="32">

0.000000 0.033333 0.066667 0.100000 0.133333 0.166667 0.200000 0.233333 0.266667 0.300000 0.333333 0.366667 0.400000 0.433333 0.466667 0.500000
0.533333 0.566667 0.600000 0.633333 0.666667 0.700000 0.733333 0.766667 0.800000 0.833333 0.866667 0.900000 0.933333 0.966667 1.000000 1.033333</float_array><technique_common><accessor source="#Hips-Matrix-animation-input-array" count="32"><param name="TIME" type="float"/></accessor></technique_common></source><source id="Hips-Matrix-animation-output-transform"><float_array id="Hips-Matrix-animation-output-transform-array" count="512">

0.403668 -0.065723 -0.912542 1.590045 -0.023820 0.996323 -0.082294 113.338272 0.914595 0.054957 0.400619 -0.655982 0.000000 0.000000 0.000000 1.000000
0.370532 -0.081758 -0.925215 1.857672 -0.006283 0.995875 -0.090518 113.886932 0.928799 0.039353 0.368489 -0.266222 0.000000 0.000000 0.000000 1.000000
0.331758 -0.093989 -0.938671 2.179856 -0.001943 0.994954 -0.100311 113.688927 0.943363 0.035103 0.329901 0.159117 0.000000 0.000000 0.000000 1.000000
0.268271 -0.097643 -0.958382 2.410853 -0.008710 0.994563 -0.103767 112.613693 0.963304 0.036186 0.265962 0.542230 0.000000 0.000000 0.000000 1.000000
0.189387 -0.095332 -0.977264 2.034227 -0.030634 0.994218 -0.102923 110.348289 0.981425 0.049430 0.185371 0.922293 0.000000 0.000000 0.000000 1.000000
0.121985 -0.093518 -0.988116 1.596166 -0.053414 0.993490 -0.100620 108.236137 0.991094 0.065053 0.116195 1.124658 0.000000 0.000000 0.000000 1.000000
0.092650 -0.096203 -0.991040 1.232562 -0.059672 0.992996 -0.101971 106.365540 0.993909 0.068585 0.086260 1.166754 0.000000 0.000000 0.000000 1.000000
0.106571 -0.103838 -0.988868 0.405927 -0.033040 0.993613 -0.107897 105.389481 0.993756 0.044171 0.102459 1.096063 0.000000 0.000000 0.000000 1.000000
0.141385 -0.108680 -0.983971 -0.930365 -0.009578 0.993759 -0.111137 104.497917 0.989908 0.025138 0.139461 1.049302 0.000000 0.000000 0.000000 1.000000
0.192110 -0.117167 -0.974354 -1.483089 0.032598 0.993061 -0.112989 104.400673 0.980832 -0.010056 0.194597 0.768971 0.000000 0.000000 0.000000 1.000000
0.245539 -0.128351 -0.960852 -0.882964 0.076884 0.990652 -0.112684 105.018402 0.966333 -0.046206 0.253111 0.577258 0.000000 0.000000 0.000000 1.000000
0.293146 -0.138576 -0.945971 -0.042323 0.107815 0.987920 -0.111310 106.184357 0.949969 -0.069360 0.304546 0.464617 0.000000 0.000000 0.000000 1.000000
0.331196 -0.143302 -0.932617 0.555949 0.112811 0.987324 -0.111646 107.870865 0.936794 -0.068233 0.343164 0.129028 0.000000 0.000000 0.000000 1.000000
0.369459 -0.143389 -0.918117 0.970260 0.097216 0.988565 -0.115271 109.840080 0.924148 -0.046667 0.379174 -0.328043 0.000000 0.000000 0.000000 1.000000
0.394494 -0.144565 -0.907456 1.416350 0.077444 0.989264 -0.123931 111.887871 0.915629 -0.021387 0.401454 -0.626298 0.000000 0.000000 0.000000 1.000000
0.402824 -0.142316 -0.904146 2.070770 0.056817 0.989821 -0.130487 113.673042 0.913512 0.001193 0.406809 -0.419611 0.000000 0.000000 0.000000 1.000000
0.408024 -0.139618 -0.902233 2.890757 0.041143 0.990045 -0.134600 114.855591 0.912044 0.017799 0.409706 0.051357 0.000000 0.000000 0.000000 1.000000
0.415905 -0.142123 -0.898234 3.684986 0.038454 0.989578 -0.138770 115.311035 0.908595 0.023175 0.417035 0.406606 0.000000 0.000000 0.000000 1.000000
0.429097 -0.149789 -0.890752 4.343322 0.047989 0.988542 -0.143115 114.956497 0.901983 0.018664 0.431369 0.657932 0.000000 0.000000 0.000000 1.000000
0.454044 -0.156447 -0.877137 4.436831 0.069354 0.987682 -0.140263 112.983383 0.888276 0.002853 0.459301 0.785040 0.000000 0.000000 0.000000 1.000000
0.477856 -0.159175 -0.863896 4.336912 0.089427 0.987151 -0.132419 111.012169 0.873874 -0.013978 0.485951 0.882071 0.000000 0.000000 0.000000 1.000000
0.486342 -0.159052 -0.859171 4.350595 0.096226 0.987061 -0.128259 109.443512 0.868454 -0.020297 0.495354 0.906719 0.000000 0.000000 0.000000 1.000000
0.484886 -0.143681 -0.862694 3.891114 0.079164 0.989574 -0.120317 108.219421 0.870987 -0.009954 0.491205 0.747162 0.000000 0.000000 0.000000 1.000000
0.487425 -0.118671 -0.865063 2.522387 0.050879 0.992898 -0.107539 106.988754 0.871681 0.008404 0.490001 0.256715 0.000000 0.000000 0.000000 1.000000
0.488808 -0.107399 -0.865755 1.405103 0.026719 0.993771 -0.108194 105.815201 0.871982 0.029754 0.488633 -0.355893 0.000000 0.000000 0.000000 1.000000
0.487175 -0.099026 -0.867672 1.007883 0.003290 0.993751 -0.111568 104.964539 0.873298 0.051498 0.484457 -0.862404 0.000000 0.000000 0.000000 1.000000
0.494875 -0.076085 -0.865627 1.134940 -0.032038 0.993884 -0.105675 105.061310 0.868373 0.080029 0.489411 -1.229423 0.000000 0.000000 0.000000 1.000000
0.495110 -0.061139 -0.866677 1.340873 -0.052604 0.993582 -0.100143 106.098190 0.867237 0.095172 0.488716 -1.417993 0.000000 0.000000 0.000000 1.000000
0.472868 -0.058003 -0.879222 1.435029 -0.054922 0.993951 -0.095110 107.944870 0.879420 0.093263 0.466822 -1.386164 0.000000 0.000000 0.000000 1.000000
0.447254 -0.055060 -0.892711 1.409891 -0.053484 0.994671 -0.088144 109.985382 0.892807 0.087168 0.441926 -1.176647 0.000000 0.000000 0.000000 1.000000
0.427734 -0.056247 -0.902153 1.430854 -0.044027 0.995581 -0.082947 111.941689 0.902832 0.075199 0.423368 -0.934570 0.000000 0.000000 0.000000 1.000000
0.403668 -0.065723 -0.912542 1.590045 -0.023820 0.996323 -0.082294 113.338272 0.914595 0.054957 0.400619 -0.655983 0.000000 0.000000 0.000000 1.000000</float_array><technique_common><accessor source="#Hips-Matrix-animation-output-transform-array" count="32" stride="16"><param type="float4x4"/></accessor></technique_common></source><source id="Hips-Interpolations"><Name_array id="Hips-Interpolations-array" count="32">
 LINEAR LINEAR LINEAR LINEAR LINEAR LINEAR LINEAR LINEAR LINEAR LINEAR LINEAR
LINEAR LINEAR LINEAR LINEAR LINEAR LINEAR LINEAR LINEAR LINEAR LINEAR LINEAR LINEAR
LINEAR LINEAR LINEAR LINEAR LINEAR LINEAR LINEAR LINEAR LINEAR</Name_array><technique_common><accessor source="#Hips-Interpolations-array" count="32"><param type="name"/></accessor></technique_common></source><sampler id="Hips-Matrix-animation-transform"><input semantic="INPUT" source="#Hips-Matrix-animation-input"/><input semantic="OUTPUT" source="#Hips-Matrix-animation-output-transform"/><input semantic="INTERPOLATION" source="#Hips-Interpolations"/></sampler><channel source="#Hips-Matrix-animation-transform" target="Hips/matrix"/></animation>
    <animation id="Spine-anim" name="Spine"><source id="Spine-Matrix-animation-input"><float_array id="Spine-Matrix-animation-input-array" count="32">

0.000000 0.033333 0.066667 0.100000 0.133333 0.166667 0.200000 0.233333 0.266667 0.300000 0.333333 0.366667 0.400000 0.433333 0.466667 0.500000
0.533333 0.566667 0.600000 0.633333 0.666667 0.700000 0.733333 0.766667 0.800000 0.833333 0.866667 0.900000 0.933333 0.966667 1.000000 1.033333</float_array><technique_common><accessor source="#Spine-Matrix-animation-input-array" count="32"><param name="TIME" type="float"/></accessor></technique_common></source><source id="Spine-Matrix-animation-output-transform"><float_array id="Spine-Matrix-animation-output-transform-array" count="512">

0.991334 -0.008385 0.131094 0.000000 0.021639 0.994751 -0.100007 13.214800 -0.129567 0.101977 0.986313 0.000000 0.000000 0.000000 0.000000 1.000000
0.987822 0.014770 0.154883 -0.000000 0.000595 0.995118 -0.098688 13.214800 -0.155584 0.097578 0.982991 0.000000 0.000000 0.000000 0.000000 1.000000
0.982168 0.023794 0.186494 0.000000 -0.006378 0.995604 -0.093440 13.214800 -0.187897 0.090585 0.978003 -0.000000 0.000000 0.000000 0.000000 1.000000
0.970429 0.029852 0.239534 0.000000 -0.008360 0.995884 -0.090246 13.214800 -0.241243 0.085574 0.966685 0.000000 0.000000 0.000000 0.000000 1.000000
0.953275 0.026902 0.300905 -0.000000 -0.002017 0.996572 -0.082706 13.214800 -0.302098 0.078235 0.950061 -0.000000 0.000000 0.000000 0.000000 1.000000
0.936439 0.021423 0.350177 -0.000000 0.007468 0.996691 -0.080945 13.214800 -0.350752 0.078415 0.933180 -0.000000 0.000000 0.000000 0.000000 1.000000
0.927668 0.024731 0.372587 0.000000 0.006784 0.996523 -0.083037 13.214800 -0.373345 0.079558 0.924275 0.000000 0.000000 0.000000 0.000000 1.000000
0.930723 0.053409 0.361805 0.000000 -0.022767 0.995822 -0.088433 13.214800 -0.365017 0.074069 0.928050 0.000000 0.000000 0.000000 0.000000 1.000000
0.934976 0.072195 0.347287 0.000000 -0.043588 0.995033 -0.089501 13.214800 -0.352024 0.068544 0.933478 -0.000000 0.000000 0.000000 0.000000 1.000000
0.939701 0.109353 0.324043 0.000000 -0.081144 0.991737 -0.099366 13.214800 -0.332231 0.067080 0.940810 0.000000 0.000000 0.000000 0.000000 1.000000
0.949804 0.138878 0.280332 0.000000 -0.111177 0.987414 -0.112490 13.214800 -0.292426 0.075677 0.953289 -0.000000 0.000000 0.000000 0.000000 1.000000
0.963103 0.148290 0.224592 0.000000 -0.124001 0.985155 -0.118716 13.214800 -0.238863 0.086486 0.967194 0.000000 0.000000 0.000000 0.000000 1.000000
0.972725 0.140531 0.184544 0.000000 -0.119490 0.985481 -0.120618 13.214800 -0.198815 0.095277 0.975395 0.000000 0.000000 0.000000 0.000000 1.000000
0.981499 0.115422 0.152768 0.000000 -0.097861 0.988194 -0.117883 13.214800 -0.164570 0.100752 0.981206 0.000000 0.000000 0.000000 0.000000 1.000000
0.987592 0.085126 0.131970 0.000000 -0.070372 0.991134 -0.112698 13.214800 -0.140393 0.102013 0.984826 0.000000 0.000000 0.000000 0.000000 1.000000
0.990974 0.056214 0.121698 0.000000 -0.042980 0.993138 -0.108765 13.214800 -0.126977 0.102552 0.986590 0.000000 0.000000 0.000000 0.000000 1.000000
0.993126 0.034699 0.111786 0.000000 -0.022873 0.994168 -0.105385 13.214800 -0.114791 0.102103 0.988129 -0.000000 0.000000 0.000000 0.000000 1.000000
0.994824 0.028616 0.097495 0.000000 -0.018499 0.994495 -0.103141 13.214800 -0.099910 0.100803 0.989877 -0.000000 0.000000 0.000000 0.000000 1.000000
0.996472 0.035336 0.076130 0.000000 -0.027690 0.994677 -0.099255 13.214800 -0.079232 0.096797 0.992146 0.000000 0.000000 0.000000 0.000000 1.000000
0.997670 0.049996 0.046419 -0.000000 -0.045411 0.994435 -0.095060 13.214800 -0.050913 0.092730 0.994389 0.000000 0.000000 0.000000 0.000000 1.000000
0.998080 0.057044 0.024125 -0.000000 -0.054493 0.993917 -0.095706 13.214800 -0.029438 0.094208 0.995117 0.000000 0.000000 0.000000 0.000000 1.000000
0.998495 0.052128 0.017026 -0.000000 -0.050219 0.993920 -0.097981 13.214800 -0.022030 0.096978 0.995043 0.000000 0.000000 0.000000 0.000000 1.000000
0.999289 0.030805 0.021752 -0.000000 -0.028464 0.994503 -0.100770 13.214800 -0.024737 0.100079 0.994672 0.000000 0.000000 0.000000 0.000000 1.000000
0.999564 0.005277 0.029058 0.000000 -0.002339 0.994961 -0.100236 13.214800 -0.029440 0.100124 0.994539 0.000000 0.000000 0.000000 0.000000 1.000000
0.999177 -0.015490 0.037498 0.000000 0.018915 0.995506 -0.092792 13.214800 -0.035892 0.093425 0.994979 0.000000 0.000000 0.000000 0.000000 1.000000
0.998414 -0.035139 0.043992 0.000000 0.039002 0.995154 -0.090267 13.214800 -0.040607 0.091840 0.994945 0.000000 0.000000 0.000000 0.000000 1.000000
0.996706 -0.064333 0.049378 -0.000000 0.068766 0.993189 -0.094061 13.214800 -0.042991 0.097147 0.994341 0.000000 0.000000 0.000000 0.000000 1.000000
0.995139 -0.075918 0.062723 -0.000000 0.081695 0.992086 -0.095353 13.214800 -0.054988 0.100014 0.993465 0.000000 0.000000 0.000000 0.000000 1.000000
0.994207 -0.065267 0.085397 0.000000 0.073386 0.992703 -0.095680 13.214800 -0.078529 0.101392 0.991742 0.000000 0.000000 0.000000 0.000000 1.000000
0.993156 -0.052044 0.104557 0.000000 0.062208 0.993394 -0.096431 13.214800 -0.098847 0.102276 0.989833 0.000000 0.000000 0.000000 0.000000 1.000000
0.992541 -0.034750 0.116853 0.000000 0.046360 0.994091 -0.098148 13.214800 -0.112752 0.102833 0.988288 0.000000 0.000000 0.000000 0.000000 1.000000
0.991334 -0.008385 0.131094 0.000000 0.021639 0.994751 -0.100007 13.214800 -0.129567 0.101977 0.986313 0.000000 0.000000 0.000000 0.000000 1.000000</float_array><technique_common><accessor source="#Spine-Matrix-animation-output-transform-array" count="32" stride="16"><param type="float4x4"/></accessor></technique_common></source><source id="Spine-Interpolations"><Name_array id="Spine-Interpolations-array" count="32">
 LINEAR LINEAR LINEAR LINEAR LINEAR LINEAR LINEAR LINEAR LINEAR LINEAR LINEAR
LINEAR LINEAR LINEAR LINEAR LINEAR LINEAR LINEAR LINEAR LINEAR LINEAR LINEAR LINEAR
LINEAR LINEAR LINEAR LINEAR LINEAR LINEAR LINEAR LINEAR LINEAR</Name_array><technique_common><accessor source="#Spine-Interpolations-array" count="32"><param type="name"/></accessor></technique_common></source><sampler id="Spine-Matrix-animation-transform"><input semantic="INPUT" source="#Spine-Matrix-animation-input"/><input semantic="OUTPUT" source="#Spine-Matrix-animation-output-transform"/><input semantic="INTERPOLATION" source="#Spine-Interpolations"/></sampler><channel source="#Spine-Matrix-animation-transform" target="Spine/matrix"/></animation>
    <animation id="Spine1-anim" name="Spine1"><source id="Spine1-Matrix-animation-input"><float_array id="Spine1-Matrix-animation-input-array" count="32">

0.000000 0.033333 0.066667 0.100000 0.133333 0.166667 0.200000 0.233333 0.266667 0.300000 0.333333 0.366667 0.400000 0.433333 0.466667 0.500000
0.533333 0.566667 0.600000 0.633333 0.666667 0.700000 0.733333 0.766667 0.800000 0.833333 0.866667 0.900000 0.933333 0.966667 1.000000 1.033333</float_array><technique_common><accessor source="#Spine1-Matrix-animation-input-array" count="32"><param name="TIME" type="float"/></accessor></technique_common></source><source id="Spine1-Matrix-animation-output-transform"><float_array id="Spine1-Matrix-animation-output-transform-array" count="512">

0.996539 0.007092 0.082819 -0.007800 -0.001022 0.997323 -0.073109 9.224200 -0.083116 0.072771 0.993879 0.000000 0.000000 0.000000 0.000000 1.000000
0.995905 0.015486 0.089065 -0.007800 -0.009171 0.997443 -0.070878 9.224200 -0.089934 0.069771 0.993501 0.000000 0.000000 0.000000 0.000000 1.000000
0.995092 0.018368 0.097236 -0.007800 -0.011963 0.997745 -0.066047 9.224200 -0.098230 0.064559 0.993067 0.000000 0.000000 0.000000 0.000000 1.000000
0.994179 0.015934 0.106554 -0.007800 -0.009431 0.998077 -0.061259 9.224200 -0.107326 0.059897 0.992418 0.000000 0.000000 0.000000 0.000000 1.000000
0.993109 0.012269 0.116551 -0.007800 -0.005737 0.998402 -0.056215 9.224200 -0.117055 0.055159 0.991592 -0.000000 0.000000 0.000000 0.000000 1.000000
0.992213 0.010618 0.124097 -0.007800 -0.003850 0.998498 -0.054654 9.224200 -0.124490 0.053751 0.990764 -0.000000 0.000000 0.000000 0.000000 1.000000
0.991843 0.014202 0.126670 -0.007800 -0.006937 0.998315 -0.057610 9.224200 -0.127275 0.056261 0.990271 0.000000 0.000000 0.000000 0.000000 1.000000
0.991702 0.024087 0.126283 -0.007800 -0.016623 0.998070 -0.059833 9.224200 -0.127481 0.057238 0.990188 0.000000 0.000000 0.000000 0.000000 1.000000
0.991937 0.035352 0.121701 -0.007800 -0.028406 0.997893 -0.058338 9.224200 -0.123507 0.054411 0.990851 0.000000 0.000000 0.000000 0.000000 1.000000
0.992241 0.045706 0.115625 -0.007800 -0.038693 0.997314 -0.062188 9.224200 -0.118157 0.057232 0.991344 0.000000 0.000000 0.000000 0.000000 1.000000
0.991719 0.051818 0.117509 -0.007800 -0.043926 0.996664 -0.068781 9.224200 -0.120682 0.063050 0.990687 0.000000 0.000000 0.000000 0.000000 1.000000
0.991166 0.054011 0.121129 -0.007800 -0.045474 0.996355 -0.072173 9.224200 -0.124586 0.066027 0.990009 -0.000000 0.000000 0.000000 0.000000 1.000000
0.992074 0.049717 0.115405 -0.007800 -0.041268 0.996368 -0.074486 9.224200 -0.118689 0.069133 0.990522 0.000000 0.000000 0.000000 0.000000 1.000000
0.993720 0.041074 0.104084 -0.007800 -0.033263 0.996576 -0.075702 9.224200 -0.106837 0.071764 0.991683 -0.000000 0.000000 0.000000 0.000000 1.000000
0.995133 0.031901 0.093231 -0.007800 -0.024878 0.996832 -0.075541 9.224200 -0.095346 0.072854 0.992775 -0.000000 0.000000 0.000000 0.000000 1.000000
0.996077 0.022430 0.085606 -0.007800 -0.015978 0.997031 -0.075322 9.224200 -0.087042 0.073659 0.993478 -0.000000 0.000000 0.000000 0.000000 1.000000
0.996586 0.015317 0.081131 -0.007800 -0.009244 0.997163 -0.074709 9.224200 -0.082045 0.073704 0.993900 0.000000 0.000000 0.000000 0.000000 1.000000
0.996867 0.012068 0.078168 -0.007800 -0.006305 0.997271 -0.073559 9.224200 -0.078842 0.072836 0.994223 0.000000 0.000000 0.000000 0.000000 1.000000
0.997228 0.014083 0.073060 -0.007800 -0.008935 0.997484 -0.070323 9.224200 -0.073866 0.069475 0.994845 -0.000000 0.000000 0.000000 0.000000 1.000000
0.997685 0.020306 0.064905 -0.007800 -0.016047 0.997725 -0.065478 9.224200 -0.066087 0.064285 0.995741 0.000000 0.000000 0.000000 0.000000 1.000000
0.998058 0.024488 0.057271 -0.007800 -0.020724 0.997643 -0.065416 9.224200 -0.058738 0.064102 0.996213 0.000000 0.000000 0.000000 0.000000 1.000000
0.998325 0.023667 0.052791 -0.007800 -0.020076 0.997515 -0.067534 9.224200 -0.054258 0.066361 0.996319 0.000000 0.000000 0.000000 0.000000 1.000000
0.998513 0.015891 0.052148 -0.007800 -0.012198 0.997445 -0.070386 9.224200 -0.053133 0.069645 0.996156 0.000000 0.000000 0.000000 0.000000 1.000000
0.998497 0.005726 0.054511 -0.007800 -0.001810 0.997430 -0.071620 9.224200 -0.054781 0.071413 0.995941 -0.000000 0.000000 0.000000 0.000000 1.000000
0.998256 -0.000485 0.059038 -0.007800 0.004533 0.997645 -0.068439 9.224200 -0.058866 0.068588 0.995907 0.000000 0.000000 0.000000 0.000000 1.000000
0.998052 -0.008355 0.061827 -0.007800 0.012552 0.997620 -0.067799 9.224200 -0.061113 0.068443 0.995781 0.000000 0.000000 0.000000 0.000000 1.000000
0.998019 -0.019353 0.059869 -0.007800 0.023588 0.997208 -0.070856 9.224200 -0.058330 0.072128 0.995688 0.000000 0.000000 0.000000 0.000000 1.000000
0.997866 -0.020513 0.061986 -0.007800 0.024961 0.997103 -0.071854 9.224200 -0.060333 0.073248 0.995487 0.000000 0.000000 0.000000 0.000000 1.000000
0.997357 -0.013749 0.071343 -0.007800 0.018896 0.997227 -0.071978 9.224200 -0.070156 0.073136 0.994851 0.000000 0.000000 0.000000 0.000000 1.000000
0.996931 -0.008006 0.077872 -0.007800 0.013635 0.997310 -0.072023 9.224200 -0.077086 0.072864 0.994358 0.000000 0.000000 0.000000 0.000000 1.000000
0.996817 -0.001916 0.079701 -0.007800 0.007730 0.997324 -0.072701 9.224200 -0.079348 0.073086 0.994164 0.000000 0.000000 0.000000 0.000000 1.000000
0.996539 0.007092 0.082819 -0.007800 -0.001022 0.997323 -0.073109 9.224200 -0.083116 0.072771 0.993879 -0.000000 0.000000 0.000000 0.000000 1.000000</float_array><technique_common><accessor source="#Spine1-Matrix-animation-output-transform-array" count="32" stride="16"><param type="float4x4"/></accessor></technique_common></source><source id="Spine1-Interpolations"><Name_array id="Spine1-Interpolations-array" count="32">
 LINEAR LINEAR LINEAR LINEAR LINEAR LINEAR LINEAR LINEAR LINEAR LINEAR LINEAR
LINEAR LINEAR LINEAR LINEAR LINEAR LINEAR LINEAR LINEAR LINEAR LINEAR LINEAR LINEAR
LINEAR LINEAR LINEAR LINEAR LINEAR LINEAR LINEAR LINEAR LINEAR</Name_array><technique_common><accessor source="#Spine1-Interpolations-array" count="32"><param type="name"/></accessor></technique_common></source><sampler id="Spine1-Matrix-animation-transform"><input semantic="INPUT" source="#Spine1-Matrix-animation-input"/><input semantic="OUTPUT" source="#Spine1-Matrix-animation-output-transform"/><input semantic="INTERPOLATION" source="#Spine1-Interpolations"/></sampler><channel source="#Spine1-Matrix-animation-transform" target="Spine1/matrix"/></animation>
    <animation id="Spine2-anim" name="Spine2"><source id="Spine2-Matrix-animation-input"><float_array id="Spine2-Matrix-animation-input-array" count="32">

0.000000 0.033333 0.066667 0.100000 0.133333 0.166667 0.200000 0.233333 0.266667 0.300000 0.333333 0.366667 0.400000 0.433333 0.466667 0.500000
0.533333 0.566667 0.600000 0.633333 0.666667 0.700000 0.733333 0.766667 0.800000 0.833333 0.866667 0.900000 0.933333 0.966667 1.000000 1.033333</float_array><technique_common><accessor source="#Spine2-Matrix-animation-input-array" count="32"><param name="TIME" type="float"/></accessor></technique_common></source><source id="Spine2-Matrix-animation-output-transform"><float_array id="Spine2-Matrix-animation-output-transform-array" count="512">

0.996504 0.006745 0.083278 -0.005300 -0.000680 0.997358 -0.072645 11.063000 -0.083548 0.072334 0.993875 -0.000000 0.000000 0.000000 0.000000 1.000000
0.995853 0.015242 0.089695 -0.005300 -0.008947 0.997494 -0.070176 11.063000 -0.090540 0.069083 0.993494 0.000000 0.000000 0.000000 0.000000 1.000000
0.995014 0.018397 0.098019 -0.005300 -0.012048 0.997814 -0.064973 11.063000 -0.099000 0.063468 0.993061 0.000000 0.000000 0.000000 0.000000 1.000000
0.994088 0.016367 0.107337 -0.005300 -0.009959 0.998151 -0.059968 11.063000 -0.108120 0.058544 0.992413 0.000000 0.000000 0.000000 0.000000 1.000000
0.993016 0.013336 0.117226 -0.005300 -0.006921 0.998464 -0.054963 11.063000 -0.117779 0.053768 0.991583 0.000000 0.000000 0.000000 0.000000 1.000000
0.992115 0.011868 0.124764 -0.005300 -0.005239 0.998564 -0.053323 11.063000 -0.125218 0.052249 0.990753 0.000000 0.000000 0.000000 0.000000 1.000000
0.991743 0.015146 0.127340 -0.005300 -0.008040 0.998391 -0.056136 11.063000 -0.127986 0.054649 0.990269 0.000000 0.000000 0.000000 0.000000 1.000000
0.991614 0.024475 0.126895 -0.005300 -0.017170 0.998149 -0.058344 11.063000 -0.128089 0.055676 0.990199 0.000000 0.000000 0.000000 0.000000 1.000000
0.991858 0.035354 0.122343 -0.005300 -0.028572 0.997979 -0.056757 11.063000 -0.124102 0.052799 0.990864 -0.000000 0.000000 0.000000 0.000000 1.000000
0.992176 0.045427 0.116286 -0.005300 -0.038543 0.997407 -0.060783 11.063000 -0.118746 0.055826 0.991354 0.000000 0.000000 0.000000 0.000000 1.000000
0.991660 0.051294 0.118234 -0.005300 -0.043518 0.996774 -0.067443 11.063000 -0.121312 0.061735 0.990693 0.000000 0.000000 0.000000 0.000000 1.000000
0.991116 0.053505 0.121764 -0.005300 -0.045079 0.996462 -0.070938 11.063000 -0.125128 0.064819 0.990021 0.000000 0.000000 0.000000 0.000000 1.000000
0.992035 0.049401 0.115872 -0.005300 -0.041026 0.996445 -0.073587 11.063000 -0.119095 0.068247 0.990535 -0.000000 0.000000 0.000000 0.000000 1.000000
0.993690 0.040847 0.104455 -0.005300 -0.033071 0.996625 -0.075128 11.063000 -0.107172 0.071199 0.991688 0.000000 0.000000 0.000000 0.000000 1.000000
0.995107 0.031610 0.093614 -0.005300 -0.024596 0.996868 -0.075161 11.063000 -0.095696 0.072491 0.992767 -0.000000 0.000000 0.000000 0.000000 1.000000
0.996046 0.022069 0.086049 -0.005300 -0.015616 0.997064 -0.074965 11.063000 -0.087451 0.073325 0.993467 0.000000 0.000000 0.000000 0.000000 1.000000
0.996556 0.014877 0.081577 -0.005300 -0.008800 0.997193 -0.074350 11.063000 -0.082454 0.073376 0.993890 0.000000 0.000000 0.000000 0.000000 1.000000
0.996850 0.011577 0.078461 -0.005300 -0.005811 0.997291 -0.073331 11.063000 -0.079098 0.072644 0.994216 -0.000000 0.000000 0.000000 0.000000 1.000000
0.997233 0.013659 0.073078 -0.005300 -0.008508 0.997487 -0.070342 11.063000 -0.073855 0.069525 0.994843 0.000000 0.000000 0.000000 0.000000 1.000000
0.997714 0.020136 0.064504 -0.005300 -0.015881 0.997706 -0.065810 11.063000 -0.065681 0.064635 0.995745 -0.000000 0.000000 0.000000 0.000000 1.000000
0.998091 0.024434 0.056723 -0.005300 -0.020682 0.997618 -0.065802 11.063000 -0.058196 0.064503 0.996219 0.000000 0.000000 0.000000 0.000000 1.000000
0.998348 0.023587 0.052382 -0.005300 -0.020010 0.997498 -0.067808 11.063000 -0.053851 0.066648 0.996322 0.000000 0.000000 0.000000 0.000000 1.000000
0.998524 0.015750 0.051977 -0.005300 -0.012062 0.997438 -0.070516 11.063000 -0.052954 0.069785 0.996156 0.000000 0.000000 0.000000 0.000000 1.000000
0.998495 0.005460 0.054571 -0.005300 -0.001541 0.997432 -0.071600 11.063000 -0.054821 0.071408 0.995939 0.000000 0.000000 0.000000 0.000000 1.000000
0.998236 -0.000971 0.059367 -0.005300 0.005026 0.997660 -0.068180 11.063000 -0.059162 0.068358 0.995905 0.000000 0.000000 0.000000 0.000000 1.000000
0.998013 -0.008960 0.062363 -0.005300 0.013161 0.997647 -0.067282 11.063000 -0.061614 0.067969 0.995783 0.000000 0.000000 0.000000 0.000000 1.000000
0.997975 -0.019899 0.060412 -0.005300 0.024139 0.997234 -0.070292 11.063000 -0.058846 0.071608 0.995695 0.000000 0.000000 0.000000 0.000000 1.000000
0.997831 -0.020992 0.062393 -0.005300 0.025442 0.997123 -0.071400 11.063000 -0.060714 0.072833 0.995494 0.000000 0.000000 0.000000 0.000000 1.000000
0.997332 -0.014191 0.071610 -0.005300 0.019326 0.997250 -0.071544 11.063000 -0.070398 0.072737 0.994863 0.000000 0.000000 0.000000 0.000000 1.000000
0.996909 -0.008359 0.078121 -0.005300 0.013983 0.997326 -0.071729 11.063000 -0.077313 0.072599 0.994360 0.000000 0.000000 0.000000 0.000000 1.000000
0.996789 -0.002244 0.080045 -0.005300 0.008054 0.997348 -0.072334 11.063000 -0.079670 0.072747 0.994163 0.000000 0.000000 0.000000 0.000000 1.000000
0.996504 0.006745 0.083278 -0.005300 -0.000680 0.997358 -0.072645 11.063000 -0.083548 0.072334 0.993875 0.000000 0.000000 0.000000 0.000000 1.000000</float_array><technique_common><accessor source="#Spine2-Matrix-animation-output-transform-array" count="32" stride="16"><param type="float4x4"/></accessor></technique_common></source><source id="Spine2-Interpolations"><Name_array id="Spine2-Interpolations-array" count="32">
 LINEAR LINEAR LINEAR LINEAR LINEAR LINEAR LINEAR LINEAR LINEAR LINEAR LINEAR
LINEAR LINEAR LINEAR LINEAR LINEAR LINEAR LINEAR LINEAR LINEAR LINEAR LINEAR LINEAR
LINEAR LINEAR LINEAR LINEAR LINEAR LINEAR LINEAR LINEAR LINEAR</Name_array><technique_common><accessor source="#Spine2-Interpolations-array" count="32"><param type="name"/></accessor></technique_common></source><sampler id="Spine2-Matrix-animation-transform"><input semantic="INPUT" source="#Spine2-Matrix-animation-input"/><input semantic="OUTPUT" source="#Spine2-Matrix-animation-output-transform"/><input semantic="INTERPOLATION" source="#Spine2-Interpolations"/></sampler><channel source="#Spine2-Matrix-animation-transform" target="Spine2/matrix"/></animation>
    <animation id="Neck-anim" name="Neck"><source id="Neck-Matrix-animation-input"><float_array id="Neck-Matrix-animation-input-array" count="32">

0.000000 0.033333 0.066667 0.100000 0.133333 0.166667 0.200000 0.233333 0.266667 0.300000 0.333333 0.366667 0.400000 0.433333 0.466667 0.500000
0.533333 0.566667 0.600000 0.633333 0.666667 0.700000 0.733333 0.766667 0.800000 0.833333 0.866667 0.900000 0.933333 0.966667 1.000000 1.033333</float_array><technique_common><accessor source="#Neck-Matrix-animation-input-array" count="32"><param name="TIME" type="float"/></accessor></technique_common></source><source id="Neck-Matrix-animation-output-transform"><float_array id="Neck-Matrix-animation-output-transform-array" count="512">

0.994679 -0.032993 0.097600 -0.006000 0.041118 0.995748 -0.082439 23.723499 -0.094465 0.086013 0.991805 -1.446200 0.000000 0.000000 0.000000 1.000000
0.994724 -0.031799 0.097531 -0.006000 0.039978 0.995740 -0.083089 23.723499 -0.094474 0.086549 0.991758 -1.446200 0.000000 0.000000 0.000000 1.000000
0.994858 -0.026725 0.097692 -0.006000 0.034867 0.995971 -0.082615 23.723499 -0.095090 0.085596 0.991782 -1.446200 0.000000 0.000000 0.000000 1.000000
0.994889 -0.022706 0.098385 -0.006000 0.030558 0.996402 -0.079052 23.723499 -0.096236 0.081654 0.992004 -1.446200 0.000000 0.000000 0.000000 1.000000
0.994727 -0.023757 0.099773 -0.006000 0.031234 0.996764 -0.074062 23.723499 -0.097691 0.076788 0.992250 -1.446200 0.000000 0.000000 0.000000 1.000000
0.994542 -0.022921 0.101789 -0.006000 0.029919 0.997252 -0.067769 23.723499 -0.099956 0.070445 0.992495 -1.446200 0.000000 0.000000 0.000000 1.000000
0.994452 -0.020806 0.103114 -0.006000 0.027610 0.997503 -0.065003 23.723499 -0.101504 0.067490 0.992543 -1.446200 0.000000 0.000000 0.000000 1.000000
0.994459 -0.023110 0.102550 -0.006000 0.029842 0.997464 -0.064612 23.723499 -0.100797 0.067314 0.992627 -1.446200 0.000000 0.000000 0.000000 1.000000
0.994643 -0.022863 0.100813 -0.006000 0.029594 0.997395 -0.065780 23.723499 -0.099046 0.068411 0.992728 -1.446200 0.000000 0.000000 0.000000 1.000000
0.994863 -0.025498 0.097965 -0.006000 0.032107 0.997271 -0.066482 23.723499 -0.096003 0.069286 0.992967 -1.446200 0.000000 0.000000 0.000000 1.000000
0.995082 -0.018838 0.097251 -0.006000 0.025872 0.997099 -0.071586 23.723499 -0.095621 0.073750 0.992682 -1.446200 0.000000 0.000000 0.000000 1.000000
0.994990 -0.009435 0.099524 -0.006000 0.017127 0.996906 -0.076720 23.723499 -0.098492 0.078041 0.992073 -1.446200 0.000000 0.000000 0.000000 1.000000
0.994826 -0.008748 0.101218 -0.006000 0.016524 0.996953 -0.076237 23.723499 -0.100243 0.077515 0.991939 -1.446200 0.000000 0.000000 0.000000 1.000000
0.994725 -0.008717 0.102205 -0.006000 0.016906 0.996689 -0.079536 23.723499 -0.101174 0.080844 0.991579 -1.446200 0.000000 0.000000 0.000000 1.000000
0.994580 -0.007156 0.103725 -0.006000 0.016032 0.996252 -0.084998 23.723499 -0.102728 0.086201 0.990967 -1.446200 0.000000 0.000000 0.000000 1.000000
0.994457 -0.005770 0.104990 -0.006000 0.014741 0.996283 -0.084871 23.723499 -0.104110 0.085948 0.990845 -1.446200 0.000000 0.000000 0.000000 1.000000
0.994383 -0.007612 0.105570 -0.006000 0.016277 0.996544 -0.081460 23.723499 -0.104585 0.082721 0.991070 -1.446200 0.000000 0.000000 0.000000 1.000000
0.994298 -0.011063 0.106065 -0.006000 0.019200 0.996923 -0.076005 23.723499 -0.104898 0.077608 0.991450 -1.446200 0.000000 0.000000 0.000000 1.000000
0.994118 -0.014628 0.107314 -0.006000 0.022132 0.997366 -0.069077 23.723499 -0.106021 0.071046 0.991823 -1.446200 0.000000 0.000000 0.000000 1.000000
0.993896 -0.018188 0.108809 -0.006000 0.025427 0.997528 -0.065511 23.723499 -0.107348 0.067878 0.991902 -1.446200 0.000000 0.000000 0.000000 1.000000
0.993832 -0.019817 0.109107 -0.006000 0.026921 0.997585 -0.064028 23.723499 -0.107575 0.066570 0.991966 -1.446200 0.000000 0.000000 0.000000 1.000000
0.993852 -0.018364 0.109183 -0.006000 0.025357 0.997691 -0.063009 23.723499 -0.107774 0.065390 0.992023 -1.446200 0.000000 0.000000 0.000000 1.000000
0.993885 -0.014910 0.109412 -0.006000 0.022158 0.997618 -0.065332 23.723499 -0.108177 0.067356 0.991847 -1.446200 0.000000 0.000000 0.000000 1.000000
0.994012 -0.014056 0.108363 -0.006000 0.021648 0.997367 -0.069208 23.723499 -0.107105 0.071139 0.991699 -1.446200 0.000000 0.000000 0.000000 1.000000
0.994184 -0.015228 0.106615 -0.006000 0.022701 0.997342 -0.069237 23.723499 -0.105277 0.071255 0.991887 -1.446200 0.000000 0.000000 0.000000 1.000000
0.994256 -0.013870 0.106126 -0.006000 0.020997 0.997577 -0.066331 23.723499 -0.104948 0.068178 0.992138 -1.446200 0.000000 0.000000 0.000000 1.000000
0.994365 -0.013497 0.105144 -0.006000 0.020360 0.997711 -0.064479 23.723499 -0.104033 0.066257 0.992364 -1.446200 0.000000 0.000000 0.000000 1.000000
0.994607 -0.018582 0.102040 -0.006000 0.025217 0.997624 -0.064117 23.723499 -0.100606 0.066345 0.992712 -1.446200 0.000000 0.000000 0.000000 1.000000
0.994769 -0.025465 0.098922 -0.006000 0.032110 0.997291 -0.066180 23.723499 -0.096968 0.069010 0.992892 -1.446200 0.000000 0.000000 0.000000 1.000000
0.994754 -0.030093 0.097769 -0.006000 0.037248 0.996694 -0.072206 23.723499 -0.095273 0.075469 0.992586 -1.446200 0.000000 0.000000 0.000000 1.000000
0.994699 -0.032076 0.097698 -0.006000 0.039868 0.996087 -0.078877 23.723499 -0.094786 0.082354 0.992085 -1.446200 0.000000 0.000000 0.000000 1.000000
0.994679 -0.032993 0.097600 -0.006000 0.041118 0.995748 -0.082439 23.723499 -0.094465 0.086013 0.991805 -1.446200 0.000000 0.000000 0.000000 1.000000</float_array><technique_common><accessor source="#Neck-Matrix-animation-output-transform-array" count="32" stride="16"><param type="float4x4"/></accessor></technique_common></source><source id="Neck-Interpolations"><Name_array id="Neck-Interpolations-array" count="32">
 LINEAR LINEAR LINEAR LINEAR LINEAR LINEAR LINEAR LINEAR LINEAR LINEAR LINEAR
LINEAR LINEAR LINEAR LINEAR LINEAR LINEAR LINEAR LINEAR LINEAR LINEAR LINEAR LINEAR
LINEAR LINEAR LINEAR LINEAR LINEAR LINEAR LINEAR LINEAR LINEAR</Name_array><technique_common><accessor source="#Neck-Interpolations-array" count="32"><param type="name"/></accessor></technique_common></source><sampler id="Neck-Matrix-animation-transform"><input semantic="INPUT" source="#Neck-Matrix-animation-input"/><input semantic="OUTPUT" source="#Neck-Matrix-animation-output-transform"/><input semantic="INTERPOLATION" source="#Neck-Interpolations"/></sampler><channel source="#Neck-Matrix-animation-transform" target="Neck/matrix"/></animation>
    <animation id="Head-anim" name="Head"><source id="Head-Matrix-animation-input"><float_array id="Head-Matrix-animation-input-array" count="32">

0.000000 0.033333 0.066667 0.100000 0.133333 0.166667 0.200000 0.233333 0.266667 0.300000 0.333333 0.366667 0.400000 0.433333 0.466667 0.500000
0.533333 0.566667 0.600000 0.633333 0.666667 0.700000 0.733333 0.766667 0.800000 0.833333 0.866667 0.900000 0.933333 0.966667 1.000000 1.033333</float_array><technique_common><accessor source="#Head-Matrix-animation-input-array" count="32"><param name="TIME" type="float"/></accessor></technique_common></source><source id="Head-Matrix-animation-output-transform"><float_array id="Head-Matrix-animation-output-transform-array" count="512">

0.810834 0.104857 0.575806 0.000000 -0.177512 0.981538 0.071226 10.037100 -0.557707 -0.159965 0.814478 3.529500 0.000000 0.000000 0.000000 1.000000
0.812518 0.100175 0.574265 0.000000 -0.171686 0.982552 0.071520 10.037100 -0.557080 -0.156705 0.815540 3.529500 0.000000 0.000000 0.000000 1.000000
0.811887 0.104609 0.574366 0.000000 -0.176555 0.981744 0.070762 10.037100 -0.556478 -0.158859 0.815534 3.529500 0.000000 0.000000 0.000000 1.000000
0.807098 0.115988 0.578912 -0.000000 -0.188831 0.979724 0.066968 10.037100 -0.559407 -0.163366 0.812635 3.529500 0.000000 0.000000 0.000000 1.000000
0.799238 0.123391 0.588213 0.000000 -0.197259 0.978338 0.062798 10.037100 -0.567722 -0.166221 0.806264 3.529500 0.000000 0.000000 0.000000 1.000000
0.792402 0.123087 0.597451 0.000000 -0.203168 0.976764 0.068230 10.037100 -0.575171 -0.175449 0.798997 3.529500 0.000000 0.000000 0.000000 1.000000
0.790799 0.114351 0.601299 0.000000 -0.207904 0.974168 0.088165 10.037100 -0.575685 -0.194733 0.794145 3.529500 0.000000 0.000000 0.000000 1.000000
0.796230 0.096576 0.597235 0.000000 -0.201507 0.973145 0.111285 10.037100 -0.570449 -0.208956 0.794308 3.529500 0.000000 0.000000 0.000000 1.000000
0.808660 0.076491 0.583283 -0.000000 -0.181683 0.975513 0.123957 10.037100 -0.559519 -0.206211 0.802755 3.529500 0.000000 0.000000 0.000000 1.000000
0.822140 0.061417 0.565963 0.000000 -0.164540 0.977369 0.132956 10.037100 -0.544989 -0.202432 0.813639 3.529500 0.000000 0.000000 0.000000 1.000000
0.828030 0.057572 0.557720 0.000000 -0.161911 0.976889 0.139544 10.037100 -0.536796 -0.205848 0.818215 3.529500 0.000000 0.000000 0.000000 1.000000
0.823925 0.063034 0.563182 0.000000 -0.164553 0.977587 0.131321 10.037100 -0.542282 -0.200872 0.815831 3.529500 0.000000 0.000000 0.000000 1.000000
0.818552 0.073703 0.569684 -0.000000 -0.166407 0.979634 0.112362 10.037100 -0.549801 -0.186773 0.814146 3.529500 0.000000 0.000000 0.000000 1.000000
0.816499 0.078880 0.571934 -0.000000 -0.163946 0.981521 0.098683 10.037100 -0.553581 -0.174341 0.814342 3.529500 0.000000 0.000000 0.000000 1.000000
0.813504 0.081262 0.575854 0.000000 -0.162716 0.982446 0.091230 10.037100 -0.558332 -0.167917 0.812446 3.529500 0.000000 0.000000 0.000000 1.000000
0.810361 0.087226 0.579403 0.000000 -0.165953 0.982533 0.084188 10.037100 -0.561939 -0.164377 0.810682 3.529500 0.000000 0.000000 0.000000 1.000000
0.807139 0.092664 0.583044 0.000000 -0.172623 0.981486 0.082982 10.037100 -0.564560 -0.167625 0.808192 3.529500 0.000000 0.000000 0.000000 1.000000
0.803453 0.096705 0.587462 0.000000 -0.182271 0.979295 0.088080 10.037100 -0.566781 -0.177845 0.804444 3.529500 0.000000 0.000000 0.000000 1.000000
0.800005 0.095650 0.592320 0.000000 -0.188147 0.977410 0.096281 10.037100 -0.569730 -0.188469 0.799930 3.529500 0.000000 0.000000 0.000000 1.000000
0.797673 0.090048 0.596330 0.000000 -0.191249 0.975525 0.108514 10.037100 -0.571963 -0.200607 0.795371 3.529500 0.000000 0.000000 0.000000 1.000000
0.795947 0.093533 0.598098 -0.000000 -0.203536 0.971823 0.118887 10.037100 -0.570125 -0.216362 0.792556 3.529500 0.000000 0.000000 0.000000 1.000000
0.793139 0.103928 0.600108 0.000000 -0.219227 0.968003 0.122102 10.037100 -0.568217 -0.228404 0.790545 3.529500 0.000000 0.000000 0.000000 1.000000
0.788914 0.117173 0.603229 0.000000 -0.230125 0.966553 0.113215 10.037100 -0.569788 -0.228135 0.789491 3.529500 0.000000 0.000000 0.000000 1.000000
0.787910 0.129275 0.602068 0.000000 -0.228019 0.969466 0.090239 10.037100 -0.572018 -0.208383 0.793329 3.529500 0.000000 0.000000 0.000000 1.000000
0.787729 0.141765 0.599488 -0.000000 -0.228054 0.971128 0.070015 10.037100 -0.572253 -0.191868 0.797316 3.529500 0.000000 0.000000 0.000000 1.000000
0.781999 0.157661 0.603010 0.000000 -0.248477 0.966132 0.069629 10.037100 -0.571609 -0.204284 0.794689 3.529500 0.000000 0.000000 0.000000 1.000000
0.780956 0.164697 0.602480 0.000000 -0.263686 0.961369 0.078995 10.037100 -0.566195 -0.220557 0.794215 3.529500 0.000000 0.000000 0.000000 1.000000
0.792831 0.151519 0.590306 0.000000 -0.248521 0.964788 0.086144 10.037100 -0.556468 -0.215002 0.802570 3.529500 0.000000 0.000000 0.000000 1.000000
0.804710 0.132697 0.578648 0.000000 -0.222081 0.971218 0.086119 10.037100 -0.550566 -0.197808 0.811018 3.529500 0.000000 0.000000 0.000000 1.000000
0.808599 0.120789 0.575828 0.000000 -0.202442 0.976059 0.079533 10.037100 -0.552436 -0.180882 0.813693 3.529500 0.000000 0.000000 0.000000 1.000000
0.809387 0.112813 0.576339 0.000000 -0.188873 0.979242 0.073568 10.037100 -0.556076 -0.168399 0.813893 3.529500 0.000000 0.000000 0.000000 1.000000
0.810834 0.104857 0.575806 -0.000000 -0.177513 0.981538 0.071226 10.037100 -0.557707 -0.159965 0.814478 3.529500 0.000000 0.000000 0.000000 1.000000</float_array><technique_common><accessor source="#Head-Matrix-animation-output-transform-array" count="32" stride="16"><param type="float4x4"/></accessor></technique_common></source><source id="Head-Interpolations"><Name_array id="Head-Interpolations-array" count="32">
 LINEAR LINEAR LINEAR LINEAR LINEAR LINEAR LINEAR LINEAR LINEAR LINEAR LINEAR
LINEAR LINEAR LINEAR LINEAR LINEAR LINEAR LINEAR LINEAR LINEAR LINEAR LINEAR LINEAR
LINEAR LINEAR LINEAR LINEAR LINEAR LINEAR LINEAR LINEAR LINEAR</Name_array><technique_common><accessor source="#Head-Interpolations-array" count="32"><param type="name"/></accessor></technique_common></source><sampler id="Head-Matrix-animation-transform"><input semantic="INPUT" source="#Head-Matrix-animation-input"/><input semantic="OUTPUT" source="#Head-Matrix-animation-output-transform"/><input semantic="INTERPOLATION" source="#Head-Interpolations"/></sampler><channel source="#Head-Matrix-animation-transform" target="Head/matrix"/></animation>
    <animation id="LeftShoulder-anim" name="LeftShoulder"><source id="LeftShoulder-Matrix-animation-input"><float_array id="LeftShoulder-Matrix-animation-input-array" count="32">

0.000000 0.033333 0.066667 0.100000 0.133333 0.166667 0.200000 0.233333 0.266667 0.300000 0.333333 0.366667 0.400000 0.433333 0.466667 0.500000
