<?xml version="1.0" encoding="utf-8"?>
<COLLADA xmlns="http://www.collada.org/2005/11/COLLADASchema" version="1.4.1">
  <asset><contributor><author>Mixamo</author><authoring_tool>COLLADA Mixamo exporter</authoring_tool><comments></comments></contributor><created>2018-10-15T20:11:27Z</created><modified>2018-10-15T20:11:27Z</modified><revision></revision><title></title><unit meter="0.010000"/><up_axis>Y_UP</up_axis></asset>
  <library_animations>
    <animation id="Hips-anim" name="Hips"><source id="Hips-Matrix-animation-input"><float_array id="Hips-Matrix-animation-input-array" count="32">

0.000000 0.033333 0.066667 0.100000 0.133333 0.166667 0.200000 0.233333 0.266667 0.300000 0.333333 0.366667 0.400000 0.433333 0.466667 0.500000
0.533333 0.566667 0.600000 0.633333 0.666667 0.700000 0.733333 0.766667 0.800000 0.833333 0.866667 0.900000 0.933333 0.966667 1.000000 1.033333</float_array><technique_common><accessor source="#Hips-Matrix-animation-input-array" count="32"><param name="TIME" type="float"/></accessor></technique_common></source><source id="Hips-Matrix-animation-output-transform"><float_array id="Hips-Matrix-animation-output-transform-array" count="512">

0.402558 0.141542 0.904385 -1.748824 -0.056758 0.989932 -0.129666 113.019119 -0.913633 0.000867 0.406539 -0.894444 0.000000 0.000000 0.000000 1.000000
0.405021 0.133035 0.904577 -2.608316 -0.029880 0.990755 -0.132330 114.144524 -0.913819 0.026568 0.405251 -0.347319 0.000000 0.000000 0.000000 1.000000
0.411556 0.132700 0.901672 -3.524912 -0.019507 0.990399 -0.136854 114.757484 -0.911175 0.038735 0.410194 0.062324 0.000000 0.000000 0.000000 1.000000
0.421640 0.138965 0.896052 -4.314552 -0.025798 0.989625 -0.141337 114.749718 -0.906396 0.036477 0.420850 0.348817 0.000000 0.000000 0.000000 1.000000
0.440372 0.149383 0.885301 -4.723981 -0.047683 0.988561 -0.143088 113.854591 -0.896549 0.020798 0.442457 0.497199 0.000000 0.000000 0.000000 1.000000
0.466796 0.157719 0.870187 -4.487215 -0.079262 0.987470 -0.136458 112.005066 -0.880806 -0.005275 0.473449 0.552717 0.000000 0.000000 0.000000 1.000000
0.484023 0.158460 0.860588 -4.538442 -0.091851 0.987235 -0.130120 110.174896 -0.870222 -0.016065 0.492399 0.634858 0.000000 0.000000 0.000000 1.000000
0.489026 0.148859 0.859473 -4.590654 -0.079234 0.988838 -0.126181 108.328133 -0.868663 -0.006394 0.495363 0.618519 0.000000 0.000000 0.000000 1.000000
0.490503 0.125757 0.862318 -3.583500 -0.053916 0.992016 -0.114003 106.959808 -0.869770 0.009426 0.493367 0.311389 0.000000 0.000000 0.000000 1.000000
0.488636 0.108572 0.865706 -2.125699 -0.032410 0.993801 -0.106343 106.581757 -0.871886 0.023905 0.489126 -0.326383 0.000000 0.000000 0.000000 1.000000
0.487198 0.103464 0.867141 -1.295864 -0.012704 0.993692 -0.111426 105.375763 -0.873199 0.043271 0.485439 -0.892501 0.000000 0.000000 0.000000 1.000000
0.489810 0.086322 0.867545 -1.237502 0.019100 0.993785 -0.109666 105.038467 -0.871620 0.070285 0.485117 -1.329737 0.000000 0.000000 0.000000 1.000000
0.497595 0.064270 0.865025 -1.426110 0.050409 0.993423 -0.102807 105.587471 -0.865943 0.094761 0.491083 -1.614288 0.000000 0.000000 0.000000 1.000000
0.485842 0.057219 0.872172 -1.552166 0.059137 0.993416 -0.098116 107.079414 -0.872044 0.099246 0.479260 -1.701127 0.000000 0.000000 0.000000 1.000000
0.459045 0.054815 0.886720 -1.554968 0.058608 0.994052 -0.091791 109.077042 -0.886478 0.094105 0.453102 -1.567381 0.000000 0.000000 0.000000 1.000000
0.437284 0.053493 0.897731 -1.508987 0.053167 0.994946 -0.085183 111.086899 -0.897751 0.084979 0.432230 -1.332801 0.000000 0.000000 0.000000 1.000000
0.417010 0.059106 0.906978 -1.580503 0.037076 0.995947 -0.081951 112.815224 -0.908145 0.067801 0.413129 -1.090286 0.000000 0.000000 0.000000 1.000000
0.387891 0.073174 0.918796 -1.794947 0.015469 0.996186 -0.085868 113.772896 -0.921575 0.047521 0.385280 -0.751569 0.000000 0.000000 0.000000 1.000000
0.351915 0.087943 0.931892 -2.086233 0.004325 0.995413 -0.095571 113.932327 -0.936022 0.037664 0.349920 -0.331063 0.000000 0.000000 0.000000 1.000000
0.303594 0.096326 0.947920 -2.439565 0.004803 0.994709 -0.102619 113.386635 -0.952789 0.035707 0.301525 0.068425 0.000000 0.000000 0.000000 1.000000
0.229399 0.096353 0.968552 -2.306389 0.020279 0.994399 -0.103727 111.549385 -0.973121 0.043436 0.226160 0.469419 0.000000 0.000000 0.000000 1.000000
0.152850 0.093743 0.983793 -1.858334 0.044511 0.993828 -0.101615 109.305710 -0.987246 0.059321 0.147734 0.770816 0.000000 0.000000 0.000000 1.000000
0.102944 0.094782 0.990161 -1.554778 0.057368 0.993227 -0.101040 107.340454 -0.993031 0.067205 0.096810 0.853597 0.000000 0.000000 0.000000 1.000000
0.096914 0.100357 0.990220 -0.878742 0.047994 0.993275 -0.105364 105.743225 -0.994135 0.057736 0.091446 0.841915 0.000000 0.000000 0.000000 1.000000
0.122761 0.106269 0.986730 0.173644 0.022174 0.993709 -0.109779 105.117462 -0.992189 0.035356 0.119632 0.796923 0.000000 0.000000 0.000000 1.000000
0.172856 0.116052 0.978086 0.974788 -0.024462 0.993234 -0.113526 105.324310 -0.984643 -0.004303 0.174525 0.548713 0.000000 0.000000 0.000000 1.000000
0.225566 0.127506 0.965848 0.922848 -0.072952 0.990826 -0.113766 105.661469 -0.971493 -0.044799 0.232798 0.271723 0.000000 0.000000 0.000000 1.000000
0.275711 0.137605 0.951340 0.213000 -0.106318 0.987994 -0.112094 106.451645 -0.955343 -0.070239 0.287031 0.201217 0.000000 0.000000 0.000000 1.000000
0.316819 0.144510 0.937413 -0.363956 -0.122302 0.986299 -0.110711 107.726746 -0.940568 -0.079572 0.330152 0.022476 0.000000 0.000000 0.000000 1.000000
0.353865 0.143375 0.924242 -0.796861 -0.106074 0.987957 -0.112646 109.410889 -0.929262 -0.058177 0.364812 -0.366198 0.000000 0.000000 0.000000 1.000000
0.386040 0.141240 0.911605 -1.187933 -0.081426 0.989569 -0.118837 111.260689 -0.918881 -0.028352 0.393514 -0.740015 0.000000 0.000000 0.000000 1.000000
0.402558 0.141542 0.904386 -1.748826 -0.056758 0.989932 -0.129666 113.019135 -0.913633 0.000867 0.406538 -0.894440 0.000000 0.000000 0.000000 1.000000</float_array><technique_common><accessor source="#Hips-Matrix-animation-output-transform-array" count="32" stride="16"><param type="float4x4"/></accessor></technique_common></source><source id="Hips-Interpolations"><Name_array id="Hips-Interpolations-array" count="32">
 LINEAR LINEAR LINEAR LINEAR LINEAR LINEAR LINEAR LINEAR LINEAR LINEAR LINEAR
LINEAR LINEAR LINEAR LINEAR LINEAR LINEAR LINEAR LINEAR LINEAR LINEAR LINEAR LINEAR
LINEAR LINEAR LINEAR LINEAR LINEAR LINEAR LINEAR LINEAR LINEAR</Name_array><technique_common><accessor source="#Hips-Interpolations-array" count="32"><param type="name"/></accessor></technique_common></source><sampler id="Hips-Matrix-animation-transform"><input semantic="INPUT" source="#Hips-Matrix-animation-input"/><input semantic="OUTPUT" source="#Hips-Matrix-animation-output-transform"/><input semantic="INTERPOLATION" source="#Hips-Interpolations"/></sampler><channel source="#Hips-Matrix-animation-transform" target="Hips/matrix"/></animation>
    <animation id="Spine-anim" name="Spine"><source id="Spine-Matrix-animation-input"><float_array id="Spine-Matrix-animation-input-array" count="32">

0.000000 0.033333 0.066667 0.100000 0.133333 0.166667 0.200000 0.233333 0.266667 0.300000 0.333333 0.366667 0.400000 0.433333 0.466667 0.500000
0.533333 0.566667 0.600000 0.633333 0.666667 0.700000 0.733333 0.766667 0.800000 0.833333 0.866667 0.900000 0.933333 0.966667 1.000000 1.033333</float_array><technique_common><accessor source="#Spine-Matrix-animation-input-array" count="32"><param name="TIME" type="float"/></accessor></technique_common></source><source id="Spine-Matrix-animation-output-transform"><float_array id="Spine-Matrix-animation-output-transform-array" count="512">

0.990186 -0.057272 -0.127478 0.000000 0.043494 0.993161 -0.108352 13.214800 0.132812 0.101744 0.985905 0.000000 0.000000 0.000000 0.000000 1.000000
0.992264 -0.023485 -0.121906 0.000000 0.010726 0.994491 -0.104275 13.214800 0.123683 0.102161 0.987049 0.000000 0.000000 0.000000 0.000000 1.000000
0.993869 -0.008033 -0.110274 0.000000 -0.003277 0.994779 -0.101997 13.214800 0.110518 0.101733 0.988654 0.000000 0.000000 0.000000 0.000000 1.000000
0.995694 -0.011823 -0.091939 0.000000 0.002568 0.994970 -0.100136 13.214800 0.092661 0.099468 0.990717 0.000000 0.000000 0.000000 0.000000 1.000000
0.997453 -0.030684 -0.064392 0.000000 0.024363 0.995011 -0.096748 13.214800 0.067039 0.094933 0.993224 0.000000 0.000000 0.000000 0.000000 1.000000
0.997967 -0.053672 -0.034371 -0.000000 0.050199 0.994214 -0.094969 13.214800 0.039269 0.093050 0.994887 -0.000000 0.000000 0.000000 0.000000 1.000000
0.998439 -0.052201 -0.019878 0.000000 0.050033 0.994004 -0.097226 13.214800 0.024834 0.096080 0.995064 0.000000 0.000000 0.000000 0.000000 1.000000
0.999471 -0.026964 -0.018194 0.000000 0.025001 0.994609 -0.100636 13.214800 0.020809 0.100128 0.994757 0.000000 0.000000 0.000000 0.000000 1.000000
0.999738 0.000437 -0.022883 0.000000 -0.002804 0.994625 -0.103500 13.214800 0.022715 0.103537 0.994366 0.000000 0.000000 0.000000 0.000000 1.000000
0.999312 0.012385 -0.034957 0.000000 -0.015740 0.995122 -0.097384 13.214800 0.033580 0.097867 0.994633 0.000000 0.000000 0.000000 0.000000 1.000000
0.998675 0.029301 -0.042309 0.000000 -0.033052 0.995313 -0.090884 13.214800 0.039447 0.092162 0.994962 -0.000000 0.000000 0.000000 0.000000 1.000000
0.997277 0.056129 -0.047832 0.000000 -0.060382 0.993864 -0.092671 13.214800 0.042337 0.095307 0.994547 -0.000000 0.000000 0.000000 0.000000 1.000000
0.995226 0.080117 -0.055733 -0.000000 -0.085188 0.991777 -0.095506 13.214800 0.047623 0.099798 0.993867 0.000000 0.000000 0.000000 0.000000 1.000000
0.994210 0.077263 -0.074682 0.000000 -0.084254 0.991857 -0.095505 13.214800 0.066695 0.101245 0.992623 0.000000 0.000000 0.000000 0.000000 1.000000
0.993276 0.063327 -0.096917 0.000000 -0.072647 0.992739 -0.095868 13.214800 0.090143 0.102264 0.990665 0.000000 0.000000 0.000000 0.000000 1.000000
0.992598 0.047948 -0.111583 0.000000 -0.058886 0.993551 -0.096895 13.214800 0.106218 0.102748 0.989020 -0.000000 0.000000 0.000000 0.000000 1.000000
0.992035 0.024908 -0.123477 0.000000 -0.037288 0.994390 -0.098988 13.214800 0.120319 0.102803 0.987398 0.000000 0.000000 0.000000 0.000000 1.000000
0.989855 -0.002882 -0.142052 -0.000000 -0.011405 0.994956 -0.099660 13.214800 0.141622 0.100269 0.984830 0.000000 0.000000 0.000000 0.000000 1.000000
0.985219 -0.018725 -0.170275 0.000000 0.002343 0.995388 -0.095906 13.214800 0.171285 0.094089 0.980718 0.000000 0.000000 0.000000 0.000000 1.000000
0.977254 -0.025849 -0.210491 0.000000 0.006479 0.995720 -0.092199 13.214800 0.211974 0.088738 0.973238 0.000000 0.000000 0.000000 0.000000 1.000000
0.962242 -0.027370 -0.270815 -0.000000 0.004313 0.996340 -0.085373 13.214800 0.272161 0.080982 0.958838 0.000000 0.000000 0.000000 0.000000 1.000000
0.944472 -0.022083 -0.327848 -0.000000 -0.004543 0.996766 -0.080227 13.214800 0.328560 0.077261 0.941318 0.000000 0.000000 0.000000 0.000000 1.000000
0.931170 -0.023923 -0.363799 0.000000 -0.007248 0.996433 -0.084075 13.214800 0.364513 0.080925 0.927675 0.000000 0.000000 0.000000 0.000000 1.000000
0.928828 -0.038834 -0.368470 -0.000000 0.007518 0.996263 -0.086047 13.214800 0.370435 0.077153 0.925649 0.000000 0.000000 0.000000 0.000000 1.000000
0.933328 -0.061949 -0.353640 0.000000 0.032444 0.995524 -0.088765 13.214800 0.357556 0.071374 0.931160 0.000000 0.000000 0.000000 0.000000 1.000000
0.939195 -0.104802 -0.327001 0.000000 0.075066 0.991917 -0.102304 13.214800 0.335080 0.071537 0.939470 -0.000000 0.000000 0.000000 0.000000 1.000000
0.944689 -0.144974 -0.294186 0.000000 0.115678 0.986636 -0.114748 13.214800 0.306890 0.074371 0.948835 0.000000 0.000000 0.000000 0.000000 1.000000
0.957081 -0.157389 -0.243363 0.000000 0.130949 0.983934 -0.121350 13.214800 0.258552 0.084274 0.962314 -0.000000 0.000000 0.000000 0.000000 1.000000
0.968264 -0.155550 -0.195624 0.000000 0.133224 0.983474 -0.122601 13.214800 0.211462 0.092648 0.972985 0.000000 0.000000 0.000000 0.000000 1.000000
0.977888 -0.128582 -0.164932 0.000000 0.109576 0.986756 -0.119605 13.214800 0.178126 0.098888 0.979026 -0.000000 0.000000 0.000000 0.000000 1.000000
0.985679 -0.093349 -0.140435 0.000000 0.077555 0.990447 -0.114018 13.214800 0.149737 0.101494 0.983503 -0.000000 0.000000 0.000000 0.000000 1.000000
0.990186 -0.057271 -0.127478 -0.000000 0.043494 0.993161 -0.108352 13.214800 0.132812 0.101744 0.985905 0.000000 0.000000 0.000000 0.000000 1.000000</float_array><technique_common><accessor source="#Spine-Matrix-animation-output-transform-array" count="32" stride="16"><param type="float4x4"/></accessor></technique_common></source><source id="Spine-Interpolations"><Name_array id="Spine-Interpolations-array" count="32">
 LINEAR LINEAR LINEAR LINEAR LINEAR LINEAR LINEAR LINEAR LINEAR LINEAR LINEAR
LINEAR LINEAR LINEAR LINEAR LINEAR LINEAR LINEAR LINEAR LINEAR LINEAR LINEAR LINEAR
LINEAR LINEAR LINEAR LINEAR LINEAR LINEAR LINEAR LINEAR LINEAR</Name_array><technique_common><accessor source="#Spine-Interpolations-array" count="32"><param type="name"/></accessor></technique_common></source><sampler id="Spine-Matrix-animation-transform"><input semantic="INPUT" source="#Spine-Matrix-animation-input"/><input semantic="OUTPUT" source="#Spine-Matrix-animation-output-transform"/><input semantic="INTERPOLATION" source="#Spine-Interpolations"/></sampler><channel source="#Spine-Matrix-animation-transform" target="Spine/matrix"/></animation>
    <animation id="Spine1-anim" name="Spine1"><source id="Spine1-Matrix-animation-input"><float_array id="Spine1-Matrix-animation-input-array" count="32">

0.000000 0.033333 0.066667 0.100000 0.133333 0.166667 0.200000 0.233333 0.266667 0.300000 0.333333 0.366667 0.400000 0.433333 0.466667 0.500000
0.533333 0.566667 0.600000 0.633333 0.666667 0.700000 0.733333 0.766667 0.800000 0.833333 0.866667 0.900000 0.933333 0.966667 1.000000 1.033333</float_array><technique_common><accessor source="#Spine1-Matrix-animation-input-array" count="32"><param name="TIME" type="float"/></accessor></technique_common></source><source id="Spine1-Matrix-animation-output-transform"><float_array id="Spine1-Matrix-animation-output-transform-array" count="512">

0.995735 -0.025921 -0.088547 -0.007800 0.019296 0.997006 -0.074873 9.224200 0.090223 0.072845 0.993254 -0.000000 0.000000 0.000000 0.000000 1.000000
0.996380 -0.016703 -0.083355 -0.007800 0.010482 0.997165 -0.074515 9.224200 0.084363 0.073371 0.993730 0.000000 0.000000 0.000000 0.000000 1.000000
0.996740 -0.011093 -0.079915 -0.007800 0.005165 0.997244 -0.074006 9.224200 0.080516 0.073352 0.994051 0.000000 0.000000 0.000000 0.000000 1.000000
0.997024 -0.010468 -0.076378 -0.007800 0.004937 0.997374 -0.072250 9.224200 0.076933 0.071658 0.994458 -0.000000 0.000000 0.000000 0.000000 1.000000
0.997469 -0.015812 -0.069322 -0.007800 0.011093 0.997628 -0.067940 9.224200 0.070232 0.066999 0.995278 0.000000 0.000000 0.000000 0.000000 1.000000
0.997889 -0.022688 -0.060858 -0.007800 0.018720 0.997710 -0.064995 9.224200 0.062193 0.063718 0.996028 0.000000 0.000000 0.000000 0.000000 1.000000
0.998211 -0.024377 -0.054595 -0.007800 0.020711 0.997556 -0.066737 9.224200 0.056088 0.065487 0.996276 0.000000 0.000000 0.000000 0.000000 1.000000
0.998463 -0.018044 -0.052397 -0.007800 0.014352 0.997444 -0.069994 9.224200 0.053526 0.069135 0.996170 0.000000 0.000000 0.000000 0.000000 1.000000
0.998544 -0.007172 -0.053464 -0.007800 0.003240 0.997307 -0.073263 9.224200 0.053846 0.072983 0.995879 0.000000 0.000000 0.000000 0.000000 1.000000
0.998388 -0.001435 -0.056744 -0.007800 -0.002593 0.997483 -0.070853 9.224200 0.056703 0.070886 0.995871 0.000000 0.000000 0.000000 0.000000 1.000000
0.998117 0.004487 -0.061178 -0.007800 -0.008650 0.997651 -0.067958 9.224200 0.060730 0.068359 0.995811 0.000000 0.000000 0.000000 0.000000 1.000000
0.998006 0.015197 -0.061267 -0.007800 -0.019483 0.997358 -0.069975 9.224200 0.060042 0.071029 0.995665 -0.000000 0.000000 0.000000 0.000000 1.000000
0.997952 0.022443 -0.059900 -0.007800 -0.026754 0.997033 -0.072178 9.224200 0.058103 0.073633 0.995591 0.000000 0.000000 0.000000 0.000000 1.000000
0.997629 0.018010 -0.066421 -0.007800 -0.022814 0.997123 -0.072282 9.224200 0.064928 0.073626 0.995170 0.000000 0.000000 0.000000 0.000000 1.000000
0.997082 0.011142 -0.075523 -0.007800 -0.016611 0.997253 -0.072187 9.224200 0.074512 0.073231 0.994528 0.000000 0.000000 0.000000 0.000000 1.000000
0.996857 0.005600 -0.079021 -0.007800 -0.011336 0.997317 -0.072321 9.224200 0.078404 0.072989 0.994246 -0.000000 0.000000 0.000000 0.000000 1.000000
0.996721 -0.002136 -0.080887 -0.007800 -0.003796 0.997316 -0.073117 9.224200 0.080827 0.073184 0.994038 0.000000 0.000000 0.000000 0.000000 1.000000
0.996260 -0.011604 -0.085623 -0.007800 0.005397 0.997363 -0.072369 9.224200 0.086237 0.071637 0.993696 0.000000 0.000000 0.000000 0.000000 1.000000
0.995509 -0.017682 -0.092996 -0.007800 0.011314 0.997582 -0.068565 9.224200 0.093984 0.067205 0.993303 -0.000000 0.000000 0.000000 0.000000 1.000000
0.994654 -0.017426 -0.101785 -0.007800 0.010961 0.997907 -0.063731 9.224200 0.102682 0.062275 0.992763 0.000000 0.000000 0.000000 0.000000 1.000000
0.993658 -0.014056 -0.111559 -0.007800 0.007583 0.998274 -0.058236 9.224200 0.112185 0.057021 0.992050 0.000000 0.000000 0.000000 0.000000 1.000000
0.992599 -0.010900 -0.120946 -0.007800 0.004301 0.998494 -0.054691 9.224200 0.121360 0.053766 0.991151 -0.000000 0.000000 0.000000 0.000000 1.000000
0.991976 -0.011723 -0.125879 -0.007800 0.004597 0.998378 -0.056755 9.224200 0.126340 0.055721 0.990421 0.000000 0.000000 0.000000 0.000000 1.000000
0.991750 -0.018933 -0.126778 -0.007800 0.011432 0.998155 -0.059640 9.224200 0.127673 0.057698 0.990137 0.000000 0.000000 0.000000 0.000000 1.000000
0.991757 -0.029584 -0.124674 -0.007800 0.022352 0.998007 -0.059015 9.224200 0.126171 0.055742 0.990441 0.000000 0.000000 0.000000 0.000000 1.000000
0.992150 -0.041240 -0.118058 -0.007800 0.033999 0.997453 -0.062703 9.224200 0.120344 0.058197 0.991025 0.000000 0.000000 0.000000 0.000000 1.000000
0.992071 -0.049915 -0.115339 -0.007800 0.042202 0.996766 -0.068379 9.224200 0.118380 0.062969 0.990970 0.000000 0.000000 0.000000 0.000000 1.000000
0.991305 -0.054079 -0.119955 -0.007800 0.045568 0.996320 -0.072591 9.224200 0.123439 0.066494 0.990122 0.000000 0.000000 0.000000 0.000000 1.000000
0.991409 -0.053447 -0.119382 -0.007800 0.044788 0.996246 -0.074079 9.224200 0.122893 0.068096 0.990081 0.000000 0.000000 0.000000 0.000000 1.000000
0.992893 -0.045624 -0.109920 -0.007800 0.037448 0.996455 -0.075337 9.224200 0.112968 0.070685 0.991081 0.000000 0.000000 0.000000 0.000000 1.000000
0.994480 -0.036108 -0.098517 -0.007800 0.028724 0.996742 -0.075369 9.224200 0.100918 0.072123 0.992277 -0.000000 0.000000 0.000000 0.000000 1.000000
0.995735 -0.025921 -0.088547 -0.007800 0.019296 0.997006 -0.074873 9.224200 0.090223 0.072845 0.993254 0.000000 0.000000 0.000000 0.000000 1.000000</float_array><technique_common><accessor source="#Spine1-Matrix-animation-output-transform-array" count="32" stride="16"><param type="float4x4"/></accessor></technique_common></source><source id="Spine1-Interpolations"><Name_array id="Spine1-Interpolations-array" count="32">
 LINEAR LINEAR LINEAR LINEAR LINEAR LINEAR LINEAR LINEAR LINEAR LINEAR LINEAR
LINEAR LINEAR LINEAR LINEAR LINEAR LINEAR LINEAR LINEAR LINEAR LINEAR LINEAR LINEAR
LINEAR LINEAR LINEAR LINEAR LINEAR LINEAR LINEAR LINEAR LINEAR</Name_array><technique_common><accessor source="#Spine1-Interpolations-array" count="32"><param type="name"/></accessor></technique_common></source><sampler id="Spine1-Matrix-animation-transform"><input semantic="INPUT" source="#Spine1-Matrix-animation-input"/><input semantic="OUTPUT" source="#Spine1-Matrix-animation-output-transform"/><input semantic="INTERPOLATION" source="#Spine1-Interpolations"/></sampler><channel source="#Spine1-Matrix-animation-transform" target="Spine1/matrix"/></animation>
    <animation id="Spine2-anim" name="Spine2"><source id="Spine2-Matrix-animation-input"><float_array id="Spine2-Matrix-animation-input-array" count="32">

0.000000 0.033333 0.066667 0.100000 0.133333 0.166667 0.200000 0.233333 0.266667 0.300000 0.333333 0.366667 0.400000 0.433333 0.466667 0.500000
0.533333 0.566667 0.600000 0.633333 0.666667 0.700000 0.733333 0.766667 0.800000 0.833333 0.866667 0.900000 0.933333 0.966667 1.000000 1.033333</float_array><technique_common><accessor source="#Spine2-Matrix-animation-input-array" count="32"><param name="TIME" type="float"/></accessor></technique_common></source><source id="Spine2-Matrix-animation-output-transform"><float_array id="Spine2-Matrix-animation-output-transform-array" count="512">

0.995699 -0.025626 -0.089030 -0.005300 0.019004 0.997044 -0.074448 11.063000 0.090674 0.072436 0.993243 0.000000 0.000000 0.000000 0.000000 1.000000
0.996337 -0.016368 -0.083935 -0.005300 0.010148 0.997207 -0.073996 11.063000 0.084911 0.072874 0.993720 0.000000 0.000000 0.000000 0.000000 1.000000
0.996702 -0.010659 -0.080448 -0.005300 0.004730 0.997281 -0.073535 11.063000 0.081013 0.072912 0.994043 -0.000000 0.000000 0.000000 0.000000 1.000000
0.997005 -0.010010 -0.076687 -0.005300 0.004477 0.997396 -0.071983 11.063000 0.077208 0.071424 0.994453 -0.000000 0.000000 0.000000 0.000000 1.000000
0.997481 -0.015500 -0.069214 -0.005300 0.010781 0.997624 -0.068039 11.063000 0.070105 0.067121 0.995279 -0.000000 0.000000 0.000000 0.000000 1.000000
0.997921 -0.022595 -0.060355 -0.005300 0.018636 0.997687 -0.065375 11.063000 0.061693 0.064115 0.996034 0.000000 0.000000 0.000000 0.000000 1.000000
0.998238 -0.024308 -0.054135 -0.005300 0.020655 0.997536 -0.067046 11.063000 0.055631 0.065810 0.996280 0.000000 0.000000 0.000000 0.000000 1.000000
0.998470 -0.017905 -0.052308 -0.005300 0.014217 0.997442 -0.070053 11.063000 0.053428 0.069202 0.996171 -0.000000 0.000000 0.000000 0.000000 1.000000
0.998535 -0.006932 -0.053671 -0.005300 0.002993 0.997318 -0.073134 11.063000 0.054034 0.072866 0.995877 0.000000 0.000000 0.000000 0.000000 1.000000
0.998374 -0.001039 -0.056990 -0.005300 -0.002997 0.997494 -0.070683 11.063000 0.056920 0.070739 0.995869 0.000000 0.000000 0.000000 0.000000 1.000000
0.998082 0.005085 -0.061691 -0.005300 -0.009255 0.997676 -0.067499 11.063000 0.061204 0.067941 0.995810 -0.000000 0.000000 0.000000 0.000000 1.000000
0.997958 0.015816 -0.061889 -0.005300 -0.020108 0.997390 -0.069345 11.063000 0.060631 0.070448 0.995671 0.000000 0.000000 0.000000 0.000000 1.000000
0.997908 0.022967 -0.060438 -0.005300 -0.027285 0.997059 -0.071610 11.063000 0.058615 0.073109 0.995600 -0.000000 0.000000 0.000000 0.000000 1.000000
0.997596 0.018489 -0.066791 -0.005300 -0.023286 0.997149 -0.071779 11.063000 0.065274 0.073162 0.995182 0.000000 0.000000 0.000000 0.000000 1.000000
0.997056 0.011549 -0.075798 -0.005300 -0.017007 0.997277 -0.071758 11.063000 0.074763 0.072836 0.994538 0.000000 0.000000 0.000000 0.000000 1.000000
0.996831 0.005930 -0.079333 -0.005300 -0.011661 0.997339 -0.071971 11.063000 0.078695 0.072668 0.994247 -0.000000 0.000000 0.000000 0.000000 1.000000
0.996688 -0.001796 -0.081299 -0.005300 -0.004133 0.997346 -0.072693 11.063000 0.081214 0.072788 0.994035 -0.000000 0.000000 0.000000 0.000000 1.000000
0.996217 -0.011289 -0.086167 -0.005300 0.005092 0.997406 -0.071801 11.063000 0.086754 0.071091 0.993690 -0.000000 0.000000 0.000000 0.000000 1.000000
0.995444 -0.017567 -0.093720 -0.005300 0.011235 0.997644 -0.067672 11.063000 0.094688 0.066311 0.993296 0.000000 0.000000 0.000000 0.000000 1.000000
0.994567 -0.017616 -0.102600 -0.005300 0.011230 0.997982 -0.062494 11.063000 0.103494 0.061002 0.992758 0.000000 0.000000 0.000000 0.000000 1.000000
0.993566 -0.014854 -0.112277 -0.005300 0.008488 0.998340 -0.056965 11.063000 0.112936 0.055645 0.992043 -0.000000 0.000000 0.000000 0.000000 1.000000
0.992504 -0.012154 -0.121606 -0.005300 0.005683 0.998556 -0.053417 11.063000 0.122080 0.052325 0.991140 0.000000 0.000000 0.000000 0.000000 1.000000
0.991876 -0.012736 -0.126567 -0.005300 0.005759 0.998451 -0.055336 11.063000 0.127076 0.054157 0.990413 0.000000 0.000000 0.000000 0.000000 1.000000
0.991658 -0.019568 -0.127405 -0.005300 0.012222 0.998231 -0.058192 11.063000 0.128318 0.056150 0.990142 0.000000 0.000000 0.000000 0.000000 1.000000
0.991673 -0.029747 -0.125301 -0.005300 0.022681 0.998091 -0.057452 11.063000 0.126771 0.054131 0.990454 0.000000 0.000000 0.000000 0.000000 1.000000
0.992077 -0.040711 -0.118851 -0.005300 0.033609 0.997562 -0.061156 11.063000 0.121050 0.056677 0.991027 0.000000 0.000000 0.000000 0.000000 1.000000
0.992013 -0.049192 -0.116146 -0.005300 0.041582 0.996882 -0.067060 11.063000 0.119082 0.061695 0.990966 0.000000 0.000000 0.000000 0.000000 1.000000
0.991252 -0.053313 -0.120736 -0.005300 0.044907 0.996443 -0.071301 11.063000 0.124108 0.065255 0.990121 0.000000 0.000000 0.000000 0.000000 1.000000
0.991370 -0.052947 -0.119925 -0.005300 0.044373 0.996339 -0.073075 11.063000 0.123355 0.067122 0.990090 0.000000 0.000000 0.000000 0.000000 1.000000
0.992859 -0.045374 -0.110324 -0.005300 0.037250 0.996516 -0.074616 11.063000 0.113325 0.069974 0.991091 0.000000 0.000000 0.000000 0.000000 1.000000
0.994450 -0.035899 -0.098897 -0.005300 0.028537 0.996785 -0.074872 11.063000 0.101267 0.071634 0.992277 -0.000000 0.000000 0.000000 0.000000 1.000000
0.995699 -0.025626 -0.089030 -0.005300 0.019004 0.997044 -0.074448 11.063000 0.090674 0.072436 0.993243 -0.000000 0.000000 0.000000 0.000000 1.000000</float_array><technique_common><accessor source="#Spine2-Matrix-animation-output-transform-array" count="32" stride="16"><param type="float4x4"/></accessor></technique_common></source><source id="Spine2-Interpolations"><Name_array id="Spine2-Interpolations-array" count="32">
 LINEAR LINEAR LINEAR LINEAR LINEAR LINEAR LINEAR LINEAR LINEAR LINEAR LINEAR
LINEAR LINEAR LINEAR LINEAR LINEAR LINEAR LINEAR LINEAR LINEAR LINEAR LINEAR LINEAR
LINEAR LINEAR LINEAR LINEAR LINEAR LINEAR LINEAR LINEAR LINEAR</Name_array><technique_common><accessor source="#Spine2-Interpolations-array" count="32"><param type="name"/></accessor></technique_common></source><sampler id="Spine2-Matrix-animation-transform"><input semantic="INPUT" source="#Spine2-Matrix-animation-input"/><input semantic="OUTPUT" source="#Spine2-Matrix-animation-output-transform"/><input semantic="INTERPOLATION" source="#Spine2-Interpolations"/></sampler><channel source="#Spine2-Matrix-animation-transform" target="Spine2/matrix"/></animation>
    <animation id="Neck-anim" name="Neck"><source id="Neck-Matrix-animation-input"><float_array id="Neck-Matrix-animation-input-array" count="32">

0.000000 0.033333 0.066667 0.100000 0.133333 0.166667 0.200000 0.233333 0.266667 0.300000 0.333333 0.366667 0.400000 0.433333 0.466667 0.500000
0.533333 0.566667 0.600000 0.633333 0.666667 0.700000 0.733333 0.766667 0.800000 0.833333 0.866667 0.900000 0.933333 0.966667 1.000000 1.033333</float_array><technique_common><accessor source="#Neck-Matrix-animation-input-array" count="32"><param name="TIME" type="float"/></accessor></technique_common></source><source id="Neck-Matrix-animation-output-transform"><float_array id="Neck-Matrix-animation-output-transform-array" count="512">

0.994486 0.005575 -0.104723 -0.006000 -0.014672 0.996161 -0.086304 23.723499 0.103839 0.087365 0.990750 -1.446200 0.000000 0.000000 0.000000 1.000000
0.994420 0.006484 -0.105290 -0.006000 -0.015318 0.996406 -0.083313 23.723499 0.104371 0.084461 0.990946 -1.446200 0.000000 0.000000 0.000000 1.000000
0.994345 0.009198 -0.105797 -0.006000 -0.017632 0.996713 -0.079067 23.723499 0.104722 0.080485 0.991239 -1.446200 0.000000 0.000000 0.000000 1.000000
0.994222 0.012952 -0.106563 -0.006000 -0.020759 0.997153 -0.072485 23.723499 0.105321 0.074278 0.991660 -1.446200 0.000000 0.000000 0.000000 1.000000
0.993997 0.016417 -0.108164 -0.006000 -0.023733 0.997491 -0.066697 23.723499 0.106798 0.068864 0.991893 -1.446200 0.000000 0.000000 0.000000 1.000000
0.993846 0.019343 -0.109068 -0.006000 -0.026525 0.997546 -0.064788 23.723499 0.107547 0.067282 0.991921 -1.446200 0.000000 0.000000 0.000000 1.000000
0.993838 0.019510 -0.109110 -0.006000 -0.026533 0.997643 -0.063287 23.723499 0.107618 0.065792 0.992013 -1.446200 0.000000 0.000000 0.000000 1.000000
0.993867 0.016594 -0.109332 -0.006000 -0.023660 0.997692 -0.063654 23.723499 0.108023 0.065850 0.991965 -1.446200 0.000000 0.000000 0.000000 1.000000
0.993928 0.014025 -0.109138 -0.006000 -0.021487 0.997488 -0.067505 23.723499 0.107917 0.069440 0.991732 -1.446200 0.000000 0.000000 0.000000 1.000000
0.994108 0.014742 -0.107384 -0.006000 -0.022333 0.997309 -0.069834 23.723499 0.106065 0.071821 0.991762 -1.446200 0.000000 0.000000 0.000000 1.000000
0.994229 0.014876 -0.106246 -0.006000 -0.022174 0.997449 -0.067844 23.723499 0.104966 0.069809 0.992023 -1.446200 0.000000 0.000000 0.000000 1.000000
0.994293 0.013086 -0.105878 -0.006000 -0.020070 0.997673 -0.065167 23.723499 0.104779 0.066920 0.992241 -1.446200 0.000000 0.000000 0.000000 1.000000
0.994479 0.015447 -0.103793 -0.006000 -0.022189 0.997695 -0.064124 23.723499 0.102563 0.066073 0.992530 -1.446200 0.000000 0.000000 0.000000 1.000000
0.994711 0.022156 -0.100294 -0.006000 -0.028741 0.997491 -0.064693 23.723499 0.098609 0.067234 0.992852 -1.446200 0.000000 0.000000 0.000000 1.000000
0.994778 0.028164 -0.098101 -0.006000 -0.035011 0.997016 -0.068795 23.723499 0.095871 0.071871 0.992796 -1.446200 0.000000 0.000000 0.000000 1.000000
0.994720 0.031320 -0.097732 -0.006000 -0.038816 0.996370 -0.075769 23.723499 0.095004 0.079163 0.992324 -1.446200 0.000000 0.000000 0.000000 1.000000
0.994685 0.032632 -0.097655 -0.006000 -0.040636 0.995875 -0.081125 23.723499 0.094605 0.084662 0.991908 -1.446200 0.000000 0.000000 0.000000 1.000000
0.994688 0.032847 -0.097553 -0.006000 -0.041020 0.995706 -0.082988 23.723499 0.094408 0.086548 0.991764 -1.446200 0.000000 0.000000 0.000000 1.000000
0.994787 0.029688 -0.097556 -0.006000 -0.037858 0.995831 -0.082989 23.723499 0.094685 0.086250 0.991764 -1.446200 0.000000 0.000000 0.000000 1.000000
0.994906 0.023687 -0.097980 -0.006000 -0.031699 0.996206 -0.081043 23.723499 0.095688 0.083736 0.991883 -1.446200 0.000000 0.000000 0.000000 1.000000
0.994815 0.023506 -0.098949 -0.006000 -0.031174 0.996569 -0.076672 23.723499 0.096807 0.079359 0.992134 -1.446200 0.000000 0.000000 0.000000 1.000000
0.994631 0.023557 -0.100765 -0.006000 -0.030805 0.997001 -0.070990 23.723499 0.098791 0.073713 0.992374 -1.446200 0.000000 0.000000 0.000000 1.000000
0.994478 0.021887 -0.102642 -0.006000 -0.028704 0.997445 -0.065421 23.723499 0.100948 0.068006 0.992565 -1.446200 0.000000 0.000000 0.000000 1.000000
0.994423 0.022818 -0.102970 -0.006000 -0.029514 0.997514 -0.063986 23.723499 0.101254 0.066668 0.992624 -1.446200 0.000000 0.000000 0.000000 1.000000
0.994543 0.022578 -0.101857 -0.006000 -0.029341 0.997428 -0.065399 23.723499 0.100118 0.068030 0.992647 -1.446200 0.000000 0.000000 0.000000 1.000000
0.994751 0.024267 -0.099410 -0.006000 -0.030914 0.997349 -0.065879 23.723499 0.097548 0.068606 0.992863 -1.446200 0.000000 0.000000 0.000000 1.000000
0.994988 0.023902 -0.097100 -0.006000 -0.030627 0.997190 -0.068372 23.723499 0.095193 0.071003 0.992923 -1.446200 0.000000 0.000000 0.000000 1.000000
0.995077 0.013038 -0.098246 -0.006000 -0.020456 0.996983 -0.074879 23.723499 0.096974 0.076520 0.992341 -1.446200 0.000000 0.000000 0.000000 1.000000
0.994893 0.009424 -0.100498 -0.006000 -0.017099 0.996978 -0.075781 23.723499 0.099480 0.077112 0.992047 -1.446200 0.000000 0.000000 0.000000 1.000000
0.994776 0.008750 -0.101709 -0.006000 -0.016672 0.996868 -0.077301 23.723499 0.100714 0.078592 0.991806 -1.446200 0.000000 0.000000 0.000000 1.000000
0.994661 0.008233 -0.102871 -0.006000 -0.016776 0.996453 -0.082458 23.723499 0.101828 0.083744 0.991271 -1.446200 0.000000 0.000000 0.000000 1.000000
0.994486 0.005575 -0.104723 -0.006000 -0.014673 0.996161 -0.086304 23.723499 0.103839 0.087365 0.990750 -1.446200 0.000000 0.000000 0.000000 1.000000</float_array><technique_common><accessor source="#Neck-Matrix-animation-output-transform-array" count="32" stride="16"><param type="float4x4"/></accessor></technique_common></source><source id="Neck-Interpolations"><Name_array id="Neck-Interpolations-array" count="32">
 LINEAR LINEAR LINEAR LINEAR LINEAR LINEAR LINEAR LINEAR LINEAR LINEAR LINEAR
LINEAR LINEAR LINEAR LINEAR LINEAR LINEAR LINEAR LINEAR LINEAR LINEAR LINEAR LINEAR
LINEAR LINEAR LINEAR LINEAR LINEAR LINEAR LINEAR LINEAR LINEAR</Name_array><technique_common><accessor source="#Neck-Interpolations-array" count="32"><param type="name"/></accessor></technique_common></source><sampler id="Neck-Matrix-animation-transform"><input semantic="INPUT" source="#Neck-Matrix-animation-input"/><input semantic="OUTPUT" source="#Neck-Matrix-animation-output-transform"/><input semantic="INTERPOLATION" source="#Neck-Interpolations"/></sampler><channel source="#Neck-Matrix-animation-transform" target="Neck/matrix"/></animation>
    <animation id="Head-anim" name="Head"><source id="Head-Matrix-animation-input"><float_array id="Head-Matrix-animation-input-array" count="32">

0.000000 0.033333 0.066667 0.100000 0.133333 0.166667 0.200000 0.233333 0.266667 0.300000 0.333333 0.366667 0.400000 0.433333 0.466667 0.500000
0.533333 0.566667 0.600000 0.633333 0.666667 0.700000 0.733333 0.766667 0.800000 0.833333 0.866667 0.900000 0.933333 0.966667 1.000000 1.033333</float_array><technique_common><accessor source="#Head-Matrix-animation-input-array" count="32"><param name="TIME" type="float"/></accessor></technique_common></source><source id="Head-Matrix-animation-output-transform"><float_array id="Head-Matrix-animation-output-transform-array" count="512">

0.811259 -0.084352 -0.578570 0.000000 0.164675 0.982444 0.087669 10.037100 0.561018 -0.166398 0.810908 3.529500 0.000000 0.000000 0.000000 1.000000
0.808955 -0.089937 -0.580951 0.000000 0.168458 0.982249 0.082510 10.037100 0.563218 -0.164613 0.809746 3.529500 0.000000 0.000000 0.000000 1.000000
0.805240 -0.095092 -0.585275 0.000000 0.177625 0.980413 0.085090 10.037100 0.565719 -0.172478 0.806358 3.529500 0.000000 0.000000 0.000000 1.000000
0.801711 -0.096872 -0.589810 0.000000 0.185697 0.978316 0.091732 10.037100 0.568134 -0.183068 0.802315 3.529500 0.000000 0.000000 0.000000 1.000000
0.798632 -0.092698 -0.594638 -0.000000 0.189352 0.976590 0.102069 10.037100 0.571255 -0.194111 0.797489 3.529500 0.000000 0.000000 0.000000 1.000000
0.796852 -0.090503 -0.597357 0.000000 0.196330 0.973847 0.114353 10.037100 0.571385 -0.208402 0.793781 3.529500 0.000000 0.000000 0.000000 1.000000
0.794768 -0.098145 -0.598926 0.000000 0.211402 0.969805 0.121608 10.037100 0.568906 -0.223264 0.791517 3.529500 0.000000 0.000000 0.000000 1.000000
0.791012 -0.110590 -0.601722 0.000000 0.226115 0.966734 0.119572 10.037100 0.568482 -0.230641 0.789704 3.529500 0.000000 0.000000 0.000000 1.000000
0.787794 -0.123230 -0.603485 -0.000000 0.230249 0.967668 0.102973 10.037100 0.571284 -0.220074 0.790697 3.529500 0.000000 0.000000 0.000000 1.000000
0.788377 -0.135194 -0.600154 0.000000 0.225999 0.970988 0.078148 10.037100 0.572177 -0.197244 0.796058 3.529500 0.000000 0.000000 0.000000 1.000000
0.785312 -0.149569 -0.600761 0.000000 0.236234 0.969351 0.067469 10.037100 0.572257 -0.194904 0.796576 3.529500 0.000000 0.000000 0.000000 1.000000
0.779859 -0.163596 -0.604200 0.000000 0.259442 0.962908 0.074148 10.037100 0.569658 -0.214579 0.793376 3.529500 0.000000 0.000000 0.000000 1.000000
0.785780 -0.160197 -0.597401 0.000000 0.259415 0.962175 0.083203 10.037100 0.561475 -0.220354 0.797615 3.529500 0.000000 0.000000 0.000000 1.000000
0.799714 -0.141510 -0.583466 0.000000 0.234937 0.968090 0.087217 10.037100 0.552505 -0.206826 0.807441 3.529500 0.000000 0.000000 0.000000 1.000000
0.807472 -0.125853 -0.576325 0.000000 0.211182 0.973899 0.083208 10.037100 0.550810 -0.188897 0.812973 3.529500 0.000000 0.000000 0.000000 1.000000
0.809005 -0.116703 -0.576101 0.000000 0.195267 0.977791 0.076134 10.037100 0.554421 -0.174086 0.813825 3.529500 0.000000 0.000000 0.000000 1.000000
0.810023 -0.108753 -0.576225 0.000000 0.182854 0.980501 0.071991 10.037100 0.557160 -0.163680 0.814114 3.529500 0.000000 0.000000 0.000000 1.000000
0.811749 -0.101712 -0.575081 0.000000 0.173518 0.982254 0.071201 10.037100 0.557634 -0.157584 0.814992 3.529500 0.000000 0.000000 0.000000 1.000000
0.812658 -0.101074 -0.573909 -0.000000 0.172666 0.982383 0.071483 10.037100 0.556573 -0.157186 0.815794 3.529500 0.000000 0.000000 0.000000 1.000000
0.810091 -0.110149 -0.575865 0.000000 0.182732 0.980705 0.069470 10.037100 0.557101 -0.161506 0.814588 3.529500 0.000000 0.000000 0.000000 1.000000
0.803238 -0.120635 -0.583314 -0.000000 0.193473 0.979020 0.063945 10.037100 0.563362 -0.164218 0.809726 3.529500 0.000000 0.000000 0.000000 1.000000
0.795464 -0.124178 -0.593142 0.000000 0.200292 0.977648 0.063934 10.037100 0.571945 -0.169659 0.802555 3.529500 0.000000 0.000000 0.000000 1.000000
0.790674 -0.119934 -0.600376 0.000000 0.206105 0.975530 0.076558 10.037100 0.576503 -0.184273 0.796045 3.529500 0.000000 0.000000 0.000000 1.000000
0.792405 -0.106241 -0.600672 0.000000 0.206765 0.973201 0.100634 10.037100 0.573884 -0.203941 0.793136 3.529500 0.000000 0.000000 0.000000 1.000000
0.801852 -0.086443 -0.591238 -0.000000 0.192634 0.974047 0.118844 10.037100 0.565620 -0.209187 0.797693 3.529500 0.000000 0.000000 0.000000 1.000000
0.815810 -0.067823 -0.574329 0.000000 0.171612 0.976758 0.128422 10.037100 0.552271 -0.203330 0.808488 3.529500 0.000000 0.000000 0.000000 1.000000
0.826477 -0.058040 -0.559971 -0.000000 0.161595 0.977272 0.137209 10.037100 0.539281 -0.203888 0.817071 3.529500 0.000000 0.000000 0.000000 1.000000
0.826836 -0.059388 -0.559300 -0.000000 0.163328 0.976912 0.137724 10.037100 0.538207 -0.205224 0.817445 3.529500 0.000000 0.000000 0.000000 1.000000
0.820618 -0.068413 -0.567368 -0.000000 0.165817 0.978602 0.121831 10.037100 0.546893 -0.194056 0.814402 3.529500 0.000000 0.000000 0.000000 1.000000
0.817390 -0.077235 -0.570883 -0.000000 0.165620 0.980641 0.104464 10.037100 0.551764 -0.179938 0.814358 3.529500 0.000000 0.000000 0.000000 1.000000
0.815268 -0.079722 -0.573570 -0.000000 0.162641 0.982133 0.094667 10.037100 0.555775 -0.170465 0.813668 3.529500 0.000000 0.000000 0.000000 1.000000
0.811259 -0.084352 -0.578570 -0.000000 0.164675 0.982444 0.087669 10.037100 0.561017 -0.166398 0.810908 3.529500 0.000000 0.000000 0.000000 1.000000</float_array><technique_common><accessor source="#Head-Matrix-animation-output-transform-array" count="32" stride="16"><param type="float4x4"/></accessor></technique_common></source><source id="Head-Interpolations"><Name_array id="Head-Interpolations-array" count="32">
 LINEAR LINEAR LINEAR LINEAR LINEAR LINEAR LINEAR LINEAR LINEAR LINEAR LINEAR
LINEAR LINEAR LINEAR LINEAR LINEAR LINEAR LINEAR LINEAR LINEAR LINEAR LINEAR LINEAR
LINEAR LINEAR LINEAR LINEAR LINEAR LINEAR LINEAR LINEAR LINEAR</Name_array><technique_common><accessor source="#Head-Interpolations-array" count="32"><param type="name"/></accessor></technique_common></source><sampler id="Head-Matrix-animation-transform"><input semantic="INPUT" source="#Head-Matrix-animation-input"/><input semantic="OUTPUT" source="#Head-Matrix-animation-output-transform"/><input semantic="INTERPOLATION" source="#Head-Interpolations"/></sampler><channel source="#Head-Matrix-animation-transform" target="Head/matrix"/></animation>
    <animation id="LeftShoulder-anim" name="LeftShoulder"><source id="LeftShoulder-Matrix-animation-input"><float_array id="LeftShoulder-Matrix-animation-input-array" count="32">

0.000000 0.033333 0.066667 0.100000 0.133333 0.166667 0.200000 0.233333 0.266667 0.300000 0.333333 0.366667 0.400000 0.433333 0.466667 0.500000
