<?xml version="1.0" encoding="utf-8"?>
<COLLADA xmlns="http://www.collada.org/2005/11/COLLADASchema" version="1.4.1">
  <asset><contributor><author>Mixamo</author><authoring_tool>COLLADA Mixamo exporter</authoring_tool><comments></comments></contributor><created>2018-10-15T19:48:56Z</created><modified>2018-10-15T19:48:56Z</modified><revision></revision><title></title><unit meter="0.010000"/><up_axis>Y_UP</up_axis></asset>
  <library_animations>
    <animation id="Hips-anim" name="Hips"><source id="Hips-Matrix-animation-input"><float_array id="Hips-Matrix-animation-input-array" count="37">

0.000000 0.033333 0.066667 0.100000 0.133333 0.166667 0.200000 0.233333 0.266667 0.300000 0.333333 0.366667 0.400000 0.433333 0.466667 0.500000
0.533333 0.566667 0.600000 0.633333 0.666667 0.700000 0.733333 0.766667 0.800000 0.833333 0.866667 0.900000 0.933333 0.966667 1.000000 1.033333
1.066667 1.100000 1.133333 1.166667 1.200000</float_array><technique_common><accessor source="#Hips-Matrix-animation-input-array" count="37"><param name="TIME" type="float"/></accessor></technique_common></source><source id="Hips-Matrix-animation-output-transform"><float_array id="Hips-Matrix-animation-output-transform-array" count="592">

0.999457 0.001374 0.032911 0.030142 -0.005530 0.991949 0.126514 111.802055 -0.032472 -0.126628 0.991419 -1.983303 0.000000 0.000000 0.000000 1.000000
0.998331 -0.003460 0.057642 -0.243219 -0.004619 0.990222 0.139425 111.362213 -0.057561 -0.139458 0.988554 -0.789409 0.000000 0.000000 0.000000 1.000000
0.996605 -0.001676 0.082316 -0.464087 -0.010866 0.988369 0.151688 110.556557 -0.081613 -0.152067 0.984995 0.307431 0.000000 0.000000 0.000000 1.000000
0.994503 0.002308 0.104679 -0.617369 -0.019468 0.986400 0.163206 109.609665 -0.102879 -0.164346 0.981023 1.358389 0.000000 0.000000 0.000000 1.000000
0.992372 0.003158 0.123242 -0.690748 -0.024814 0.984329 0.174587 108.849243 -0.120759 -0.176313 0.976899 2.354557 0.000000 0.000000 0.000000 1.000000
0.990110 -0.001084 0.140291 -0.649546 -0.025133 0.982423 0.184970 108.300583 -0.138026 -0.186666 0.972679 3.111442 0.000000 0.000000 0.000000 1.000000
0.987087 -0.009490 0.159903 -0.423618 -0.021368 0.981522 0.190153 107.839638 -0.158752 -0.191115 0.968645 3.228154 0.000000 0.000000 0.000000 1.000000
0.983143 -0.019608 0.181782 0.042527 -0.014893 0.982341 0.186505 107.590599 -0.182229 -0.186069 0.965490 2.407286 0.000000 0.000000 0.000000 1.000000
0.979094 -0.029696 0.201230 0.748255 -0.006107 0.984549 0.175005 107.559158 -0.203318 -0.172575 0.963784 0.696269 0.000000 0.000000 0.000000 1.000000
0.975633 -0.044004 0.214952 1.548255 0.008644 0.986630 0.162746 107.548668 -0.219240 -0.156923 0.962969 -1.524272 0.000000 0.000000 0.000000 1.000000
0.973084 -0.069960 0.219574 2.253874 0.035484 0.986930 0.157196 107.329384 -0.227702 -0.145173 0.962848 -3.621525 0.000000 0.000000 0.000000 1.000000
0.971938 -0.095063 0.215172 2.901497 0.062533 0.986208 0.153244 106.925316 -0.226772 -0.135488 0.964478 -5.430002 0.000000 0.000000 0.000000 1.000000
0.973747 -0.101839 0.203583 3.570898 0.073388 0.987037 0.142731 106.925064 -0.215479 -0.124044 0.968598 -6.988370 0.000000 0.000000 0.000000 1.000000
0.981172 -0.079689 0.175931 4.328082 0.056578 0.989543 0.132681 108.038788 -0.184665 -0.120229 0.975420 -7.978598 0.000000 0.000000 0.000000 1.000000
0.990964 -0.032481 0.130135 5.147757 0.015145 0.991127 0.132053 109.991707 -0.133269 -0.128888 0.982663 -8.195016 0.000000 0.000000 0.000000 1.000000
0.996297 0.006571 0.085722 5.725726 -0.018253 0.990510 0.136222 111.834145 -0.084013 -0.137282 0.986963 -7.628445 0.000000 0.000000 0.000000 1.000000
0.998262 0.026730 0.052529 5.978024 -0.033877 0.989534 0.140270 112.944916 -0.048230 -0.141806 0.988719 -6.602499 0.000000 0.000000 0.000000 1.000000
0.998758 0.043292 0.024656 6.090279 -0.046457 0.988042 0.147022 113.358353 -0.017996 -0.147985 0.988826 -5.424495 0.000000 0.000000 0.000000 1.000000
0.998334 0.057703 -0.000055 6.127674 -0.056995 0.986230 0.155249 113.291588 0.009012 -0.154987 0.987875 -4.228955 0.000000 0.000000 0.000000 1.000000
0.997676 0.065064 -0.020251 6.073617 -0.060937 0.984873 0.162210 112.826637 0.030499 -0.160599 0.986548 -3.059667 0.000000 0.000000 0.000000 1.000000
0.997276 0.064536 -0.035704 5.977397 -0.057638 0.983987 0.168665 112.069733 0.046017 -0.166147 0.985027 -1.880587 0.000000 0.000000 0.000000 1.000000
0.997094 0.059272 -0.047858 5.894621 -0.050077 0.983370 0.174573 111.252983 0.057409 -0.171669 0.983481 -0.686361 0.000000 0.000000 0.000000 1.000000
0.996711 0.052769 -0.061500 5.818677 -0.041041 0.983101 0.178404 110.439240 0.069875 -0.175294 0.982033 0.386622 0.000000 0.000000 0.000000 1.000000
0.995594 0.047672 -0.080747 5.721557 -0.032701 0.983577 0.177504 109.513252 0.087883 -0.174081 0.980802 1.076695 0.000000 0.000000 0.000000 1.000000
0.993575 0.046544 -0.103166 5.542641 -0.028370 0.984847 0.171090 108.604515 0.109566 -0.167064 0.979839 1.254369 0.000000 0.000000 0.000000 1.000000
0.991106 0.052866 -0.122121 5.276630 -0.032583 0.986174 0.162478 108.011490 0.129023 -0.157054 0.979126 1.002729 0.000000 0.000000 0.000000 1.000000
0.988723 0.069067 -0.132879 4.973731 -0.048658 0.987316 0.151130 107.655632 0.141632 -0.142960 0.979542 0.246117 0.000000 0.000000 0.000000 1.000000
0.985676 0.095705 -0.138863 4.623425 -0.076885 0.987847 0.135081 107.268875 0.150104 -0.122469 0.981056 -1.173846 0.000000 0.000000 0.000000 1.000000
0.980862 0.128789 -0.146021 4.173823 -0.111783 0.986551 0.119252 106.922867 0.159416 -0.100647 0.982068 -2.999374 0.000000 0.000000 0.000000 1.000000
0.975690 0.158458 -0.151391 3.669350 -0.143487 0.984042 0.105225 106.621208 0.165649 -0.080944 0.982857 -4.774148 0.000000 0.000000 0.000000 1.000000
0.974140 0.170654 -0.148084 3.182264 -0.158303 0.983132 0.091608 106.748474 0.161219 -0.065797 0.984723 -6.319644 0.000000 0.000000 0.000000 1.000000
0.978734 0.158502 -0.130222 2.684116 -0.148334 0.985325 0.084449 107.696762 0.141696 -0.063337 0.987882 -7.282212 0.000000 0.000000 0.000000 1.000000
0.985944 0.132589 -0.101658 2.118592 -0.124146 0.988588 0.085337 108.899429 0.111813 -0.071517 0.991152 -7.175221 0.000000 0.000000 0.000000 1.000000
0.992479 0.101522 -0.068408 1.526058 -0.095145 0.991315 0.090786 109.947624 0.077031 -0.083595 0.993518 -6.193223 0.000000 0.000000 0.000000 1.000000
0.997211 0.066970 -0.032932 0.992112 -0.063381 0.992965 0.100020 110.914902 0.039398 -0.097654 0.994440 -4.855078 0.000000 0.000000 0.000000 1.000000
0.999466 0.032633 0.001711 0.508227 -0.032618 0.993115 0.112512 111.600891 0.001973 -0.112508 0.993649 -3.409952 0.000000 0.000000 0.000000 1.000000
0.999457 0.001374 0.032911 0.030142 -0.005530 0.991949 0.126514 111.802071 -0.032472 -0.126628 0.991419 -1.983301 0.000000 0.000000 0.000000 1.000000</float_array><technique_common><accessor source="#Hips-Matrix-animation-output-transform-array" count="37" stride="16"><param type="float4x4"/></accessor></technique_common></source><source id="Hips-Interpolations"><Name_array id="Hips-Interpolations-array" count="37">
 LINEAR LINEAR LINEAR LINEAR LINEAR LINEAR LINEAR LINEAR LINEAR LINEAR LINEAR
LINEAR LINEAR LINEAR LINEAR LINEAR LINEAR LINEAR LINEAR LINEAR LINEAR LINEAR LINEAR
LINEAR LINEAR LINEAR LINEAR LINEAR LINEAR LINEAR LINEAR LINEAR LINEAR LINEAR LINEAR
LINEAR LINEAR</Name_array><technique_common><accessor source="#Hips-Interpolations-array" count="37"><param type="name"/></accessor></technique_common></source><sampler id="Hips-Matrix-animation-transform"><input semantic="INPUT" source="#Hips-Matrix-animation-input"/><input semantic="OUTPUT" source="#Hips-Matrix-animation-output-transform"/><input semantic="INTERPOLATION" source="#Hips-Interpolations"/></sampler><channel source="#Hips-Matrix-animation-transform" target="Hips/matrix"/></animation>
    <animation id="Spine-anim" name="Spine"><source id="Spine-Matrix-animation-input"><float_array id="Spine-Matrix-animation-input-array" count="37">

0.000000 0.033333 0.066667 0.100000 0.133333 0.166667 0.200000 0.233333 0.266667 0.300000 0.333333 0.366667 0.400000 0.433333 0.466667 0.500000
0.533333 0.566667 0.600000 0.633333 0.666667 0.700000 0.733333 0.766667 0.800000 0.833333 0.866667 0.900000 0.933333 0.966667 1.000000 1.033333
1.066667 1.100000 1.133333 1.166667 1.200000</float_array><technique_common><accessor source="#Spine-Matrix-animation-input-array" count="37"><param name="TIME" type="float"/></accessor></technique_common></source><source id="Spine-Matrix-animation-output-transform"><float_array id="Spine-Matrix-animation-output-transform-array" count="592">

0.996444 -0.013171 0.083219 0.000000 0.032874 0.970199 -0.240071 13.214800 -0.077577 0.241953 0.967182 0.000000 0.000000 0.000000 0.000000 1.000000
0.997899 -0.021257 0.061206 0.000000 0.034750 0.972884 -0.228666 13.214800 -0.054685 0.230313 0.971579 0.000000 0.000000 0.000000 0.000000 1.000000
0.998853 -0.037440 0.029865 0.000000 0.043043 0.975220 -0.217008 13.214800 -0.021000 0.218044 0.975713 0.000000 0.000000 0.000000 0.000000 1.000000
0.998676 -0.050992 -0.006775 0.000000 0.048498 0.977264 -0.206403 13.214800 0.017146 0.205801 0.978444 0.000000 0.000000 0.000000 0.000000 1.000000
0.997317 -0.058144 -0.044481 0.000000 0.048176 0.978765 -0.199246 13.214800 0.055122 0.196568 0.978940 -0.000000 0.000000 0.000000 0.000000 1.000000
0.994457 -0.056027 -0.088970 0.000000 0.037780 0.980093 -0.194910 13.214800 0.098119 0.190468 0.976778 0.000000 0.000000 0.000000 0.000000 1.000000
0.990453 -0.049160 -0.128787 0.000000 0.023182 0.980345 -0.195925 13.214800 0.135887 0.191069 0.972125 0.000000 0.000000 0.000000 0.000000 1.000000
0.986871 -0.040568 -0.156330 0.000000 0.007831 0.978821 -0.204568 13.214800 0.161318 0.200658 0.966288 0.000000 0.000000 0.000000 0.000000 1.000000
0.984023 -0.031636 -0.175209 0.000000 -0.006993 0.976460 -0.215583 13.214800 0.177905 0.213364 0.960638 -0.000000 0.000000 0.000000 0.000000 1.000000
0.982186 -0.023363 -0.186454 0.000000 -0.021141 0.972202 -0.233186 13.214800 0.186719 0.232974 0.954389 -0.000000 0.000000 0.000000 0.000000 1.000000
0.979587 0.011293 -0.200701 0.000000 -0.062494 0.966054 -0.250666 13.214800 0.191057 0.258092 0.947040 -0.000000 0.000000 0.000000 0.000000 1.000000
0.977176 0.042042 -0.208230 0.000000 -0.098228 0.958557 -0.267430 13.214800 0.188357 0.281780 0.940809 0.000000 0.000000 0.000000 0.000000 1.000000
0.974856 0.061737 -0.214112 -0.000000 -0.120157 0.954835 -0.271760 13.214800 0.187664 0.290654 0.938245 0.000000 0.000000 0.000000 0.000000 1.000000
0.978721 0.049674 -0.199090 0.000000 -0.105469 0.954061 -0.280435 13.214800 0.176014 0.295466 0.938999 -0.000000 0.000000 0.000000 0.000000 1.000000
0.989544 0.004102 -0.144171 0.000000 -0.047658 0.952748 -0.299999 13.214800 0.136128 0.303733 0.942982 0.000000 0.000000 0.000000 0.000000 1.000000
0.994566 -0.023055 -0.101521 0.000000 -0.008851 0.952915 -0.303108 13.214800 0.103729 0.302360 0.947533 -0.000000 0.000000 0.000000 0.000000 1.000000
0.996956 -0.030595 -0.071709 0.000000 0.007938 0.954833 -0.297036 13.214800 0.077558 0.295563 0.952170 0.000000 0.000000 0.000000 0.000000 1.000000
0.998744 -0.031626 -0.038859 0.000000 0.019172 0.957808 -0.286767 13.214800 0.046288 0.285662 0.957212 -0.000000 0.000000 0.000000 0.000000 1.000000
0.999482 -0.030942 -0.008853 -0.000000 0.027283 0.960516 -0.276884 13.214800 0.017070 0.276499 0.960862 0.000000 0.000000 0.000000 0.000000 1.000000
0.999516 -0.022941 0.021033 0.000000 0.027680 0.964210 -0.263691 13.214800 -0.014231 0.264145 0.964378 0.000000 0.000000 0.000000 0.000000 1.000000
0.998751 -0.009028 0.049144 0.000000 0.021113 0.967674 -0.251318 13.214800 -0.045287 0.252042 0.966656 0.000000 0.000000 0.000000 0.000000 1.000000
0.996701 0.005461 0.080981 0.000000 0.014024 0.971139 -0.238100 13.214800 -0.079944 0.238450 0.967859 0.000000 0.000000 0.000000 0.000000 1.000000
0.992713 0.019371 0.118938 0.000000 0.007798 0.974600 -0.223816 13.214800 -0.120252 0.223113 0.967347 -0.000000 0.000000 0.000000 0.000000 1.000000
0.985946 0.031569 0.164053 0.000000 0.004070 0.977154 -0.212493 13.214800 -0.167013 0.210175 0.963293 0.000000 0.000000 0.000000 0.000000 1.000000
0.976684 0.039827 0.210956 0.000000 0.004275 0.978838 -0.204593 13.214800 -0.214640 0.200725 0.955845 0.000000 0.000000 0.000000 0.000000 1.000000
0.969052 0.038271 0.243873 -0.000000 0.012527 0.979013 -0.203411 13.214800 -0.246540 0.200171 0.948235 0.000000 0.000000 0.000000 0.000000 1.000000
0.962118 0.021090 0.271817 -0.000000 0.035629 0.978727 -0.202050 13.214800 -0.270296 0.204080 0.940899 0.000000 0.000000 0.000000 0.000000 1.000000
0.956234 -0.011624 0.292371 0.000000 0.074328 0.976084 -0.204291 13.214800 -0.283004 0.217082 0.934229 0.000000 0.000000 0.000000 0.000000 1.000000
0.948882 -0.053472 0.311069 0.000000 0.122776 0.970458 -0.207694 13.214800 -0.290774 0.235269 0.927415 0.000000 0.000000 0.000000 0.000000 1.000000
0.943015 -0.092238 0.319710 -0.000000 0.165516 0.963542 -0.210218 13.214800 -0.288664 0.251156 0.923901 0.000000 0.000000 0.000000 0.000000 1.000000
0.937221 -0.123157 0.326267 -0.000000 0.198530 0.957590 -0.208824 13.214800 -0.286712 0.260488 0.921923 -0.000000 0.000000 0.000000 0.000000 1.000000
0.945012 -0.117536 0.305186 0.000000 0.191588 0.955253 -0.225358 13.214800 -0.265042 0.271436 0.925243 0.000000 0.000000 0.000000 0.000000 1.000000
0.962245 -0.094502 0.255253 0.000000 0.158009 0.957538 -0.241152 13.214800 -0.221625 0.272379 0.936318 -0.000000 0.000000 0.000000 0.000000 1.000000
0.975833 -0.067858 0.207716 0.000000 0.119141 0.962067 -0.245423 13.214800 -0.183183 0.264239 0.946901 0.000000 0.000000 0.000000 0.000000 1.000000
0.984379 -0.047750 0.169463 -0.000000 0.088796 0.965786 -0.243665 13.214800 -0.152029 0.254907 0.954940 -0.000000 0.000000 0.000000 0.000000 1.000000
0.991633 -0.028694 0.125861 -0.000000 0.058759 0.968456 -0.242157 13.214800 -0.114943 0.247527 0.962039 0.000000 0.000000 0.000000 0.000000 1.000000
0.996444 -0.013171 0.083219 -0.000000 0.032874 0.970199 -0.240071 13.214800 -0.077577 0.241953 0.967182 0.000000 0.000000 0.000000 0.000000 1.000000</float_array><technique_common><accessor source="#Spine-Matrix-animation-output-transform-array" count="37" stride="16"><param type="float4x4"/></accessor></technique_common></source><source id="Spine-Interpolations"><Name_array id="Spine-Interpolations-array" count="37">
 LINEAR LINEAR LINEAR LINEAR LINEAR LINEAR LINEAR LINEAR LINEAR LINEAR LINEAR
LINEAR LINEAR LINEAR LINEAR LINEAR LINEAR LINEAR LINEAR LINEAR LINEAR LINEAR LINEAR
LINEAR LINEAR LINEAR LINEAR LINEAR LINEAR LINEAR LINEAR LINEAR LINEAR LINEAR LINEAR
LINEAR LINEAR</Name_array><technique_common><accessor source="#Spine-Interpolations-array" count="37"><param type="name"/></accessor></technique_common></source><sampler id="Spine-Matrix-animation-transform"><input semantic="INPUT" source="#Spine-Matrix-animation-input"/><input semantic="OUTPUT" source="#Spine-Matrix-animation-output-transform"/><input semantic="INTERPOLATION" source="#Spine-Interpolations"/></sampler><channel source="#Spine-Matrix-animation-transform" target="Spine/matrix"/></animation>
    <animation id="Spine1-anim" name="Spine1"><source id="Spine1-Matrix-animation-input"><float_array id="Spine1-Matrix-animation-input-array" count="37">

0.000000 0.033333 0.066667 0.100000 0.133333 0.166667 0.200000 0.233333 0.266667 0.300000 0.333333 0.366667 0.400000 0.433333 0.466667 0.500000
0.533333 0.566667 0.600000 0.633333 0.666667 0.700000 0.733333 0.766667 0.800000 0.833333 0.866667 0.900000 0.933333 0.966667 1.000000 1.033333
1.066667 1.100000 1.133333 1.166667 1.200000</float_array><technique_common><accessor source="#Spine1-Matrix-animation-input-array" count="37"><param name="TIME" type="float"/></accessor></technique_common></source><source id="Spine1-Matrix-animation-output-transform"><float_array id="Spine1-Matrix-animation-output-transform-array" count="592">

0.999582 0.009780 0.027219 -0.007800 -0.005944 0.990468 -0.137615 9.224200 -0.028305 0.137396 0.990112 0.000000 0.000000 0.000000 0.000000 1.000000
0.999719 0.008333 0.022173 -0.007800 -0.005224 0.990590 -0.136765 9.224200 -0.023104 0.136611 0.990355 -0.000000 0.000000 0.000000 0.000000 1.000000
0.999875 0.004993 0.014992 -0.007800 -0.002900 0.990631 -0.136534 9.224200 -0.015534 0.136474 0.990522 -0.000000 0.000000 0.000000 0.000000 1.000000
0.999976 0.001928 0.006710 -0.007800 -0.000994 0.990640 -0.136494 9.224200 -0.006910 0.136484 0.990618 0.000000 0.000000 0.000000 0.000000 1.000000
0.999999 -0.000527 -0.001405 -0.007800 0.000329 0.990553 -0.137131 9.224200 0.001464 0.137130 0.990552 0.000000 0.000000 0.000000 0.000000 1.000000
0.999942 -0.001992 -0.010626 -0.007800 0.000505 0.990401 -0.138223 9.224200 0.010799 0.138209 0.990344 0.000000 0.000000 0.000000 0.000000 1.000000
0.999816 -0.002726 -0.018974 -0.007800 0.000054 0.990237 -0.139394 9.224200 0.019169 0.139367 0.990055 0.000000 0.000000 0.000000 0.000000 1.000000
0.999691 -0.002231 -0.024753 -0.007800 -0.001262 0.990124 -0.140189 9.224200 0.024822 0.140177 0.989815 0.000000 0.000000 0.000000 0.000000 1.000000
0.999602 -0.001690 -0.028161 -0.007800 -0.002258 0.990207 -0.139587 9.224200 0.028121 0.139595 0.989809 0.000000 0.000000 0.000000 0.000000 1.000000
0.999584 -0.003717 -0.028586 -0.007800 -0.000283 0.990338 -0.138671 9.224200 0.028825 0.138621 0.989926 -0.000000 0.000000 0.000000 0.000000 1.000000
0.999631 -0.008981 -0.025642 -0.007800 0.005276 0.989987 -0.141060 9.224200 0.026652 0.140872 0.989669 0.000000 0.000000 0.000000 0.000000 1.000000
0.999701 -0.012202 -0.021173 -0.007800 0.009049 0.989666 -0.143103 9.224200 0.022700 0.142868 0.989481 0.000000 0.000000 0.000000 0.000000 1.000000
0.999746 -0.014339 -0.017411 -0.007800 0.011706 0.989664 -0.142930 9.224200 0.019280 0.142690 0.989580 0.000000 0.000000 0.000000 0.000000 1.000000
0.999785 -0.014678 -0.014642 -0.007800 0.012445 0.989735 -0.142372 9.224200 0.016581 0.142160 0.989705 0.000000 0.000000 0.000000 0.000000 1.000000
0.999888 -0.011016 -0.010121 -0.007800 0.009464 0.989771 -0.142354 9.224200 0.011586 0.142242 0.989764 0.000000 0.000000 0.000000 0.000000 1.000000
0.999955 -0.007739 -0.005484 -0.007800 0.006881 0.989814 -0.142199 9.224200 0.006529 0.142155 0.989823 0.000000 0.000000 0.000000 0.000000 1.000000
0.999972 -0.007528 0.000043 -0.007800 0.007459 0.989934 -0.141331 9.224200 0.001021 0.141327 0.989962 0.000000 0.000000 0.000000 0.000000 1.000000
0.999952 -0.007131 0.006758 -0.007800 0.008007 0.990124 -0.139965 9.224200 -0.005694 0.140012 0.990133 -0.000000 0.000000 0.000000 0.000000 1.000000
0.999883 -0.007666 0.013238 -0.007800 0.009436 0.990203 -0.139316 9.224200 -0.012040 0.139425 0.990159 0.000000 0.000000 0.000000 0.000000 1.000000
0.999775 -0.006969 0.020041 -0.007800 0.009670 0.990387 -0.137989 9.224200 -0.018887 0.138152 0.990231 0.000000 0.000000 0.000000 0.000000 1.000000
0.999633 -0.004853 0.026635 -0.007800 0.008484 0.990404 -0.137945 9.224200 -0.025710 0.138121 0.990082 0.000000 0.000000 0.000000 0.000000 1.000000
0.999424 -0.001742 0.033892 -0.007800 0.006422 0.990346 -0.138467 9.224200 -0.033324 0.138605 0.989787 0.000000 0.000000 0.000000 0.000000 1.000000
0.999111 0.002171 0.042096 -0.007800 0.003672 0.990392 -0.138239 9.224200 -0.041992 0.138270 0.989504 0.000000 0.000000 0.000000 0.000000 1.000000
0.998641 0.005721 0.051797 -0.007800 0.001423 0.990591 -0.136847 9.224200 -0.052093 0.136735 0.989237 0.000000 0.000000 0.000000 0.000000 1.000000
0.998065 0.007833 0.061690 -0.007800 0.000508 0.990975 -0.134043 9.224200 -0.062183 0.133815 0.989053 0.000000 0.000000 0.000000 0.000000 1.000000
0.997610 0.009711 0.068416 -0.007800 -0.000572 0.991204 -0.132344 9.224200 -0.069099 0.131989 0.988840 0.000000 0.000000 0.000000 0.000000 1.000000
0.997218 0.010316 0.073818 -0.007800 -0.000523 0.991320 -0.131474 9.224200 -0.074534 0.131069 0.988567 0.000000 0.000000 0.000000 0.000000 1.000000
0.997032 0.009329 0.076426 -0.007800 0.000860 0.991221 -0.132209 9.224200 -0.076988 0.131882 0.988271 0.000000 0.000000 0.000000 0.000000 1.000000
0.997109 0.011046 0.075173 -0.007800 -0.000864 0.990961 -0.134150 9.224200 -0.075976 0.133697 0.988106 -0.000000 0.000000 0.000000 0.000000 1.000000
0.997390 0.013181 0.070987 -0.007800 -0.003580 0.991012 -0.133725 9.224200 -0.072112 0.133122 0.988473 0.000000 0.000000 0.000000 0.000000 1.000000
0.997658 0.016082 0.066478 -0.007800 -0.007064 0.990993 -0.133730 9.224200 -0.068030 0.132947 0.988786 0.000000 0.000000 0.000000 0.000000 1.000000
0.998026 0.016324 0.060640 -0.007800 -0.008035 0.990881 -0.134498 9.224200 -0.062283 0.133745 0.989057 0.000000 0.000000 0.000000 0.000000 1.000000
0.998102 0.007170 0.061163 -0.007800 0.000942 0.991303 -0.131595 9.224200 -0.061575 0.131402 0.989415 -0.000000 0.000000 0.000000 0.000000 1.000000
0.998224 0.000551 0.059575 -0.007800 0.007186 0.991543 -0.129583 9.224200 -0.059142 0.129781 0.989777 0.000000 0.000000 0.000000 0.000000 1.000000
0.998706 0.003519 0.050730 -0.007800 0.003191 0.991299 -0.131590 9.224200 -0.050752 0.131581 0.990005 0.000000 0.000000 0.000000 0.000000 1.000000
0.999204 0.006951 0.039269 -0.007800 -0.001610 0.990923 -0.134422 9.224200 -0.039847 0.134252 0.990146 0.000000 0.000000 0.000000 0.000000 1.000000
0.999582 0.009780 0.027219 -0.007800 -0.005944 0.990468 -0.137615 9.224200 -0.028305 0.137396 0.990112 -0.000000 0.000000 0.000000 0.000000 1.000000</float_array><technique_common><accessor source="#Spine1-Matrix-animation-output-transform-array" count="37" stride="16"><param type="float4x4"/></accessor></technique_common></source><source id="Spine1-Interpolations"><Name_array id="Spine1-Interpolations-array" count="37">
 LINEAR LINEAR LINEAR LINEAR LINEAR LINEAR LINEAR LINEAR LINEAR LINEAR LINEAR
LINEAR LINEAR LINEAR LINEAR LINEAR LINEAR LINEAR LINEAR LINEAR LINEAR LINEAR LINEAR
LINEAR LINEAR LINEAR LINEAR LINEAR LINEAR LINEAR LINEAR LINEAR LINEAR LINEAR LINEAR
LINEAR LINEAR</Name_array><technique_common><accessor source="#Spine1-Interpolations-array" count="37"><param type="name"/></accessor></technique_common></source><sampler id="Spine1-Matrix-animation-transform"><input semantic="INPUT" source="#Spine1-Matrix-animation-input"/><input semantic="OUTPUT" source="#Spine1-Matrix-animation-output-transform"/><input semantic="INTERPOLATION" source="#Spine1-Interpolations"/></sampler><channel source="#Spine1-Matrix-animation-transform" target="Spine1/matrix"/></animation>
    <animation id="Spine2-anim" name="Spine2"><source id="Spine2-Matrix-animation-input"><float_array id="Spine2-Matrix-animation-input-array" count="37">

0.000000 0.033333 0.066667 0.100000 0.133333 0.166667 0.200000 0.233333 0.266667 0.300000 0.333333 0.366667 0.400000 0.433333 0.466667 0.500000
0.533333 0.566667 0.600000 0.633333 0.666667 0.700000 0.733333 0.766667 0.800000 0.833333 0.866667 0.900000 0.933333 0.966667 1.000000 1.033333
1.066667 1.100000 1.133333 1.166667 1.200000</float_array><technique_common><accessor source="#Spine2-Matrix-animation-input-array" count="37"><param name="TIME" type="float"/></accessor></technique_common></source><source id="Spine2-Matrix-animation-output-transform"><float_array id="Spine2-Matrix-animation-output-transform-array" count="592">

0.999514 0.007353 0.030287 -0.005300 -0.003207 0.990876 -0.134742 11.063000 -0.031001 0.134579 0.990418 -0.000000 0.000000 0.000000 0.000000 1.000000
0.999665 0.005869 0.025217 -0.005300 -0.002441 0.990996 -0.133869 11.063000 -0.025776 0.133763 0.990678 0.000000 0.000000 0.000000 0.000000 1.000000
0.999834 0.002496 0.018072 -0.005300 -0.000060 0.991037 -0.133590 11.063000 -0.018243 0.133566 0.990872 -0.000000 0.000000 0.000000 0.000000 1.000000
0.999952 -0.000578 0.009785 -0.005300 0.001879 0.991047 -0.133500 11.063000 -0.009621 0.133512 0.991000 0.000000 0.000000 0.000000 0.000000 1.000000
0.999994 -0.003016 0.001651 -0.005300 0.003210 0.990963 -0.134094 11.063000 -0.001232 0.134099 0.990967 0.000000 0.000000 0.000000 0.000000 1.000000
0.999961 -0.004442 -0.007588 -0.005300 0.003376 0.990818 -0.135162 11.063000 0.008118 0.135131 0.990794 0.000000 0.000000 0.000000 0.000000 1.000000
0.999860 -0.005140 -0.015943 -0.005300 0.002918 0.990658 -0.136339 11.063000 0.016495 0.136273 0.990534 0.000000 0.000000 0.000000 0.000000 1.000000
0.999754 -0.004653 -0.021703 -0.005300 0.001633 0.990547 -0.137162 11.063000 0.022136 0.137093 0.990311 0.000000 0.000000 0.000000 0.000000 1.000000
0.999681 -0.004174 -0.024928 -0.005300 0.000729 0.990620 -0.136640 11.063000 0.025265 0.136579 0.990307 -0.000000 0.000000 0.000000 0.000000 1.000000
0.999668 -0.006286 -0.024984 -0.005300 0.002834 0.990722 -0.135872 11.063000 0.025606 0.135756 0.990411 0.000000 0.000000 0.000000 0.000000 1.000000
0.999701 -0.011543 -0.021544 -0.005300 0.008450 0.990325 -0.138511 11.063000 0.022934 0.138288 0.990127 0.000000 0.000000 0.000000 0.000000 1.000000
0.999756 -0.014696 -0.016490 -0.005300 0.012232 0.989975 -0.140713 11.063000 0.018393 0.140477 0.989913 0.000000 0.000000 0.000000 0.000000 1.000000
0.999786 -0.016719 -0.012207 -0.005300 0.014838 0.989951 -0.140627 11.063000 0.014436 0.140416 0.989987 0.000000 0.000000 0.000000 0.000000 1.000000
0.999815 -0.016976 -0.009079 -0.005300 0.015538 0.990027 -0.140020 11.063000 0.011365 0.139853 0.990107 0.000000 0.000000 0.000000 0.000000 1.000000
0.999903 -0.013225 -0.004370 -0.005300 0.012484 0.990107 -0.139759 11.063000 0.006175 0.139691 0.990176 0.000000 0.000000 0.000000 0.000000 1.000000
0.999952 -0.009828 0.000381 -0.005300 0.009786 0.990186 -0.139410 11.063000 0.000993 0.139407 0.990235 0.000000 0.000000 0.000000 0.000000 1.000000
0.999937 -0.009490 0.006045 -0.005300 0.010235 0.990324 -0.138395 11.063000 -0.004673 0.138448 0.990359 -0.000000 0.000000 0.000000 0.000000 1.000000
0.999877 -0.008972 0.012890 -0.005300 0.010652 0.990533 -0.136862 11.063000 -0.011540 0.136982 0.990506 0.000000 0.000000 0.000000 0.000000 1.000000
0.999766 -0.009408 0.019493 -0.005300 0.011975 0.990629 -0.136054 11.063000 -0.018030 0.136255 0.990510 0.000000 0.000000 0.000000 0.000000 1.000000
0.999615 -0.008637 0.026380 -0.005300 0.012112 0.990833 -0.134551 11.063000 -0.024976 0.134818 0.990556 0.000000 0.000000 0.000000 0.000000 1.000000
0.999434 -0.006464 0.033027 -0.005300 0.010848 0.990877 -0.134330 11.063000 -0.031858 0.134612 0.990386 0.000000 0.000000 0.000000 0.000000 1.000000
0.999181 -0.003310 0.040327 -0.005300 0.008717 0.990855 -0.134652 11.063000 -0.039513 0.134893 0.990072 0.000000 0.000000 0.000000 0.000000 1.000000
0.998823 0.000614 0.048508 -0.005300 0.005909 0.990935 -0.134212 11.063000 -0.048151 0.134340 0.989765 0.000000 0.000000 0.000000 0.000000 1.000000
0.998298 0.004187 0.058174 -0.005300 0.003569 0.991167 -0.132572 11.063000 -0.058215 0.132554 0.989465 0.000000 0.000000 0.000000 0.000000 1.000000
0.997666 0.006353 0.067990 -0.005300 0.002514 0.991572 -0.129530 11.063000 -0.068240 0.129398 0.989242 -0.000000 0.000000 0.000000 0.000000 1.000000
0.997180 0.008264 0.074596 -0.005300 0.001337 0.991807 -0.127742 11.063000 -0.075040 0.127482 0.988998 0.000000 0.000000 0.000000 0.000000 1.000000
0.996768 0.008914 0.079834 -0.005300 0.001295 0.991912 -0.126924 11.063000 -0.080320 0.126618 0.988694 0.000000 0.000000 0.000000 0.000000 1.000000
0.996574 0.007981 0.082319 -0.005300 0.002615 0.991794 -0.127820 11.063000 -0.082664 0.127597 0.988375 -0.000000 0.000000 0.000000 0.000000 1.000000
0.996685 0.009715 0.080777 -0.005300 0.000887 0.991488 -0.130192 11.063000 -0.081355 0.129832 0.988193 0.000000 0.000000 0.000000 0.000000 1.000000
0.997035 0.012060 0.076004 -0.005300 -0.002058 0.991470 -0.130321 11.063000 -0.076927 0.129778 0.988554 -0.000000 0.000000 0.000000 0.000000 1.000000
0.997376 0.014987 0.070834 -0.005300 -0.005607 0.991392 -0.130810 11.063000 -0.072185 0.130069 0.988874 0.000000 0.000000 0.000000 0.000000 1.000000
0.997805 0.014995 0.064507 -0.005300 -0.006375 0.991254 -0.131812 11.063000 -0.065920 0.131111 0.989174 0.000000 0.000000 0.000000 0.000000 1.000000
0.997832 0.007050 0.065427 -0.005300 0.001411 0.991725 -0.128376 11.063000 -0.065790 0.128190 0.989565 0.000000 0.000000 0.000000 0.000000 1.000000
0.997942 0.001019 0.064122 -0.005300 0.007090 0.991993 -0.126097 11.063000 -0.063737 0.126292 0.989943 0.000000 0.000000 0.000000 0.000000 1.000000
0.998501 0.003199 0.054636 -0.005300 0.003847 0.991718 -0.128376 11.063000 -0.054594 0.128394 0.990219 0.000000 0.000000 0.000000 0.000000 1.000000
0.999072 0.005593 0.042704 -0.005300 0.000067 0.991328 -0.131409 11.063000 -0.043069 0.131290 0.990408 0.000000 0.000000 0.000000 0.000000 1.000000
0.999514 0.007353 0.030287 -0.005300 -0.003207 0.990876 -0.134742 11.063000 -0.031001 0.134579 0.990418 0.000000 0.000000 0.000000 0.000000 1.000000</float_array><technique_common><accessor source="#Spine2-Matrix-animation-output-transform-array" count="37" stride="16"><param type="float4x4"/></accessor></technique_common></source><source id="Spine2-Interpolations"><Name_array id="Spine2-Interpolations-array" count="37">
 LINEAR LINEAR LINEAR LINEAR LINEAR LINEAR LINEAR LINEAR LINEAR LINEAR LINEAR
LINEAR LINEAR LINEAR LINEAR LINEAR LINEAR LINEAR LINEAR LINEAR LINEAR LINEAR LINEAR
LINEAR LINEAR LINEAR LINEAR LINEAR LINEAR LINEAR LINEAR LINEAR LINEAR LINEAR LINEAR
LINEAR LINEAR</Name_array><technique_common><accessor source="#Spine2-Interpolations-array" count="37"><param type="name"/></accessor></technique_common></source><sampler id="Spine2-Matrix-animation-transform"><input semantic="INPUT" source="#Spine2-Matrix-animation-input"/><input semantic="OUTPUT" source="#Spine2-Matrix-animation-output-transform"/><input semantic="INTERPOLATION" source="#Spine2-Interpolations"/></sampler><channel source="#Spine2-Matrix-animation-transform" target="Spine2/matrix"/></animation>
    <animation id="Neck-anim" name="Neck"><source id="Neck-Matrix-animation-input"><float_array id="Neck-Matrix-animation-input-array" count="37">

0.000000 0.033333 0.066667 0.100000 0.133333 0.166667 0.200000 0.233333 0.266667 0.300000 0.333333 0.366667 0.400000 0.433333 0.466667 0.500000
0.533333 0.566667 0.600000 0.633333 0.666667 0.700000 0.733333 0.766667 0.800000 0.833333 0.866667 0.900000 0.933333 0.966667 1.000000 1.033333
1.066667 1.100000 1.133333 1.166667 1.200000</float_array><technique_common><accessor source="#Neck-Matrix-animation-input-array" count="37"><param name="TIME" type="float"/></accessor></technique_common></source><source id="Neck-Matrix-animation-output-transform"><float_array id="Neck-Matrix-animation-output-transform-array" count="592">

0.999855 -0.005495 -0.016093 -0.006000 0.005761 0.999847 0.016536 23.723499 0.016000 -0.016626 0.999734 -1.446200 0.000000 0.000000 0.000000 1.000000
0.999910 -0.003608 -0.012916 -0.006000 0.003807 0.999874 0.015402 23.723499 0.012859 -0.015450 0.999798 -1.446200 0.000000 0.000000 0.000000 1.000000
0.999963 -0.001095 -0.008561 -0.006000 0.001216 0.999900 0.014089 23.723499 0.008544 -0.014099 0.999864 -1.446200 0.000000 0.000000 0.000000 1.000000
0.999996 0.000479 -0.002722 -0.006000 -0.000440 0.999896 0.014428 23.723499 0.002729 -0.014427 0.999892 -1.446200 0.000000 0.000000 0.000000 1.000000
0.999992 0.002055 0.003289 -0.006000 -0.002097 0.999917 0.012751 23.723499 -0.003263 -0.012758 0.999913 -1.446200 0.000000 0.000000 0.000000 1.000000
0.999951 0.002589 0.009531 -0.006000 -0.002694 0.999936 0.011029 23.723499 -0.009502 -0.011054 0.999894 -1.446200 0.000000 0.000000 0.000000 1.000000
0.999874 0.004643 0.015163 -0.006000 -0.004809 0.999928 0.010969 23.723499 -0.015111 -0.011041 0.999825 -1.446200 0.000000 0.000000 0.000000 1.000000
0.999790 0.007699 0.019012 -0.006000 -0.007952 0.999880 0.013317 23.723499 -0.018908 -0.013465 0.999731 -1.446200 0.000000 0.000000 0.000000 1.000000
0.999731 0.008994 0.021364 -0.006000 -0.009383 0.999790 0.018198 23.723499 -0.021196 -0.018394 0.999606 -1.446200 0.000000 0.000000 0.000000 1.000000
0.999661 0.011773 0.023217 -0.006000 -0.012340 0.999626 0.024419 23.723499 -0.022921 -0.024697 0.999432 -1.446200 0.000000 0.000000 0.000000 1.000000
0.999575 0.015223 0.024877 -0.006000 -0.015945 0.999449 0.029122 23.723499 -0.024420 -0.029506 0.999266 -1.446200 0.000000 0.000000 0.000000 1.000000
0.999533 0.016473 0.025751 -0.006000 -0.017278 0.999360 0.031332 23.723499 -0.025218 -0.031763 0.999177 -1.446200 0.000000 0.000000 0.000000 1.000000
0.999536 0.014877 0.026588 -0.006000 -0.015696 0.999400 0.030862 23.723499 -0.026113 -0.031265 0.999170 -1.446200 0.000000 0.000000 0.000000 1.000000
0.999513 0.014669 0.027555 -0.006000 -0.015512 0.999410 0.030646 23.723499 -0.027090 -0.031059 0.999150 -1.446200 0.000000 0.000000 0.000000 1.000000
0.999519 0.015488 0.026865 -0.006000 -0.016306 0.999402 0.030506 23.723499 -0.026376 -0.030929 0.999174 -1.446200 0.000000 0.000000 0.000000 1.000000
0.999569 0.014614 0.025468 -0.006000 -0.015325 0.999491 0.027981 23.723499 -0.025046 -0.028359 0.999284 -1.446200 0.000000 0.000000 0.000000 1.000000
0.999655 0.012773 0.022955 -0.006000 -0.013345 0.999599 0.024960 23.723499 -0.022627 -0.025257 0.999425 -1.446200 0.000000 0.000000 0.000000 1.000000
0.999787 0.008882 0.018654 -0.006000 -0.009265 0.999746 0.020551 23.723499 -0.018466 -0.020719 0.999615 -1.446200 0.000000 0.000000 0.000000 1.000000
0.999868 0.007223 0.014521 -0.006000 -0.007488 0.999806 0.018234 23.723499 -0.014386 -0.018341 0.999728 -1.446200 0.000000 0.000000 0.000000 1.000000
0.999949 0.004522 0.009045 -0.006000 -0.004653 0.999883 0.014549 23.723499 -0.008978 -0.014591 0.999853 -1.446200 0.000000 0.000000 0.000000 1.000000
0.999992 0.002638 0.002974 -0.006000 -0.002676 0.999915 0.012724 23.723499 -0.002940 -0.012732 0.999915 -1.446200 0.000000 0.000000 0.000000 1.000000
0.999990 0.002736 -0.003648 -0.006000 -0.002696 0.999937 0.010927 23.723499 0.003678 -0.010917 0.999934 -1.446200 0.000000 0.000000 0.000000 1.000000
0.999933 0.002711 -0.011241 -0.006000 -0.002628 0.999970 0.007342 23.723499 0.011261 -0.007312 0.999910 -1.446200 0.000000 0.000000 0.000000 1.000000
0.999812 0.002702 -0.019207 -0.006000 -0.002615 0.999986 0.004555 23.723499 0.019219 -0.004504 0.999805 -1.446200 0.000000 0.000000 0.000000 1.000000
0.999643 0.002408 -0.026600 -0.006000 -0.002312 0.999991 0.003626 23.723499 0.026609 -0.003564 0.999640 -1.446200 0.000000 0.000000 0.000000 1.000000
0.999475 0.000610 -0.032399 -0.006000 -0.000445 0.999987 0.005085 23.723499 0.032401 -0.005068 0.999462 -1.446200 0.000000 0.000000 0.000000 1.000000
0.999317 -0.000909 -0.036944 -0.006000 0.001159 0.999977 0.006737 23.723499 0.036937 -0.006775 0.999295 -1.446200 0.000000 0.000000 0.000000 1.000000
0.999207 -0.002701 -0.039718 -0.006000 0.003108 0.999943 0.010201 23.723499 0.039688 -0.010316 0.999159 -1.446200 0.000000 0.000000 0.000000 1.000000
0.999178 -0.005644 -0.040152 -0.006000 0.006220 0.999879 0.014249 23.723499 0.040067 -0.014487 0.999092 -1.446200 0.000000 0.000000 0.000000 1.000000
0.999227 -0.007453 -0.038588 -0.006000 0.008174 0.999795 0.018545 23.723499 0.038442 -0.018846 0.999083 -1.446200 0.000000 0.000000 0.000000 1.000000
0.999325 -0.007006 -0.036065 -0.006000 0.007824 0.999714 0.022592 23.723499 0.035897 -0.022859 0.999094 -1.446200 0.000000 0.000000 0.000000 1.000000
0.999433 -0.008027 -0.032684 -0.006000 0.008893 0.999611 0.026427 23.723499 0.032459 -0.026703 0.999116 -1.446200 0.000000 0.000000 0.000000 1.000000
0.999483 -0.007802 -0.031200 -0.006000 0.008561 0.999669 0.024258 23.723499 0.031001 -0.024513 0.999219 -1.446200 0.000000 0.000000 0.000000 1.000000
0.999568 -0.008206 -0.028231 -0.006000 0.008800 0.999741 0.020972 23.723499 0.028052 -0.021212 0.999381 -1.446200 0.000000 0.000000 0.000000 1.000000
0.999681 -0.008488 -0.023790 -0.006000 0.008906 0.999807 0.017509 23.723499 0.023637 -0.017715 0.999564 -1.446200 0.000000 0.000000 0.000000 1.000000
0.999772 -0.007405 -0.020031 -0.006000 0.007744 0.999827 0.016917 23.723499 0.019902 -0.017068 0.999656 -1.446200 0.000000 0.000000 0.000000 1.000000
0.999855 -0.005495 -0.016093 -0.006000 0.005761 0.999847 0.016536 23.723499 0.016000 -0.016626 0.999734 -1.446200 0.000000 0.000000 0.000000 1.000000</float_array><technique_common><accessor source="#Neck-Matrix-animation-output-transform-array" count="37" stride="16"><param type="float4x4"/></accessor></technique_common></source><source id="Neck-Interpolations"><Name_array id="Neck-Interpolations-array" count="37">
 LINEAR LINEAR LINEAR LINEAR LINEAR LINEAR LINEAR LINEAR LINEAR LINEAR LINEAR
LINEAR LINEAR LINEAR LINEAR LINEAR LINEAR LINEAR LINEAR LINEAR LINEAR LINEAR LINEAR
LINEAR LINEAR LINEAR LINEAR LINEAR LINEAR LINEAR LINEAR LINEAR LINEAR LINEAR LINEAR
LINEAR LINEAR</Name_array><technique_common><accessor source="#Neck-Interpolations-array" count="37"><param type="name"/></accessor></technique_common></source><sampler id="Neck-Matrix-animation-transform"><input semantic="INPUT" source="#Neck-Matrix-animation-input"/><input semantic="OUTPUT" source="#Neck-Matrix-animation-output-transform"/><input semantic="INTERPOLATION" source="#Neck-Interpolations"/></sampler><channel source="#Neck-Matrix-animation-transform" target="Neck/matrix"/></animation>
    <animation id="Head-anim" name="Head"><source id="Head-Matrix-animation-input"><float_array id="Head-Matrix-animation-input-array" count="37">

0.000000 0.033333 0.066667 0.100000 0.133333 0.166667 0.200000 0.233333 0.266667 0.300000 0.333333 0.366667 0.400000 0.433333 0.466667 0.500000
0.533333 0.566667 0.600000 0.633333 0.666667 0.700000 0.733333 0.766667 0.800000 0.833333 0.866667 0.900000 0.933333 0.966667 1.000000 1.033333
1.066667 1.100000 1.133333 1.166667 1.200000</float_array><technique_common><accessor source="#Head-Matrix-animation-input-array" count="37"><param name="TIME" type="float"/></accessor></technique_common></source><source id="Head-Matrix-animation-output-transform"><float_array id="Head-Matrix-animation-output-transform-array" count="592">

0.987428 0.013063 -0.157529 0.000000 0.024599 0.971738 0.234778 10.037100 0.156144 -0.235701 0.959200 3.529500 0.000000 0.000000 0.000000 1.000000
0.989621 0.017655 -0.142611 0.000000 0.014679 0.974814 0.222538 10.037100 0.142948 -0.222321 0.964437 3.529500 0.000000 0.000000 0.000000 1.000000
0.992210 0.020658 -0.122850 0.000000 0.006105 0.976906 0.213581 10.037100 0.124425 -0.212667 0.969170 3.529500 0.000000 0.000000 0.000000 1.000000
0.994986 0.019219 -0.098150 0.000000 0.001552 0.978279 0.207287 10.037100 0.100001 -0.206400 0.973344 3.529500 0.000000 0.000000 0.000000 1.000000
0.997603 0.015496 -0.067436 0.000000 -0.001608 0.979529 0.201295 10.037100 0.069175 -0.200704 0.977207 3.529500 0.000000 0.000000 0.000000 1.000000
0.999361 0.008765 -0.034660 -0.000000 -0.001683 0.979939 0.199289 10.037100 0.035712 -0.199103 0.979328 3.529500 0.000000 0.000000 0.000000 1.000000
0.999927 -0.000365 -0.012088 -0.000000 0.002906 0.977500 0.210915 10.037100 0.011739 -0.210934 0.977430 3.529500 0.000000 0.000000 0.000000 1.000000
0.999976 -0.004439 -0.005291 0.000000 0.005568 0.971420 0.237303 10.037100 0.004086 -0.237327 0.971421 3.529500 0.000000 0.000000 0.000000 1.000000
0.999965 -0.005832 -0.006034 -0.000000 0.007252 0.962395 0.271556 10.037100 0.004224 -0.271590 0.962404 3.529500 0.000000 0.000000 0.000000 1.000000
0.999872 -0.007871 -0.013963 -0.000000 0.011791 0.951308 0.308016 10.037100 0.010859 -0.308142 0.951279 3.529500 0.000000 0.000000 0.000000 1.000000
0.999583 -0.016089 -0.023980 -0.000000 0.023429 0.937291 0.347758 10.037100 0.016881 -0.348175 0.937278 3.529500 0.000000 0.000000 0.000000 1.000000
0.999200 -0.024342 -0.031727 0.000000 0.034623 0.923590 0.381816 10.037100 0.020008 -0.382609 0.923694 3.529500 0.000000 0.000000 0.000000 1.000000
0.999063 -0.031910 -0.029237 -0.000000 0.040884 0.917474 0.395690 10.037100 0.014198 -0.396515 0.917919 3.529500 0.000000 0.000000 0.000000 1.000000
0.999321 -0.031268 -0.019513 0.000000 0.036460 0.916142 0.399193 10.037100 0.005395 -0.399633 0.916659 3.529500 0.000000 0.000000 0.000000 1.000000
