<?xml version="1.0" encoding="utf-8"?>
<COLLADA xmlns="http://www.collada.org/2005/11/COLLADASchema" version="1.4.1">
  <asset><contributor><author>Mixamo</author><authoring_tool>COLLADA Mixamo exporter</authoring_tool><comments></comments></contributor><created>2018-10-30T12:34:46Z</created><modified>2018-10-30T12:34:46Z</modified><revision></revision><title></title><unit meter="0.010000"/><up_axis>Y_UP</up_axis></asset>
  <library_animations>
    <animation id="Zombie_Hips-anim" name="Zombie_Hips"><source id="Zombie_Hips-Matrix-animation-input"><float_array id="Zombie_Hips-Matrix-animation-input-array" count="105">

0.000000 0.033333 0.066667 0.100000 0.133333 0.166667 0.200000 0.233333 0.266667 0.300000 0.333333 0.366667 0.400000 0.433333 0.466667 0.500000
0.533333 0.566667 0.600000 0.633333 0.666667 0.700000 0.733333 0.766667 0.800000 0.833333 0.866667 0.900000 0.933333 0.966667 1.000000 1.033333
1.066667 1.100000 1.133333 1.166667 1.200000 1.233333 1.266667 1.300000 1.333333 1.366667 1.400000 1.433333 1.466667 1.500000 1.533333 1.566667
1.600000 1.633333 1.666667 1.700000 1.733333 1.766667 1.800000 1.833333 1.866667 1.900000 1.933333 1.966667 2.000000 2.033333 2.066667 2.100000
2.133333 2.166667 2.200000 2.233333 2.266667 2.300000 2.333333 2.366667 2.400000 2.433333 2.466667 2.500000 2.533333 2.566667 2.600000 2.633333
2.666667 2.700000 2.733333 2.766667 2.800000 2.833333 2.866667 2.900000 2.933333 2.966667 3.000000 3.033333 3.066667 3.100000 3.133333 3.166667
3.200000 3.233333 3.266667 3.300000 3.333333 3.366667 3.400000 3.433333 3.466667</float_array><technique_common><accessor source="#Zombie_Hips-Matrix-animation-input-array" count="105"><param name="TIME" type="float"/></accessor></technique_common></source><source id="Zombie_Hips-Matrix-animation-output-transform"><float_array id="Zombie_Hips-Matrix-animation-output-transform-array" count="1680">

0.952612 -0.039060 -0.301668 0.326090 -0.018149 0.982656 -0.184545 87.500992 0.303645 0.181275 0.935382 -0.693013 0.000000 0.000000 0.000000 1.000000
0.953688 -0.041149 -0.297970 0.231381 -0.016881 0.981715 -0.189604 87.586273 0.300324 0.185854 0.935555 -0.822780 0.000000 0.000000 0.000000 1.000000
0.954131 -0.052851 -0.294686 0.035315 -0.011346 0.977205 -0.211996 87.632637 0.299173 0.205616 0.931782 -1.407076 0.000000 0.000000 0.000000 1.000000
0.955094 -0.070565 -0.287779 -0.254139 -0.006191 0.966264 -0.257480 87.477821 0.296239 0.247699 0.922436 -2.544406 0.000000 0.000000 0.000000 1.000000
0.959199 -0.084499 -0.269810 -0.656511 -0.007193 0.946692 -0.322058 86.959366 0.282640 0.310859 0.907459 -4.149316 0.000000 0.000000 0.000000 1.000000
0.965441 -0.090529 -0.244393 -1.118064 -0.012300 0.920862 -0.389696 85.969025 0.260331 0.379234 0.887924 -6.024450 0.000000 0.000000 0.000000 1.000000
0.971360 -0.093114 -0.218607 -1.609646 -0.017667 0.889169 -0.457237 84.466995 0.236953 0.448004 0.862059 -8.062886 0.000000 0.000000 0.000000 1.000000
0.975747 -0.094586 -0.197413 -2.153279 -0.020475 0.858441 -0.512504 82.646782 0.217943 0.504116 0.835684 -10.062981 0.000000 0.000000 0.000000 1.000000
0.978271 -0.097518 -0.182965 -2.822317 -0.018353 0.838284 -0.544925 80.825287 0.206516 0.536442 0.818279 -11.784672 0.000000 0.000000 0.000000 1.000000
0.979924 -0.101480 -0.171610 -3.662278 -0.011355 0.830958 -0.556220 79.332901 0.199046 0.547002 0.813123 -13.125686 0.000000 0.000000 0.000000 1.000000
0.981665 -0.099974 -0.162294 -4.651125 -0.005675 0.835717 -0.549132 78.597443 0.190531 0.539984 0.819826 -14.160513 0.000000 0.000000 0.000000 1.000000
0.983166 -0.089967 -0.159032 -5.804737 -0.007503 0.849765 -0.527109 78.916245 0.182563 0.519429 0.834784 -14.948527 0.000000 0.000000 0.000000 1.000000
0.983625 -0.073244 -0.164673 -7.097108 -0.015688 0.875432 -0.483087 80.090881 0.179543 0.477760 0.859947 -15.315030 0.000000 0.000000 0.000000 1.000000
0.982634 -0.051817 -0.178173 -8.368067 -0.025125 0.914219 -0.404441 81.680367 0.183846 0.401894 0.897041 -14.844991 0.000000 0.000000 0.000000 1.000000
0.980781 -0.032432 -0.192399 -9.393882 -0.027153 0.953806 -0.299194 83.474327 0.193215 0.298668 0.934594 -13.226328 0.000000 0.000000 0.000000 1.000000
0.979429 -0.018709 -0.200920 -10.143270 -0.019079 0.982647 -0.184502 85.373253 0.200885 0.184540 0.962076 -10.454708 0.000000 0.000000 0.000000 1.000000
0.980117 -0.003165 -0.198397 -10.848423 -0.011929 0.997124 -0.074837 87.240234 0.198063 0.075715 0.977261 -6.758304 0.000000 0.000000 0.000000 1.000000
0.981128 0.011784 -0.193002 -11.677979 -0.011025 0.999927 0.005006 88.811394 0.193046 -0.002783 0.981186 -2.571062 0.000000 0.000000 0.000000 1.000000
0.979306 0.020790 -0.201312 -12.380158 -0.014450 0.999354 0.032915 89.705803 0.201867 -0.029325 0.978974 1.554542 0.000000 0.000000 0.000000 1.000000
0.974789 0.021238 -0.222116 -12.782101 -0.016547 0.999599 0.022958 90.136948 0.222514 -0.018704 0.974750 5.272618 0.000000 0.000000 0.000000 1.000000
0.968881 0.011533 -0.247257 -12.782950 -0.009772 0.999917 0.008348 90.277618 0.247333 -0.005672 0.968914 8.555131 0.000000 0.000000 0.000000 1.000000
0.962191 -0.003422 -0.272352 -12.391320 0.002814 0.999993 -0.002624 90.237152 0.272359 0.001758 0.962194 11.316487 0.000000 0.000000 0.000000 1.000000
0.957379 -0.016533 -0.288360 -11.742095 0.012127 0.999781 -0.017061 90.119385 0.288579 0.012836 0.957370 13.653768 0.000000 0.000000 0.000000 1.000000
0.957828 -0.021879 -0.286507 -11.114342 0.013692 0.999440 -0.030548 89.794846 0.287014 0.025337 0.957591 15.580327 0.000000 0.000000 0.000000 1.000000
0.965227 -0.017635 -0.260819 -10.597987 0.007580 0.999191 -0.039507 89.610489 0.261305 0.036157 0.964579 16.860506 0.000000 0.000000 0.000000 1.000000
0.977065 -0.008470 -0.212774 -10.128509 -0.002628 0.998653 -0.051819 89.566345 0.212926 0.051190 0.975726 17.079893 0.000000 0.000000 0.000000 1.000000
0.986387 -0.001763 -0.164431 -9.478004 -0.011471 0.996769 -0.079498 89.755409 0.164040 0.080302 0.983180 16.056913 0.000000 0.000000 0.000000 1.000000
0.990433 -0.000637 -0.137993 -8.180630 -0.017282 0.991544 -0.128614 90.250580 0.136908 0.129768 0.982047 13.750091 0.000000 0.000000 0.000000 1.000000
0.990130 -0.005324 -0.140050 -6.598293 -0.021781 0.981293 -0.191287 89.807686 0.138449 0.192449 0.971491 9.684666 0.000000 0.000000 0.000000 1.000000
0.985570 -0.017123 -0.168401 -4.687237 -0.026027 0.967710 -0.250721 88.563225 0.167256 0.251486 0.953300 4.604917 0.000000 0.000000 0.000000 1.000000
0.977475 -0.030375 -0.208856 -2.739835 -0.032055 0.956742 -0.289167 86.876381 0.208605 0.289349 0.934217 -0.473161 0.000000 0.000000 0.000000 1.000000
0.968878 -0.037563 -0.244674 -1.266967 -0.040983 0.950438 -0.308203 85.250862 0.244124 0.308638 0.919318 -4.592656 0.000000 0.000000 0.000000 1.000000
0.960163 -0.043787 -0.275988 -0.475231 -0.057866 0.935083 -0.349672 84.050369 0.273383 0.351713 0.895299 -7.111330 0.000000 0.000000 0.000000 1.000000
0.953848 -0.049979 -0.296103 -0.110661 -0.093358 0.887834 -0.450594 83.091324 0.285410 0.457442 0.842192 -8.156397 0.000000 0.000000 0.000000 1.000000
0.951789 -0.066473 -0.299465 0.027770 -0.128964 0.799061 -0.587256 82.149429 0.278327 0.597564 0.751965 -8.614286 0.000000 0.000000 0.000000 1.000000
0.950113 -0.106106 -0.293302 -0.069486 -0.137814 0.700772 -0.699947 80.927094 0.279806 0.705451 0.651190 -9.351348 0.000000 0.000000 0.000000 1.000000
0.949562 -0.148391 -0.276246 -0.197465 -0.119172 0.644080 -0.755618 79.391655 0.290051 0.750427 0.593910 -10.455046 0.000000 0.000000 0.000000 1.000000
0.951663 -0.163201 -0.260196 -0.317040 -0.098795 0.639476 -0.762437 78.012283 0.290820 0.751289 0.592443 -11.346312 0.000000 0.000000 0.000000 1.000000
0.953177 -0.164119 -0.254005 -0.587887 -0.091238 0.644724 -0.758951 77.346489 0.288321 0.746590 0.599562 -11.754000 0.000000 0.000000 0.000000 1.000000
0.950977 -0.179461 -0.251865 -1.024722 -0.084516 0.632598 -0.769855 77.320290 0.297488 0.753401 0.586419 -11.955053 0.000000 0.000000 0.000000 1.000000
0.945102 -0.201169 -0.257513 -1.525772 -0.074741 0.634077 -0.769649 77.420586 0.318113 0.746644 0.584232 -12.178117 0.000000 0.000000 0.000000 1.000000
0.938057 -0.206236 -0.278416 -2.146274 -0.070501 0.673130 -0.736156 77.413452 0.339232 0.710185 0.616895 -12.394816 0.000000 0.000000 0.000000 1.000000
0.933357 -0.195628 -0.300956 -2.987714 -0.068356 0.726223 -0.684052 77.420334 0.352381 0.659037 0.664453 -12.562221 0.000000 0.000000 0.000000 1.000000
0.931824 -0.182429 -0.313726 -4.020500 -0.063612 0.768983 -0.636097 77.596313 0.357293 0.612687 0.704951 -12.685555 0.000000 0.000000 0.000000 1.000000
0.931713 -0.169023 -0.321469 -5.144686 -0.058109 0.804337 -0.591325 77.938805 0.358517 0.569625 0.739590 -12.727626 0.000000 0.000000 0.000000 1.000000
0.931662 -0.154730 -0.328731 -6.305510 -0.052946 0.837306 -0.544165 78.396172 0.359447 0.524383 0.771894 -12.714068 0.000000 0.000000 0.000000 1.000000
0.931872 -0.140564 -0.334449 -7.448203 -0.047665 0.866459 -0.496968 78.912186 0.359642 0.479052 0.800729 -12.665722 0.000000 0.000000 0.000000 1.000000
0.932678 -0.126917 -0.337644 -8.512256 -0.041633 0.891922 -0.450268 79.452194 0.358299 0.434012 0.826593 -12.601404 0.000000 0.000000 0.000000 1.000000
0.932652 -0.116765 -0.341360 -9.426380 -0.033767 0.913773 -0.404820 80.034386 0.359194 0.389083 0.848289 -12.567005 0.000000 0.000000 0.000000 1.000000
0.930308 -0.110795 -0.349645 -10.155167 -0.026369 0.930614 -0.365052 80.547905 0.365830 0.348831 0.862836 -12.556574 0.000000 0.000000 0.000000 1.000000
0.926903 -0.104618 -0.360425 -10.670635 -0.023038 0.942690 -0.332873 80.933807 0.374594 0.316844 0.871372 -12.509895 0.000000 0.000000 0.000000 1.000000
0.922597 -0.096297 -0.373553 -10.946417 -0.024411 0.951828 -0.305659 81.250244 0.384992 0.291119 0.875803 -12.402088 0.000000 0.000000 0.000000 1.000000
0.916222 -0.087298 -0.391045 -10.982517 -0.028038 0.959614 -0.279920 81.544533 0.399689 0.267433 0.876772 -12.254149 0.000000 0.000000 0.000000 1.000000
0.909382 -0.077657 -0.408650 -10.796087 -0.031963 0.966468 -0.254790 81.829948 0.414733 0.244763 0.876406 -12.046682 0.000000 0.000000 0.000000 1.000000
0.903395 -0.068647 -0.423279 -10.425790 -0.036412 0.971258 -0.235230 82.132080 0.427261 0.227918 0.874930 -11.775812 0.000000 0.000000 0.000000 1.000000
0.897467 -0.061877 -0.436719 -9.920384 -0.041222 0.974012 -0.222715 82.474060 0.439150 0.217882 0.871593 -11.502703 0.000000 0.000000 0.000000 1.000000
0.892010 -0.056119 -0.448518 -9.283757 -0.045820 0.975926 -0.213236 82.843620 0.449687 0.210760 0.867964 -11.230355 0.000000 0.000000 0.000000 1.000000
0.887065 -0.050899 -0.458831 -8.484339 -0.050932 0.977045 -0.206853 83.216965 0.458827 0.206861 0.864110 -10.898570 0.000000 0.000000 0.000000 1.000000
0.881507 -0.047097 -0.469815 -7.520041 -0.056022 0.977552 -0.203108 83.595894 0.468835 0.205361 0.859081 -10.475990 0.000000 0.000000 0.000000 1.000000
0.876712 -0.044180 -0.478983 -6.419697 -0.058746 0.978485 -0.197779 83.990974 0.477415 0.201533 0.855254 -9.965318 0.000000 0.000000 0.000000 1.000000
0.874529 -0.041631 -0.483183 -5.215066 -0.058989 0.979780 -0.191184 84.366173 0.481372 0.195698 0.854390 -9.360790 0.000000 0.000000 0.000000 1.000000
0.874527 -0.040949 -0.483246 -3.925481 -0.058857 0.980103 -0.189563 84.655670 0.481393 0.194220 0.854716 -8.655561 0.000000 0.000000 0.000000 1.000000
0.874886 -0.042247 -0.482483 -2.597149 -0.059515 0.979261 -0.193665 84.825211 0.480658 0.198149 0.854227 -7.910723 0.000000 0.000000 0.000000 1.000000
0.875556 -0.043897 -0.481119 -1.296085 -0.059984 0.978280 -0.198419 84.879608 0.479379 0.202586 0.853905 -7.203960 0.000000 0.000000 0.000000 1.000000
0.879651 -0.043227 -0.473652 -0.076216 -0.059645 0.977974 -0.200023 84.846619 0.471866 0.204202 0.857697 -6.558758 0.000000 0.000000 0.000000 1.000000
0.890743 -0.040639 -0.452687 1.027506 -0.057438 0.977944 -0.200813 84.763290 0.450863 0.204874 0.868763 -5.967123 0.000000 0.000000 0.000000 1.000000
0.907005 -0.040728 -0.419145 1.950525 -0.051944 0.976892 -0.207327 84.646469 0.417903 0.209818 0.883931 -5.447886 0.000000 0.000000 0.000000 1.000000
0.920598 -0.041303 -0.388322 2.567923 -0.046935 0.975480 -0.215024 84.544167 0.387681 0.216176 0.896087 -5.083952 0.000000 0.000000 0.000000 1.000000
0.929530 -0.037990 -0.366784 2.851802 -0.045292 0.975385 -0.215809 84.487427 0.365954 0.217214 0.904929 -4.891810 0.000000 0.000000 0.000000 1.000000
0.936872 -0.032776 -0.348132 2.874452 -0.045356 0.975795 -0.213931 84.448631 0.346717 0.216216 0.912709 -4.804425 0.000000 0.000000 0.000000 1.000000
0.943883 -0.028633 -0.329037 2.673833 -0.045465 0.975487 -0.215309 84.431084 0.327136 0.218186 0.919444 -4.808046 0.000000 0.000000 0.000000 1.000000
0.949811 -0.025853 -0.311754 2.237705 -0.045098 0.974852 -0.218242 84.460503 0.309557 0.221348 0.924759 -4.885710 0.000000 0.000000 0.000000 1.000000
0.954303 -0.023862 -0.297888 1.561050 -0.044117 0.974636 -0.219406 84.527145 0.295568 0.222521 0.929045 -4.999810 0.000000 0.000000 0.000000 1.000000
0.958322 -0.021714 -0.284865 0.696376 -0.042892 0.974871 -0.218604 84.592987 0.282454 0.221711 0.933308 -5.161440 0.000000 0.000000 0.000000 1.000000
0.962655 -0.019152 -0.270054 -0.281880 -0.041321 0.975414 -0.216474 84.659714 0.267561 0.219548 0.938195 -5.388857 0.000000 0.000000 0.000000 1.000000
0.966814 -0.017059 -0.254910 -1.350778 -0.038813 0.976380 -0.212547 84.745499 0.252515 0.215387 0.943316 -5.664617 0.000000 0.000000 0.000000 1.000000
0.970299 -0.016573 -0.241341 -2.493007 -0.034924 0.977603 -0.207542 84.840965 0.239375 0.209806 0.947988 -5.969849 0.000000 0.000000 0.000000 1.000000
0.973148 -0.018215 -0.229459 -3.652312 -0.029731 0.978567 -0.203770 84.916824 0.228253 0.205120 0.951749 -6.275481 0.000000 0.000000 0.000000 1.000000
0.975244 -0.021489 -0.220084 -4.763938 -0.023988 0.979112 -0.201899 84.994736 0.219825 0.202180 0.954358 -6.550767 0.000000 0.000000 0.000000 1.000000
0.976311 -0.024893 -0.214935 -5.808644 -0.018787 0.979856 -0.198820 85.099838 0.215554 0.198148 0.956177 -6.776947 0.000000 0.000000 0.000000 1.000000
0.976257 -0.027895 -0.214810 -6.773041 -0.014432 0.981093 -0.192997 85.231834 0.216132 0.191515 0.957397 -6.942521 0.000000 0.000000 0.000000 1.000000
0.975623 -0.031735 -0.217145 -7.605195 -0.009704 0.982282 -0.187158 85.382530 0.219237 0.184703 0.958029 -7.038024 0.000000 0.000000 0.000000 1.000000
0.975255 -0.038032 -0.217786 -8.256511 -0.002533 0.983105 -0.183022 85.539261 0.221067 0.179045 0.958683 -7.068310 0.000000 0.000000 0.000000 1.000000
0.974282 -0.044117 -0.220970 -8.774039 0.004118 0.983969 -0.178294 85.696198 0.225294 0.172799 0.958845 -7.065853 0.000000 0.000000 0.000000 1.000000
0.971578 -0.046268 -0.232154 -9.218941 0.005927 0.985160 -0.171537 85.866867 0.236646 0.165286 0.957434 -7.049031 0.000000 0.000000 0.000000 1.000000
0.967834 -0.047995 -0.246969 -9.523260 0.005943 0.985723 -0.168272 86.061165 0.251519 0.161392 0.954301 -6.996186 0.000000 0.000000 0.000000 1.000000
0.963543 -0.053286 -0.262194 -9.611817 0.007703 0.985085 -0.171895 86.269585 0.267443 0.163609 0.949582 -6.888563 0.000000 0.000000 0.000000 1.000000
0.958970 -0.060572 -0.276961 -9.490139 0.011145 0.984209 -0.176660 86.476166 0.283288 0.166325 0.944502 -6.696364 0.000000 0.000000 0.000000 1.000000
0.955141 -0.066140 -0.288671 -9.191234 0.015115 0.984359 -0.175523 86.662605 0.295765 0.163286 0.941202 -6.403943 0.000000 0.000000 0.000000 1.000000
0.951520 -0.069188 -0.299706 -8.743876 0.018186 0.985323 -0.169728 86.826263 0.307050 0.156049 0.938813 -6.043079 0.000000 0.000000 0.000000 1.000000
0.946247 -0.070835 -0.315593 -8.185436 0.018257 0.985866 -0.166536 86.956184 0.322929 0.151822 0.934166 -5.652359 0.000000 0.000000 0.000000 1.000000
0.939541 -0.072091 -0.334761 -7.525720 0.015919 0.985727 -0.167600 87.041557 0.342065 0.152138 0.927279 -5.231258 0.000000 0.000000 0.000000 1.000000
0.932621 -0.072448 -0.353510 -6.757087 0.013060 0.985774 -0.167568 87.094223 0.360621 0.151660 0.920300 -4.749963 0.000000 0.000000 0.000000 1.000000
0.925974 -0.071236 -0.370806 -5.905055 0.009790 0.986242 -0.165020 87.126770 0.377460 0.149174 0.913932 -4.202015 0.000000 0.000000 0.000000 1.000000
0.920081 -0.069070 -0.385591 -5.016174 0.005717 0.986595 -0.163085 87.147964 0.391687 0.147847 0.908142 -3.625232 0.000000 0.000000 0.000000 1.000000
0.915919 -0.066868 -0.395754 -4.116668 0.001675 0.986652 -0.162831 87.183304 0.401359 0.148477 0.903806 -3.058844 0.000000 0.000000 0.000000 1.000000
0.914162 -0.064497 -0.400186 -3.240603 -0.002200 0.986456 -0.164009 87.246292 0.405344 0.150811 0.901639 -2.540658 0.000000 0.000000 0.000000 1.000000
0.914602 -0.061809 -0.399604 -2.445032 -0.006191 0.985992 -0.166677 87.313454 0.404308 0.154917 0.901408 -2.101806 0.000000 0.000000 0.000000 1.000000
0.917933 -0.060049 -0.392164 -1.732391 -0.009218 0.984984 -0.172398 87.362366 0.396628 0.161865 0.903596 -1.727690 0.000000 0.000000 0.000000 1.000000
0.926006 -0.058943 -0.372878 -1.054958 -0.009332 0.983860 -0.178699 87.407166 0.377392 0.168956 0.910510 -1.371859 0.000000 0.000000 0.000000 1.000000
0.936040 -0.055722 -0.347455 -0.456055 -0.008506 0.983512 -0.180640 87.444351 0.351792 0.172042 0.920133 -1.058598 0.000000 0.000000 0.000000 1.000000
0.943256 -0.050914 -0.328141 -0.051473 -0.009979 0.983383 -0.181268 87.461769 0.331917 0.174256 0.927074 -0.868557 0.000000 0.000000 0.000000 1.000000
0.947840 -0.046743 -0.315300 0.196589 -0.012385 0.983041 -0.182967 87.472702 0.318506 0.177329 0.931187 -0.766727 0.000000 0.000000 0.000000 1.000000
0.950713 -0.042644 -0.307126 0.316813 -0.015446 0.982754 -0.184269 87.475800 0.309687 0.179931 0.933659 -0.717256 0.000000 0.000000 0.000000 1.000000
0.952612 -0.039060 -0.301668 0.326091 -0.018149 0.982656 -0.184545 87.501015 0.303645 0.181275 0.935382 -0.693011 0.000000 0.000000 0.000000 1.000000</float_array><technique_common><accessor source="#Zombie_Hips-Matrix-animation-output-transform-array" count="105" stride="16"><param type="float4x4"/></accessor></technique_common></source><source id="Zombie_Hips-Interpolations"><Name_array id="Zombie_Hips-Interpolations-array" count="105">
 LINEAR LINEAR LINEAR LINEAR LINEAR LINEAR LINEAR LINEAR LINEAR LINEAR LINEAR
LINEAR LINEAR LINEAR LINEAR LINEAR LINEAR LINEAR LINEAR LINEAR LINEAR LINEAR LINEAR
LINEAR LINEAR LINEAR LINEAR LINEAR LINEAR LINEAR LINEAR LINEAR LINEAR LINEAR LINEAR
LINEAR LINEAR LINEAR LINEAR LINEAR LINEAR LINEAR LINEAR LINEAR LINEAR LINEAR LINEAR
LINEAR LINEAR LINEAR LINEAR LINEAR LINEAR LINEAR LINEAR LINEAR LINEAR LINEAR LINEAR
LINEAR LINEAR LINEAR LINEAR LINEAR LINEAR LINEAR LINEAR LINEAR LINEAR LINEAR LINEAR
LINEAR LINEAR LINEAR LINEAR LINEAR LINEAR LINEAR LINEAR LINEAR LINEAR LINEAR LINEAR
LINEAR LINEAR LINEAR LINEAR LINEAR LINEAR LINEAR LINEAR LINEAR LINEAR LINEAR LINEAR
LINEAR LINEAR LINEAR LINEAR LINEAR LINEAR LINEAR LINEAR LINEAR LINEAR</Name_array><technique_common><accessor source="#Zombie_Hips-Interpolations-array" count="105"><param type="name"/></accessor></technique_common></source><sampler id="Zombie_Hips-Matrix-animation-transform"><input semantic="INPUT" source="#Zombie_Hips-Matrix-animation-input"/><input semantic="OUTPUT" source="#Zombie_Hips-Matrix-animation-output-transform"/><input semantic="INTERPOLATION" source="#Zombie_Hips-Interpolations"/></sampler><channel source="#Zombie_Hips-Matrix-animation-transform" target="Zombie_Hips/matrix"/></animation>
    <animation id="Zombie_Spine-anim" name="Zombie_Spine"><source id="Zombie_Spine-Matrix-animation-input"><float_array id="Zombie_Spine-Matrix-animation-input-array" count="105">

0.000000 0.033333 0.066667 0.100000 0.133333 0.166667 0.200000 0.233333 0.266667 0.300000 0.333333 0.366667 0.400000 0.433333 0.466667 0.500000
0.533333 0.566667 0.600000 0.633333 0.666667 0.700000 0.733333 0.766667 0.800000 0.833333 0.866667 0.900000 0.933333 0.966667 1.000000 1.033333
1.066667 1.100000 1.133333 1.166667 1.200000 1.233333 1.266667 1.300000 1.333333 1.366667 1.400000 1.433333 1.466667 1.500000 1.533333 1.566667
1.600000 1.633333 1.666667 1.700000 1.733333 1.766667 1.800000 1.833333 1.866667 1.900000 1.933333 1.966667 2.000000 2.033333 2.066667 2.100000
2.133333 2.166667 2.200000 2.233333 2.266667 2.300000 2.333333 2.366667 2.400000 2.433333 2.466667 2.500000 2.533333 2.566667 2.600000 2.633333
2.666667 2.700000 2.733333 2.766667 2.800000 2.833333 2.866667 2.900000 2.933333 2.966667 3.000000 3.033333 3.066667 3.100000 3.133333 3.166667
3.200000 3.233333 3.266667 3.300000 3.333333 3.366667 3.400000 3.433333 3.466667</float_array><technique_common><accessor source="#Zombie_Spine-Matrix-animation-input-array" count="105"><param name="TIME" type="float"/></accessor></technique_common></source><source id="Zombie_Spine-Matrix-animation-output-transform"><float_array id="Zombie_Spine-Matrix-animation-output-transform-array" count="1680">

0.999514 0.007692 -0.030212 -0.000000 -0.011272 0.992687 -0.120185 9.226300 0.029066 0.120468 0.992292 1.577100 0.000000 0.000000 0.000000 1.000000
0.999607 0.010107 -0.026135 0.000000 -0.013154 0.992783 -0.119202 9.226300 0.024741 0.119499 0.992526 1.577100 0.000000 0.000000 0.000000 1.000000
0.999658 0.014044 -0.022074 0.000000 -0.016474 0.993333 -0.114095 9.226300 0.020324 0.114419 0.993225 1.577100 0.000000 0.000000 0.000000 1.000000
0.999659 0.017982 -0.018945 0.000000 -0.019874 0.994280 -0.104938 9.226300 0.016949 0.105279 0.994298 1.577100 0.000000 0.000000 0.000000 1.000000
0.999659 0.019197 -0.017705 0.000000 -0.020825 0.995077 -0.096893 9.226300 0.015758 0.097229 0.995137 1.577100 0.000000 0.000000 0.000000 1.000000
0.999684 0.015943 -0.019432 0.000000 -0.017767 0.995066 -0.097615 9.226300 0.017780 0.097930 0.995035 1.577100 0.000000 0.000000 0.000000 1.000000
0.999718 0.005944 -0.023011 0.000000 -0.008459 0.993808 -0.110791 9.226300 0.022210 0.110954 0.993577 1.577100 0.000000 0.000000 0.000000 1.000000
0.999649 -0.003151 -0.026312 0.000000 -0.000446 0.990767 -0.135576 9.226300 0.026496 0.135540 0.990418 1.577100 0.000000 0.000000 0.000000 1.000000
0.999488 -0.005269 -0.031568 -0.000000 -0.000008 0.986317 -0.164859 9.226300 0.032005 0.164775 0.985812 1.577100 0.000000 0.000000 0.000000 1.000000
0.999232 -0.002454 -0.039108 0.000000 -0.004946 0.982155 -0.188009 9.226300 0.038871 0.188058 0.981388 1.577100 0.000000 0.000000 0.000000 1.000000
0.999059 0.001884 -0.043335 -0.000000 -0.010454 0.980068 -0.198385 9.226300 0.042098 0.198651 0.979166 1.577100 0.000000 0.000000 0.000000 1.000000
0.999121 0.005346 -0.041582 0.000000 -0.013634 0.979353 -0.201699 9.226300 0.039645 0.202089 0.978564 1.577100 0.000000 0.000000 0.000000 1.000000
0.999405 0.005921 -0.033993 0.000000 -0.012656 0.979409 -0.201488 9.226300 0.032100 0.201798 0.978901 1.577100 0.000000 0.000000 0.000000 1.000000
0.999744 0.004103 -0.022247 0.000000 -0.008198 0.982281 -0.187237 9.226300 0.021085 0.187371 0.982063 1.577100 0.000000 0.000000 0.000000 1.000000
0.999933 0.001638 -0.011470 -0.000000 -0.003361 0.988404 -0.151812 9.226300 0.011089 0.151840 0.988343 1.577100 0.000000 0.000000 0.000000 1.000000
0.999989 -0.001558 -0.004338 0.000000 0.001085 0.994241 -0.107166 9.226300 0.004480 0.107160 0.994232 1.577100 0.000000 0.000000 0.000000 1.000000
0.999984 -0.005611 -0.001004 0.000000 0.005525 0.997427 -0.071473 9.226300 0.001402 0.071467 0.997442 1.577100 0.000000 0.000000 0.000000 1.000000
0.999958 -0.009100 -0.000625 -0.000000 0.009062 0.998911 -0.045765 9.226300 0.001041 0.045758 0.998952 1.577100 0.000000 0.000000 0.000000 1.000000
0.999935 -0.011370 -0.000589 0.000000 0.011355 0.999707 -0.021384 9.226300 0.000832 0.021376 0.999771 1.577100 0.000000 0.000000 0.000000 1.000000
0.999926 -0.011926 -0.002597 0.000000 0.011938 0.999917 0.004887 9.226300 0.002538 -0.004917 0.999985 1.577100 0.000000 0.000000 0.000000 1.000000
0.999920 -0.009867 -0.007875 0.000000 0.010088 0.999540 0.028618 9.226300 0.007589 -0.028695 0.999559 1.577100 0.000000 0.000000 0.000000 1.000000
0.999929 -0.003101 -0.011525 0.000000 0.003630 0.998925 0.046211 9.226300 0.011369 -0.046250 0.998865 1.577100 0.000000 0.000000 0.000000 1.000000
0.999946 0.004629 -0.009293 0.000000 -0.004087 0.998336 0.057522 9.226300 0.009544 -0.057481 0.998301 1.577100 0.000000 0.000000 0.000000 1.000000
0.999940 0.010376 -0.003385 -0.000000 -0.010133 0.997813 0.065311 9.226300 0.004056 -0.065273 0.997859 1.577100 0.000000 0.000000 0.000000 1.000000
0.999874 0.015582 0.002887 -0.000000 -0.015748 0.997350 0.071035 9.226300 -0.001772 -0.071071 0.997470 1.577100 0.000000 0.000000 0.000000 1.000000
0.999772 0.020073 0.007342 0.000000 -0.020552 0.997164 0.072403 9.226300 -0.005868 -0.072537 0.997348 1.577100 0.000000 0.000000 0.000000 1.000000
0.999705 0.021788 0.010736 0.000000 -0.022464 0.997471 0.067426 9.226300 -0.009240 -0.067648 0.997666 1.577100 0.000000 0.000000 0.000000 1.000000
0.999678 0.020723 0.014640 -0.000000 -0.021482 0.998322 0.053780 9.226300 -0.013501 -0.054077 0.998446 1.577100 0.000000 0.000000 0.000000 1.000000
0.999536 0.024751 0.017751 0.000000 -0.025195 0.999363 0.025283 9.226300 -0.017114 -0.025719 0.999523 1.577100 0.000000 0.000000 0.000000 1.000000
0.999305 0.031163 0.020441 -0.000000 -0.030774 0.999344 -0.019088 9.226300 -0.021022 0.018446 0.999609 1.577100 0.000000 0.000000 0.000000 1.000000
0.999153 0.035209 0.021301 0.000000 -0.033639 0.996976 -0.070056 9.226300 -0.023703 0.069280 0.997316 1.577100 0.000000 0.000000 0.000000 1.000000
0.999138 0.037236 0.018324 0.000000 -0.034944 0.993030 -0.112567 9.226300 -0.022388 0.111830 0.993475 1.577100 0.000000 0.000000 0.000000 1.000000
0.999059 0.041851 0.011394 0.000000 -0.039800 0.988960 -0.142738 9.226300 -0.017242 0.142151 0.989695 1.577100 0.000000 0.000000 0.000000 1.000000
0.999081 0.042850 0.001115 0.000000 -0.042057 0.984956 -0.167611 9.226300 -0.008281 0.167410 0.985853 1.577100 0.000000 0.000000 0.000000 1.000000
0.999231 0.037935 -0.009877 0.000000 -0.039124 0.980755 -0.191280 9.226300 0.002430 0.191520 0.981486 1.577100 0.000000 0.000000 0.000000 1.000000
0.999186 0.037050 -0.015929 0.000000 -0.039596 0.976217 -0.213151 9.226300 0.007653 0.213608 0.976889 1.577100 0.000000 0.000000 0.000000 1.000000
0.999055 0.039778 -0.017489 0.000000 -0.042782 0.970892 -0.235666 9.226300 0.007606 0.236192 0.971677 1.577100 0.000000 0.000000 0.000000 1.000000
0.999151 0.036859 -0.018427 0.000000 -0.040363 0.965469 -0.257371 9.226300 0.008304 0.257897 0.966137 1.577100 0.000000 0.000000 0.000000 1.000000
0.999321 0.030668 -0.020433 -0.000000 -0.035053 0.962153 -0.270244 9.226300 0.011372 0.270777 0.962575 1.577100 0.000000 0.000000 0.000000 1.000000
0.999387 0.027680 -0.021434 -0.000000 -0.032466 0.961871 -0.271570 9.226300 0.013099 0.272099 0.962180 1.577100 0.000000 0.000000 0.000000 1.000000
0.999400 0.028363 -0.019873 -0.000000 -0.032665 0.962641 -0.268802 9.226300 0.011507 0.269290 0.962990 1.577100 0.000000 0.000000 0.000000 1.000000
0.999435 0.029200 -0.016673 0.000000 -0.032605 0.962768 -0.268354 9.226300 0.008217 0.268746 0.963176 1.577100 0.000000 0.000000 0.000000 1.000000
0.999525 0.027396 -0.014108 0.000000 -0.030182 0.962719 -0.268814 9.226300 0.006217 0.269112 0.963089 1.577100 0.000000 0.000000 0.000000 1.000000
0.999609 0.024753 -0.012970 0.000000 -0.027318 0.963368 -0.266787 9.226300 0.005891 0.267037 0.963668 1.577100 0.000000 0.000000 0.000000 1.000000
0.999632 0.023968 -0.012689 -0.000000 -0.026462 0.964453 -0.262927 9.226300 0.005936 0.263166 0.964732 1.577100 0.000000 0.000000 0.000000 1.000000
0.999580 0.025784 -0.013246 0.000000 -0.028338 0.965383 -0.259293 9.226300 0.006102 0.259559 0.965708 1.577100 0.000000 0.000000 0.000000 1.000000
0.999480 0.028627 -0.014828 -0.000000 -0.031476 0.965969 -0.256737 9.226300 0.006974 0.257070 0.966368 1.577100 0.000000 0.000000 0.000000 1.000000
0.999351 0.031737 -0.017037 0.000000 -0.035034 0.966313 -0.254975 9.226300 0.008371 0.255406 0.966798 1.577100 0.000000 0.000000 0.000000 1.000000
0.999163 0.035754 -0.019892 0.000000 -0.039623 0.966770 -0.252560 9.226300 0.010201 0.253136 0.967377 1.577100 0.000000 0.000000 0.000000 1.000000
0.998905 0.040314 -0.023753 0.000000 -0.044945 0.967859 -0.247444 9.226300 0.013014 0.248241 0.968611 1.577100 0.000000 0.000000 0.000000 1.000000
0.998642 0.043875 -0.028084 0.000000 -0.049344 0.969538 -0.239919 9.226300 0.016702 0.240979 0.970387 1.577100 0.000000 0.000000 0.000000 1.000000
0.998436 0.046771 -0.030618 0.000000 -0.052623 0.971180 -0.232465 9.226300 0.018863 0.233712 0.972123 1.577100 0.000000 0.000000 0.000000 1.000000
0.998322 0.048929 -0.030984 0.000000 -0.054700 0.972378 -0.226914 9.226300 0.019025 0.228228 0.973422 1.577100 0.000000 0.000000 0.000000 1.000000
0.998255 0.049818 -0.031717 0.000000 -0.055640 0.973392 -0.222290 9.226300 0.019799 0.223667 0.974465 1.577100 0.000000 0.000000 0.000000 1.000000
0.998133 0.050393 -0.034500 0.000000 -0.056700 0.974534 -0.216955 9.226300 0.022689 0.218506 0.975572 1.577100 0.000000 0.000000 0.000000 1.000000
0.997958 0.051055 -0.038383 0.000000 -0.058050 0.975645 -0.211536 9.226300 0.026648 0.213332 0.976616 1.577100 0.000000 0.000000 0.000000 1.000000
0.997849 0.050378 -0.041956 0.000000 -0.058021 0.976541 -0.207366 9.226300 0.030525 0.209354 0.977363 1.577100 0.000000 0.000000 0.000000 1.000000
0.997799 0.048837 -0.044864 0.000000 -0.056985 0.977443 -0.203367 9.226300 0.033920 0.205476 0.978074 1.577100 0.000000 0.000000 0.000000 1.000000
0.997712 0.048328 -0.047275 0.000000 -0.056792 0.978500 -0.198272 9.226300 0.036677 0.200504 0.979006 1.577100 0.000000 0.000000 0.000000 1.000000
0.997606 0.048368 -0.049420 -0.000000 -0.057084 0.979382 -0.193782 9.226300 0.039028 0.196139 0.979799 1.577100 0.000000 0.000000 0.000000 1.000000
0.997597 0.047379 -0.050554 0.000000 -0.056251 0.979836 -0.191721 9.226300 0.040451 0.194104 0.980147 1.577100 0.000000 0.000000 0.000000 1.000000
0.997761 0.045202 -0.049284 0.000000 -0.053850 0.980048 -0.191330 9.226300 0.039652 0.193555 0.980288 1.577100 0.000000 0.000000 0.000000 1.000000
0.998044 0.042977 -0.045410 0.000000 -0.050915 0.980198 -0.191360 9.226300 0.036287 0.193298 0.980469 1.577100 0.000000 0.000000 0.000000 1.000000
0.998348 0.041130 -0.040122 -0.000000 -0.048098 0.980218 -0.191987 9.226300 0.031432 0.193599 0.980577 1.577100 0.000000 0.000000 0.000000 1.000000
0.998649 0.038719 -0.034656 0.000000 -0.044724 0.980005 -0.193883 9.226300 0.026457 0.195171 0.980412 1.577100 0.000000 0.000000 0.000000 1.000000
0.998951 0.034453 -0.030181 0.000000 -0.039724 0.979714 -0.196422 9.226300 0.022801 0.197415 0.980055 1.577100 0.000000 0.000000 0.000000 1.000000
0.999215 0.028839 -0.027158 -0.000000 -0.033659 0.979592 -0.198157 9.226300 0.020889 0.198916 0.979794 1.577100 0.000000 0.000000 0.000000 1.000000
0.999417 0.024647 -0.023606 0.000000 -0.028853 0.979624 -0.198759 9.226300 0.018227 0.199324 0.979764 1.577100 0.000000 0.000000 0.000000 1.000000
0.999559 0.022787 -0.019028 0.000000 -0.026117 0.979713 -0.198695 9.226300 0.014114 0.199105 0.979877 1.577100 0.000000 0.000000 0.000000 1.000000
0.999639 0.022133 -0.015243 0.000000 -0.024712 0.979931 -0.197798 9.226300 0.010559 0.198104 0.980124 1.577100 0.000000 0.000000 0.000000 1.000000
0.999696 0.021012 -0.012881 0.000000 -0.023131 0.980314 -0.196088 9.226300 0.008507 0.196326 0.980502 1.577100 0.000000 0.000000 0.000000 1.000000
0.999759 0.018962 -0.011062 0.000000 -0.020751 0.980723 -0.194296 9.226300 0.007164 0.194478 0.980881 1.577100 0.000000 0.000000 0.000000 1.000000
0.999807 0.017531 -0.008876 -0.000000 -0.018912 0.981098 -0.192584 9.226300 0.005332 0.192715 0.981240 1.577100 0.000000 0.000000 0.000000 1.000000
0.999822 0.017444 -0.007255 -0.000000 -0.018507 0.981525 -0.190438 9.226300 0.003799 0.190538 0.981672 1.577100 0.000000 0.000000 0.000000 1.000000
0.999830 0.016952 -0.007252 0.000000 -0.018014 0.981967 -0.188191 9.226300 0.003931 0.188289 0.982106 1.577100 0.000000 0.000000 0.000000 1.000000
0.999867 0.014057 -0.008245 -0.000000 -0.015349 0.982335 -0.186499 9.226300 0.005478 0.186601 0.982421 1.577100 0.000000 0.000000 0.000000 1.000000
0.999905 0.010140 -0.009285 -0.000000 -0.011681 0.982716 -0.184749 9.226300 0.007252 0.184840 0.982742 1.577100 0.000000 0.000000 0.000000 1.000000
0.999920 0.007493 -0.010239 0.000000 -0.009233 0.983234 -0.182115 9.226300 0.008702 0.182195 0.983224 1.577100 0.000000 0.000000 0.000000 1.000000
0.999918 0.005786 -0.011426 0.000000 -0.007735 0.983882 -0.178651 9.226300 0.010208 0.178725 0.983846 1.577100 0.000000 0.000000 0.000000 1.000000
0.999904 0.004356 -0.013151 0.000000 -0.006589 0.984569 -0.174871 9.226300 0.012186 0.174941 0.984503 1.577100 0.000000 0.000000 0.000000 1.000000
0.999879 0.003491 -0.015175 0.000000 -0.006039 0.985214 -0.171224 9.226300 0.014353 0.171295 0.985115 1.577100 0.000000 0.000000 0.000000 1.000000
0.999848 0.002363 -0.017255 0.000000 -0.005222 0.985840 -0.167607 9.226300 0.016615 0.167672 0.985703 1.577100 0.000000 0.000000 0.000000 1.000000
0.999797 0.000239 -0.020166 0.000000 -0.003534 0.986535 -0.163509 9.226300 0.019856 0.163547 0.986336 1.577100 0.000000 0.000000 0.000000 1.000000
0.999716 -0.001926 -0.023750 0.000000 -0.001890 0.987173 -0.159644 9.226300 0.023752 0.159644 0.986889 1.577100 0.000000 0.000000 0.000000 1.000000
0.999605 -0.003644 -0.027875 0.000000 -0.000781 0.987578 -0.157126 9.226300 0.028102 0.157086 0.987185 1.577100 0.000000 0.000000 0.000000 1.000000
0.999455 -0.005072 -0.032625 0.000000 -0.000045 0.987922 -0.154950 9.226300 0.033017 0.154867 0.987383 1.577100 0.000000 0.000000 0.000000 1.000000
0.999322 -0.005493 -0.036411 0.000000 -0.000103 0.988391 -0.151929 9.226300 0.036823 0.151830 0.987721 1.577100 0.000000 0.000000 0.000000 1.000000
0.999227 -0.005423 -0.038941 0.000000 -0.000437 0.988848 -0.148925 9.226300 0.039315 0.148827 0.988081 1.577100 0.000000 0.000000 0.000000 1.000000
0.999099 -0.005911 -0.042030 -0.000000 -0.000333 0.989133 -0.147021 9.226300 0.042442 0.146903 0.988240 1.577100 0.000000 0.000000 0.000000 1.000000
0.998963 -0.006288 -0.045094 -0.000000 -0.000346 0.989341 -0.145620 9.226300 0.045529 0.145484 0.988312 1.577100 0.000000 0.000000 0.000000 1.000000
0.998937 -0.005685 -0.045741 0.000000 -0.000941 0.989643 -0.143549 9.226300 0.046083 0.143440 0.988586 1.577100 0.000000 0.000000 0.000000 1.000000
0.998981 -0.004988 -0.044846 0.000000 -0.001365 0.990077 -0.140521 9.226300 0.045102 0.140439 0.989062 1.577100 0.000000 0.000000 0.000000 1.000000
0.998988 -0.004701 -0.044727 -0.000000 -0.001475 0.990562 -0.137055 9.226300 0.044949 0.136983 0.989553 1.577100 0.000000 0.000000 0.000000 1.000000
0.998986 -0.003815 -0.044864 0.000000 -0.002220 0.991018 -0.133707 9.226300 0.044971 0.133671 0.990005 1.577100 0.000000 0.000000 0.000000 1.000000
0.999029 -0.002103 -0.044009 -0.000000 -0.003661 0.991443 -0.130491 9.226300 0.043907 0.130526 0.990472 1.577100 0.000000 0.000000 0.000000 1.000000
0.999082 -0.000571 -0.042836 0.000000 -0.004892 0.991852 -0.127298 9.226300 0.042560 0.127390 0.990939 1.577100 0.000000 0.000000 0.000000 1.000000
0.999127 0.000440 -0.041781 0.000000 -0.005627 0.992252 -0.124111 9.226300 0.041403 0.124238 0.991388 1.577100 0.000000 0.000000 0.000000 1.000000
0.999177 0.002280 -0.040500 0.000000 -0.007164 0.992646 -0.120839 9.226300 0.039926 0.121030 0.991846 1.577100 0.000000 0.000000 0.000000 1.000000
0.999209 0.004512 -0.039522 0.000000 -0.009145 0.992989 -0.117850 9.226300 0.038713 0.118119 0.992245 1.577100 0.000000 0.000000 0.000000 1.000000
0.999182 0.004970 -0.040141 0.000000 -0.009606 0.993187 -0.116137 9.226300 0.039290 0.116428 0.992422 1.577100 0.000000 0.000000 0.000000 1.000000
0.999139 0.004231 -0.041283 -0.000000 -0.008991 0.993230 -0.115819 9.226300 0.040514 0.116090 0.992412 1.577100 0.000000 0.000000 0.000000 1.000000
0.999176 0.004309 -0.040346 0.000000 -0.008977 0.993180 -0.116249 9.226300 0.039570 0.116515 0.992400 1.577100 0.000000 0.000000 0.000000 1.000000
0.999285 0.005207 -0.037447 0.000000 -0.009568 0.993057 -0.117242 9.226300 0.036577 0.117516 0.992397 1.577100 0.000000 0.000000 0.000000 1.000000
0.999406 0.006363 -0.033882 0.000000 -0.010349 0.992864 -0.118804 9.226300 0.032884 0.119084 0.992340 1.577100 0.000000 0.000000 0.000000 1.000000
0.999514 0.007692 -0.030212 0.000000 -0.011272 0.992687 -0.120185 9.226300 0.029066 0.120468 0.992292 1.577100 0.000000 0.000000 0.000000 1.000000</float_array><technique_common><accessor source="#Zombie_Spine-Matrix-animation-output-transform-array" count="105" stride="16"><param type="float4x4"/></accessor></technique_common></source><source id="Zombie_Spine-Interpolations"><Name_array id="Zombie_Spine-Interpolations-array" count="105">
 LINEAR LINEAR LINEAR LINEAR LINEAR LINEAR LINEAR LINEAR LINEAR LINEAR LINEAR
LINEAR LINEAR LINEAR LINEAR LINEAR LINEAR LINEAR LINEAR LINEAR LINEAR LINEAR LINEAR
LINEAR LINEAR LINEAR LINEAR LINEAR LINEAR LINEAR LINEAR LINEAR LINEAR LINEAR LINEAR
LINEAR LINEAR LINEAR LINEAR LINEAR LINEAR LINEAR LINEAR LINEAR LINEAR LINEAR LINEAR
LINEAR LINEAR LINEAR LINEAR LINEAR LINEAR LINEAR LINEAR LINEAR LINEAR LINEAR LINEAR
LINEAR LINEAR LINEAR LINEAR LINEAR LINEAR LINEAR LINEAR LINEAR LINEAR LINEAR LINEAR
LINEAR LINEAR LINEAR LINEAR LINEAR LINEAR LINEAR LINEAR LINEAR LINEAR LINEAR LINEAR
LINEAR LINEAR LINEAR LINEAR LINEAR LINEAR LINEAR LINEAR LINEAR LINEAR LINEAR LINEAR
LINEAR LINEAR LINEAR LINEAR LINEAR LINEAR LINEAR LINEAR LINEAR LINEAR</Name_array><technique_common><accessor source="#Zombie_Spine-Interpolations-array" count="105"><param type="name"/></accessor></technique_common></source><sampler id="Zombie_Spine-Matrix-animation-transform"><input semantic="INPUT" source="#Zombie_Spine-Matrix-animation-input"/><input semantic="OUTPUT" source="#Zombie_Spine-Matrix-animation-output-transform"/><input semantic="INTERPOLATION" source="#Zombie_Spine-Interpolations"/></sampler><channel source="#Zombie_Spine-Matrix-animation-transform" target="Zombie_Spine/matrix"/></animation>
    <animation id="Zombie_Spine1-anim" name="Zombie_Spine1"><source id="Zombie_Spine1-Matrix-animation-input"><float_array id="Zombie_Spine1-Matrix-animation-input-array" count="105">

0.000000 0.033333 0.066667 0.100000 0.133333 0.166667 0.200000 0.233333 0.266667 0.300000 0.333333 0.366667 0.400000 0.433333 0.466667 0.500000
0.533333 0.566667 0.600000 0.633333 0.666667 0.700000 0.733333 0.766667 0.800000 0.833333 0.866667 0.900000 0.933333 0.966667 1.000000 1.033333
1.066667 1.100000 1.133333 1.166667 1.200000 1.233333 1.266667 1.300000 1.333333 1.366667 1.400000 1.433333 1.466667 1.500000 1.533333 1.566667
1.600000 1.633333 1.666667 1.700000 1.733333 1.766667 1.800000 1.833333 1.866667 1.900000 1.933333 1.966667 2.000000 2.033333 2.066667 2.100000
2.133333 2.166667 2.200000 2.233333 2.266667 2.300000 2.333333 2.366667 2.400000 2.433333 2.466667 2.500000 2.533333 2.566667 2.600000 2.633333
2.666667 2.700000 2.733333 2.766667 2.800000 2.833333 2.866667 2.900000 2.933333 2.966667 3.000000 3.033333 3.066667 3.100000 3.133333 3.166667
3.200000 3.233333 3.266667 3.300000 3.333333 3.366667 3.400000 3.433333 3.466667</float_array><technique_common><accessor source="#Zombie_Spine1-Matrix-animation-input-array" count="105"><param name="TIME" type="float"/></accessor></technique_common></source><source id="Zombie_Spine1-Matrix-animation-output-transform"><float_array id="Zombie_Spine1-Matrix-animation-output-transform-array" count="1680">

0.998147 0.012445 -0.059564 -0.000000 -0.025336 0.974976 -0.220862 16.254000 0.055325 0.221962 0.973484 -0.165600 0.000000 0.000000 0.000000 1.000000
0.998515 0.017350 -0.051650 -0.000000 -0.028271 0.975332 -0.218924 16.254000 0.046577 0.220059 0.974374 -0.165600 0.000000 0.000000 0.000000 1.000000
0.998711 0.025653 -0.043792 0.000000 -0.034239 0.977474 -0.208262 16.254000 0.037463 0.209493 0.977092 -0.165600 0.000000 0.000000 0.000000 1.000000
0.998703 0.034389 -0.037542 0.000000 -0.040867 0.981261 -0.188301 16.254000 0.030363 0.189591 0.981394 -0.165600 0.000000 0.000000 0.000000 1.000000
