<?xml version="1.0" encoding="utf-8"?>
<COLLADA xmlns="http://www.collada.org/2005/11/COLLADASchema" version="1.4.1">
  <asset><contributor><author>Mixamo</author><authoring_tool>COLLADA Mixamo exporter</authoring_tool><comments></comments></contributor><created>2018-10-29T19:58:32Z</created><modified>2018-10-29T19:58:32Z</modified><revision></revision><title></title><unit meter="0.010000"/><up_axis>Y_UP</up_axis></asset>
  <library_animations>
    <animation id="Hips-anim" name="Hips"><source id="Hips-Matrix-animation-input"><float_array id="Hips-Matrix-animation-input-array" count="21">

0.000000 0.033333 0.066667 0.100000 0.133333 0.166667 0.200000 0.233333 0.266667 0.300000 0.333333 0.366667 0.400000 0.433333 0.466667 0.500000
0.533333 0.566667 0.600000 0.633333 0.666667</float_array><technique_common><accessor source="#Hips-Matrix-animation-input-array" count="21"><param name="TIME" type="float"/></accessor></technique_common></source><source id="Hips-Matrix-animation-output-transform"><float_array id="Hips-Matrix-animation-output-transform-array" count="336">

0.476830 -0.145937 -0.866796 2.026053 0.134165 0.986650 -0.092311 98.283546 0.868696 -0.072277 0.490044 -5.786656 0.000000 0.000000 0.000000 1.000000
0.500969 -0.127865 -0.855967 2.411773 0.087059 0.991455 -0.097151 99.577667 0.861075 -0.025850 0.507820 -5.978615 0.000000 0.000000 0.000000 1.000000
0.506074 -0.098830 -0.856809 1.980997 0.027905 0.994769 -0.098261 102.956192 0.862038 0.025818 0.506185 -5.746542 0.000000 0.000000 0.000000 1.000000
0.487347 -0.082334 -0.869318 1.406757 -0.013484 0.994717 -0.101770 106.945000 0.873104 0.061320 0.483662 -5.310858 0.000000 0.000000 0.000000 1.000000
0.451660 -0.081719 -0.888440 2.093803 -0.040440 0.992898 -0.111885 109.685257 0.891273 0.086463 0.445147 -4.910751 0.000000 0.000000 0.000000 1.000000
0.412331 -0.089385 -0.906639 3.382430 -0.045241 0.991938 -0.118369 109.830620 0.909910 0.089825 0.404963 -4.787926 0.000000 0.000000 0.000000 1.000000
0.383805 -0.082106 -0.919757 4.444540 -0.042517 0.993412 -0.106423 107.619751 0.922435 0.079951 0.377785 -5.029537 0.000000 0.000000 0.000000 1.000000
0.362946 -0.058825 -0.929951 5.522546 -0.051229 0.995236 -0.082948 104.382011 0.930401 0.077746 0.358204 -5.480584 0.000000 0.000000 0.000000 1.000000
0.340128 -0.040457 -0.939509 6.336644 -0.054171 0.996572 -0.062526 101.532249 0.938818 0.072161 0.336770 -6.073137 0.000000 0.000000 0.000000 1.000000
0.305936 -0.037307 -0.951321 6.855906 -0.044901 0.997555 -0.053560 99.738449 0.950993 0.059101 0.303512 -6.331298 0.000000 0.000000 0.000000 1.000000
0.258823 -0.045462 -0.964854 6.567914 -0.020333 0.998414 -0.052497 99.695152 0.965711 0.033206 0.257488 -6.110000 0.000000 0.000000 0.000000 1.000000
0.211418 -0.052586 -0.975980 5.507987 0.010962 0.998616 -0.051431 101.613686 0.977334 0.000175 0.211702 -5.662742 0.000000 0.000000 0.000000 1.000000
0.182638 -0.051489 -0.981831 3.548206 0.024284 0.998559 -0.047849 104.517746 0.982880 -0.015103 0.183625 -5.200343 0.000000 0.000000 0.000000 1.000000
0.186872 -0.050419 -0.981090 1.337701 0.019234 0.998678 -0.047659 107.475700 0.982196 -0.009964 0.187595 -4.909862 0.000000 0.000000 0.000000 1.000000
0.222143 -0.058549 -0.973255 0.178670 0.014114 0.998284 -0.056834 109.264801 0.974912 -0.001111 0.222588 -4.930771 0.000000 0.000000 0.000000 1.000000
0.271400 -0.073170 -0.959681 -0.177772 0.019133 0.997319 -0.070628 109.337074 0.962276 0.000807 0.272073 -5.043327 0.000000 0.000000 0.000000 1.000000
0.321544 -0.083684 -0.943189 -0.829347 0.030031 0.996487 -0.078175 107.676018 0.946418 -0.003188 0.322928 -5.122102 0.000000 0.000000 0.000000 1.000000
0.365832 -0.097114 -0.925600 -0.491411 0.067381 0.994695 -0.077731 104.749016 0.928239 -0.033932 0.370435 -5.157636 0.000000 0.000000 0.000000 1.000000
0.405564 -0.117682 -0.906459 0.564289 0.113553 0.990482 -0.077785 101.286331 0.906986 -0.071384 0.415067 -5.220376 0.000000 0.000000 0.000000 1.000000
0.443453 -0.139941 -0.885306 1.585346 0.143876 0.986042 -0.083796 98.888664 0.884675 -0.090215 0.457397 -5.369187 0.000000 0.000000 0.000000 1.000000
0.476830 -0.145937 -0.866796 2.026052 0.134165 0.986650 -0.092311 98.283546 0.868696 -0.072277 0.490044 -5.786658 0.000000 0.000000 0.000000 1.000000</float_array><technique_common><accessor source="#Hips-Matrix-animation-output-transform-array" count="21" stride="16"><param type="float4x4"/></accessor></technique_common></source><source id="Hips-Interpolations"><Name_array id="Hips-Interpolations-array" count="21">
 LINEAR LINEAR LINEAR LINEAR LINEAR LINEAR LINEAR LINEAR LINEAR LINEAR LINEAR
LINEAR LINEAR LINEAR LINEAR LINEAR LINEAR LINEAR LINEAR LINEAR LINEAR</Name_array><technique_common><accessor source="#Hips-Interpolations-array" count="21"><param type="name"/></accessor></technique_common></source><sampler id="Hips-Matrix-animation-transform"><input semantic="INPUT" source="#Hips-Matrix-animation-input"/><input semantic="OUTPUT" source="#Hips-Matrix-animation-output-transform"/><input semantic="INTERPOLATION" source="#Hips-Interpolations"/></sampler><channel source="#Hips-Matrix-animation-transform" target="Hips/matrix"/></animation>
    <animation id="Spine-anim" name="Spine"><source id="Spine-Matrix-animation-input"><float_array id="Spine-Matrix-animation-input-array" count="21">

0.000000 0.033333 0.066667 0.100000 0.133333 0.166667 0.200000 0.233333 0.266667 0.300000 0.333333 0.366667 0.400000 0.433333 0.466667 0.500000
0.533333 0.566667 0.600000 0.633333 0.666667</float_array><technique_common><accessor source="#Spine-Matrix-animation-input-array" count="21"><param name="TIME" type="float"/></accessor></technique_common></source><source id="Spine-Matrix-animation-output-transform"><float_array id="Spine-Matrix-animation-output-transform-array" count="336">

0.976493 0.191577 0.098796 -0.000000 -0.176259 0.973513 -0.145619 13.214800 -0.124076 0.124783 0.984395 0.000000 0.000000 0.000000 0.000000 1.000000
0.989336 0.137571 0.047842 0.000000 -0.130100 0.982348 -0.134411 13.214800 -0.065489 0.126754 0.989770 0.000000 0.000000 0.000000 0.000000 1.000000
0.997347 0.072617 -0.005172 0.000000 -0.072716 0.990232 -0.118968 13.214800 -0.003518 0.119028 0.992885 0.000000 0.000000 0.000000 0.000000 1.000000
0.998232 0.019483 -0.056149 -0.000000 -0.025095 0.994566 -0.101042 13.214800 0.053875 0.102272 0.993296 0.000000 0.000000 0.000000 0.000000 1.000000
0.997323 -0.010855 -0.072308 0.000000 0.004542 0.996206 -0.086910 13.214800 0.072977 0.086349 0.993588 0.000000 0.000000 0.000000 0.000000 1.000000
0.997878 -0.025985 -0.059700 0.000000 0.020739 0.996003 -0.086880 13.214800 0.061719 0.085457 0.994428 0.000000 0.000000 0.000000 0.000000 1.000000
0.998758 -0.038281 -0.031896 0.000000 0.034826 0.994110 -0.102625 13.214800 0.035636 0.101387 0.994209 0.000000 0.000000 0.000000 0.000000 1.000000
0.997875 -0.064828 0.006512 0.000000 0.065131 0.989850 -0.126311 13.214800 0.001742 0.126466 0.991969 0.000000 0.000000 0.000000 0.000000 1.000000
0.995636 -0.080214 0.047700 0.000000 0.086476 0.985149 -0.148335 13.214800 -0.035093 0.151813 0.987786 -0.000000 0.000000 0.000000 0.000000 1.000000
0.993672 -0.071369 0.086732 0.000000 0.084815 0.983001 -0.162836 13.214800 -0.073636 0.169162 0.982834 -0.000000 0.000000 0.000000 0.000000 1.000000
0.991509 -0.036098 0.124926 -0.000000 0.056673 0.984616 -0.165285 13.214800 -0.117038 0.170961 0.978302 0.000000 0.000000 0.000000 0.000000 1.000000
0.985620 0.011126 0.168612 0.000000 0.015201 0.987946 -0.154049 13.214800 -0.168294 0.154397 0.973570 -0.000000 0.000000 0.000000 0.000000 1.000000
0.974920 0.042413 0.218478 -0.000000 -0.013924 0.991374 -0.130319 13.214800 -0.222120 0.124008 0.967101 -0.000000 0.000000 0.000000 0.000000 1.000000
0.964776 0.054211 0.257425 -0.000000 -0.029361 0.994613 -0.099416 13.214800 -0.261427 0.088356 0.961171 0.000000 0.000000 0.000000 0.000000 1.000000
0.959832 0.062093 0.273618 -0.000000 -0.044238 0.996498 -0.070956 13.214800 -0.277066 0.056001 0.959218 -0.000000 0.000000 0.000000 0.000000 1.000000
0.959385 0.078530 0.270948 0.000000 -0.065766 0.996269 -0.055886 13.214800 -0.274326 0.035797 0.960970 0.000000 0.000000 0.000000 0.000000 1.000000
0.961999 0.101114 0.253643 0.000000 -0.088613 0.994241 -0.060265 13.214800 -0.258276 0.035499 0.965419 -0.000000 0.000000 0.000000 0.000000 1.000000
0.963410 0.146138 0.224689 -0.000000 -0.129305 0.987695 -0.087973 13.214800 -0.234780 0.055701 0.970451 0.000000 0.000000 0.000000 0.000000 1.000000
0.962839 0.193498 0.188413 -0.000000 -0.172113 0.977233 -0.124066 13.214800 -0.208130 0.087027 0.974222 0.000000 0.000000 0.000000 0.000000 1.000000
0.963666 0.223349 0.146503 0.000000 -0.201732 0.968058 -0.148885 13.214800 -0.175077 0.113921 0.977942 0.000000 0.000000 0.000000 0.000000 1.000000
0.976493 0.191577 0.098796 0.000000 -0.176259 0.973513 -0.145619 13.214800 -0.124076 0.124783 0.984395 -0.000000 0.000000 0.000000 0.000000 1.000000</float_array><technique_common><accessor source="#Spine-Matrix-animation-output-transform-array" count="21" stride="16"><param type="float4x4"/></accessor></technique_common></source><source id="Spine-Interpolations"><Name_array id="Spine-Interpolations-array" count="21">
 LINEAR LINEAR LINEAR LINEAR LINEAR LINEAR LINEAR LINEAR LINEAR LINEAR LINEAR
LINEAR LINEAR LINEAR LINEAR LINEAR LINEAR LINEAR LINEAR LINEAR LINEAR</Name_array><technique_common><accessor source="#Spine-Interpolations-array" count="21"><param type="name"/></accessor></technique_common></source><sampler id="Spine-Matrix-animation-transform"><input semantic="INPUT" source="#Spine-Matrix-animation-input"/><input semantic="OUTPUT" source="#Spine-Matrix-animation-output-transform"/><input semantic="INTERPOLATION" source="#Spine-Interpolations"/></sampler><channel source="#Spine-Matrix-animation-transform" target="Spine/matrix"/></animation>
    <animation id="Spine1-anim" name="Spine1"><source id="Spine1-Matrix-animation-input"><float_array id="Spine1-Matrix-animation-input-array" count="21">

0.000000 0.033333 0.066667 0.100000 0.133333 0.166667 0.200000 0.233333 0.266667 0.300000 0.333333 0.366667 0.400000 0.433333 0.466667 0.500000
0.533333 0.566667 0.600000 0.633333 0.666667</float_array><technique_common><accessor source="#Spine1-Matrix-animation-input-array" count="21"><param name="TIME" type="float"/></accessor></technique_common></source><source id="Spine1-Matrix-animation-output-transform"><float_array id="Spine1-Matrix-animation-output-transform-array" count="336">

0.999152 0.025406 0.032386 -0.007800 -0.024078 0.998879 -0.040758 9.224200 -0.033385 0.039944 0.998644 0.000000 0.000000 0.000000 0.000000 1.000000
0.999727 0.013921 0.018751 -0.007800 -0.013155 0.999098 -0.040369 9.224200 -0.019296 0.040112 0.999009 -0.000000 0.000000 0.000000 0.000000 1.000000
0.999993 0.001690 0.003452 -0.007800 -0.001558 0.999275 -0.038032 9.224200 -0.003514 0.038026 0.999271 0.000000 0.000000 0.000000 0.000000 1.000000
0.999906 -0.006843 -0.011877 -0.007800 0.006447 0.999431 -0.033095 9.224200 0.012097 0.033016 0.999382 0.000000 0.000000 0.000000 0.000000 1.000000
0.999826 -0.006235 -0.017588 -0.007800 0.005761 0.999623 -0.026850 9.224200 0.017749 0.026744 0.999485 -0.000000 0.000000 0.000000 0.000000 1.000000
0.999896 -0.002155 -0.014227 -0.007800 0.001804 0.999695 -0.024622 9.224200 0.014276 0.024594 0.999596 0.000000 0.000000 0.000000 0.000000 1.000000
0.999983 -0.000598 -0.005803 -0.007800 0.000432 0.999593 -0.028537 9.224200 0.005818 0.028534 0.999576 0.000000 0.000000 0.000000 0.000000 1.000000
0.999984 -0.003552 0.004458 -0.007800 0.003713 0.999321 -0.036660 9.224200 -0.004324 0.036676 0.999318 0.000000 0.000000 0.000000 0.000000 1.000000
0.999866 -0.007101 0.014730 -0.007800 0.007764 0.998938 -0.045409 9.224200 -0.014392 0.045517 0.998860 0.000000 0.000000 0.000000 0.000000 1.000000
0.999700 -0.005726 0.023831 -0.007800 0.006945 0.998654 -0.051402 9.224200 -0.023505 0.051552 0.998394 0.000000 0.000000 0.000000 0.000000 1.000000
0.999456 0.000876 0.032971 -0.007800 0.000852 0.998627 -0.052385 9.224200 -0.032972 0.052385 0.998083 -0.000000 0.000000 0.000000 0.000000 1.000000
0.998950 0.008163 0.045090 -0.007800 -0.006010 0.998845 -0.047672 9.224200 -0.045427 0.047351 0.997845 0.000000 0.000000 0.000000 0.000000 1.000000
0.998149 0.012637 0.059488 -0.007800 -0.010384 0.999222 -0.038042 9.224200 -0.059922 0.037353 0.997504 0.000000 0.000000 0.000000 0.000000 1.000000
0.997382 0.013274 0.071086 -0.007800 -0.011484 0.999608 -0.025533 9.224200 -0.071397 0.024649 0.997143 0.000000 0.000000 0.000000 0.000000 1.000000
0.997022 0.011396 0.076274 -0.007800 -0.010385 0.999853 -0.013639 9.224200 -0.076418 0.012807 0.996994 0.000000 0.000000 0.000000 0.000000 1.000000
0.997106 0.011317 0.075176 -0.007800 -0.010831 0.999918 -0.006874 9.224200 -0.075248 0.006040 0.997147 0.000000 0.000000 0.000000 0.000000 1.000000
0.997457 0.016004 0.069451 -0.007800 -0.015469 0.999847 -0.008226 9.224200 -0.069572 0.007131 0.997551 0.000000 0.000000 0.000000 0.000000 1.000000
0.997837 0.023451 0.061408 -0.007800 -0.022439 0.999602 -0.017126 9.224200 -0.061785 0.015711 0.997966 0.000000 0.000000 0.000000 0.000000 1.000000
0.998137 0.030276 0.052967 -0.007800 -0.028743 0.999152 -0.029469 9.224200 -0.053815 0.027892 0.998161 -0.000000 0.000000 0.000000 0.000000 1.000000
0.998431 0.034227 0.044311 -0.007800 -0.032512 0.998715 -0.038867 9.224200 -0.045584 0.037365 0.998261 0.000000 0.000000 0.000000 0.000000 1.000000
0.999152 0.025406 0.032386 -0.007800 -0.024078 0.998879 -0.040758 9.224200 -0.033385 0.039944 0.998644 0.000000 0.000000 0.000000 0.000000 1.000000</float_array><technique_common><accessor source="#Spine1-Matrix-animation-output-transform-array" count="21" stride="16"><param type="float4x4"/></accessor></technique_common></source><source id="Spine1-Interpolations"><Name_array id="Spine1-Interpolations-array" count="21">
 LINEAR LINEAR LINEAR LINEAR LINEAR LINEAR LINEAR LINEAR LINEAR LINEAR LINEAR
LINEAR LINEAR LINEAR LINEAR LINEAR LINEAR LINEAR LINEAR LINEAR LINEAR</Name_array><technique_common><accessor source="#Spine1-Interpolations-array" count="21"><param type="name"/></accessor></technique_common></source><sampler id="Spine1-Matrix-animation-transform"><input semantic="INPUT" source="#Spine1-Matrix-animation-input"/><input semantic="OUTPUT" source="#Spine1-Matrix-animation-output-transform"/><input semantic="INTERPOLATION" source="#Spine1-Interpolations"/></sampler><channel source="#Spine1-Matrix-animation-transform" target="Spine1/matrix"/></animation>
    <animation id="Spine2-anim" name="Spine2"><source id="Spine2-Matrix-animation-input"><float_array id="Spine2-Matrix-animation-input-array" count="21">

0.000000 0.033333 0.066667 0.100000 0.133333 0.166667 0.200000 0.233333 0.266667 0.300000 0.333333 0.366667 0.400000 0.433333 0.466667 0.500000
0.533333 0.566667 0.600000 0.633333 0.666667</float_array><technique_common><accessor source="#Spine2-Matrix-animation-input-array" count="21"><param name="TIME" type="float"/></accessor></technique_common></source><source id="Spine2-Matrix-animation-output-transform"><float_array id="Spine2-Matrix-animation-output-transform-array" count="336">

0.999135 0.025178 0.033102 -0.005300 -0.023836 0.998902 -0.040343 11.063000 -0.034081 0.039519 0.998637 0.000000 0.000000 0.000000 0.000000 1.000000
0.999718 0.013765 0.019362 -0.005300 -0.012980 0.999110 -0.040134 11.063000 -0.019898 0.039871 0.999007 -0.000000 0.000000 0.000000 0.000000 1.000000
0.999991 0.001652 0.003916 -0.005300 -0.001502 0.999277 -0.037984 11.063000 -0.003976 0.037978 0.999271 0.000000 0.000000 0.000000 0.000000 1.000000
0.999910 -0.006761 -0.011570 -0.005300 0.006373 0.999428 -0.033210 11.063000 0.011788 0.033134 0.999381 0.000000 0.000000 0.000000 0.000000 1.000000
0.999830 -0.006140 -0.017372 -0.005300 0.005670 0.999619 -0.027010 11.063000 0.017532 0.026907 0.999484 0.000000 0.000000 0.000000 0.000000 1.000000
0.999899 -0.002108 -0.014040 -0.005300 0.001760 0.999692 -0.024740 11.063000 0.014088 0.024713 0.999595 0.000000 0.000000 0.000000 0.000000 1.000000
0.999984 -0.000591 -0.005591 -0.005300 0.000431 0.999591 -0.028579 11.063000 0.005605 0.028576 0.999576 -0.000000 0.000000 0.000000 0.000000 1.000000
0.999982 -0.003579 0.004758 -0.005300 0.003751 0.999323 -0.036609 11.063000 -0.004624 0.036626 0.999318 -0.000000 0.000000 0.000000 0.000000 1.000000
0.999859 -0.007194 0.015180 -0.005300 0.007874 0.998945 -0.045243 11.063000 -0.014839 0.045356 0.998861 0.000000 0.000000 0.000000 0.000000 1.000000
0.999684 -0.005923 0.024446 -0.005300 0.007167 0.998667 -0.051111 11.063000 -0.024111 0.051270 0.998394 -0.000000 0.000000 0.000000 0.000000 1.000000
0.999432 0.000562 0.033704 -0.005300 0.001190 0.998649 -0.051943 11.063000 -0.033688 0.051954 0.998081 0.000000 0.000000 0.000000 0.000000 1.000000
0.998918 0.007803 0.045836 -0.005300 -0.005645 0.998878 -0.047026 11.063000 -0.046152 0.046717 0.997841 0.000000 0.000000 0.000000 0.000000 1.000000
0.998115 0.012445 0.060093 -0.005300 -0.010220 0.999256 -0.037193 11.063000 -0.060511 0.036508 0.997500 0.000000 0.000000 0.000000 0.000000 1.000000
0.997354 0.013477 0.071442 -0.005300 -0.011749 0.999630 -0.024551 11.063000 -0.071746 0.023647 0.997143 0.000000 0.000000 0.000000 0.000000 1.000000
0.997005 0.012012 0.076402 -0.005300 -0.011081 0.999859 -0.012597 11.063000 -0.076543 0.011712 0.996998 0.000000 0.000000 0.000000 0.000000 1.000000
0.997096 0.012132 0.075182 -0.005300 -0.011724 0.999914 -0.005863 11.063000 -0.075247 0.004964 0.997153 0.000000 0.000000 0.000000 0.000000 1.000000
0.997444 0.016729 0.069465 -0.005300 -0.016257 0.999841 -0.007354 11.063000 -0.069577 0.006206 0.997557 0.000000 0.000000 0.000000 0.000000 1.000000
0.997815 0.023861 0.061604 -0.005300 -0.022892 0.999603 -0.016396 11.063000 -0.061971 0.014950 0.997966 0.000000 0.000000 0.000000 0.000000 1.000000
0.998109 0.030298 0.053477 -0.005300 -0.028787 0.999170 -0.028810 11.063000 -0.054305 0.027216 0.998153 0.000000 0.000000 0.000000 0.000000 1.000000
0.998406 0.033993 0.045061 -0.005300 -0.032276 0.998745 -0.038288 11.063000 -0.046306 0.036773 0.998250 0.000000 0.000000 0.000000 0.000000 1.000000
0.999135 0.025178 0.033102 -0.005300 -0.023836 0.998902 -0.040343 11.063000 -0.034081 0.039519 0.998637 0.000000 0.000000 0.000000 0.000000 1.000000</float_array><technique_common><accessor source="#Spine2-Matrix-animation-output-transform-array" count="21" stride="16"><param type="float4x4"/></accessor></technique_common></source><source id="Spine2-Interpolations"><Name_array id="Spine2-Interpolations-array" count="21">
 LINEAR LINEAR LINEAR LINEAR LINEAR LINEAR LINEAR LINEAR LINEAR LINEAR LINEAR
LINEAR LINEAR LINEAR LINEAR LINEAR LINEAR LINEAR LINEAR LINEAR LINEAR</Name_array><technique_common><accessor source="#Spine2-Interpolations-array" count="21"><param type="name"/></accessor></technique_common></source><sampler id="Spine2-Matrix-animation-transform"><input semantic="INPUT" source="#Spine2-Matrix-animation-input"/><input semantic="OUTPUT" source="#Spine2-Matrix-animation-output-transform"/><input semantic="INTERPOLATION" source="#Spine2-Interpolations"/></sampler><channel source="#Spine2-Matrix-animation-transform" target="Spine2/matrix"/></animation>
    <animation id="Neck-anim" name="Neck"><source id="Neck-Matrix-animation-input"><float_array id="Neck-Matrix-animation-input-array" count="21">

0.000000 0.033333 0.066667 0.100000 0.133333 0.166667 0.200000 0.233333 0.266667 0.300000 0.333333 0.366667 0.400000 0.433333 0.466667 0.500000
0.533333 0.566667 0.600000 0.633333 0.666667</float_array><technique_common><accessor source="#Neck-Matrix-animation-input-array" count="21"><param name="TIME" type="float"/></accessor></technique_common></source><source id="Neck-Matrix-animation-output-transform"><float_array id="Neck-Matrix-animation-output-transform-array" count="336">

0.997506 0.042610 0.056274 -0.006000 -0.044622 0.998391 0.034985 23.723499 -0.054693 -0.037409 0.997802 -1.446200 0.000000 0.000000 0.000000 1.000000
0.997587 0.033036 0.061063 -0.006000 -0.034834 0.998983 0.028614 23.723499 -0.060055 -0.030672 0.997724 -1.446200 0.000000 0.000000 0.000000 1.000000
0.997151 0.025239 0.071084 -0.006000 -0.027373 0.999199 0.029204 23.723499 -0.070290 -0.031066 0.997043 -1.446200 0.000000 0.000000 0.000000 1.000000
0.995999 0.021442 0.086754 -0.006000 -0.025387 0.998681 0.044624 23.723499 -0.085682 -0.046648 0.995230 -1.446200 0.000000 0.000000 0.000000 1.000000
0.994868 0.021986 0.098767 -0.006000 -0.028588 0.997414 0.065943 23.723499 -0.097062 -0.068428 0.992923 -1.446200 0.000000 0.000000 0.000000 1.000000
0.993908 0.030339 0.105959 -0.006000 -0.038408 0.996446 0.074961 23.723499 -0.103308 -0.078574 0.991541 -1.446200 0.000000 0.000000 0.000000 1.000000
0.993235 0.041074 0.108612 -0.006000 -0.048283 0.996743 0.064590 23.723499 -0.105605 -0.069397 0.991984 -1.446200 0.000000 0.000000 0.000000 1.000000
0.993239 0.044048 0.107406 -0.006000 -0.049081 0.997795 0.044679 23.723499 -0.105201 -0.049648 0.993211 -1.446200 0.000000 0.000000 0.000000 1.000000
0.993816 0.037030 0.104679 -0.006000 -0.040433 0.998714 0.030577 23.723499 -0.103412 -0.034620 0.994036 -1.446200 0.000000 0.000000 0.000000 1.000000
0.994214 0.028307 0.103619 -0.006000 -0.031216 0.999160 0.026556 23.723499 -0.102780 -0.029637 0.994262 -1.446200 0.000000 0.000000 0.000000 1.000000
0.994186 0.025578 0.104598 -0.006000 -0.028358 0.999281 0.025180 23.723499 -0.103879 -0.027999 0.994196 -1.446200 0.000000 0.000000 0.000000 1.000000
0.994054 0.029358 0.104852 -0.006000 -0.031706 0.999281 0.020794 23.723499 -0.104166 -0.023994 0.994270 -1.446200 0.000000 0.000000 0.000000 1.000000
0.994065 0.037185 0.102238 -0.006000 -0.039101 0.999094 0.016802 23.723499 -0.101521 -0.020700 0.994618 -1.446200 0.000000 0.000000 0.000000 1.000000
0.994210 0.046388 0.096929 -0.006000 -0.048435 0.998648 0.018873 23.723499 -0.095922 -0.023458 0.995112 -1.446200 0.000000 0.000000 0.000000 1.000000
0.994521 0.053137 0.090028 -0.006000 -0.055733 0.998092 0.026569 23.723499 -0.088444 -0.031441 0.995585 -1.446200 0.000000 0.000000 0.000000 1.000000
0.995117 0.054072 0.082572 -0.006000 -0.057082 0.997772 0.034528 23.723499 -0.080521 -0.039072 0.995987 -1.446200 0.000000 0.000000 0.000000 1.000000
0.995848 0.050788 0.075548 -0.006000 -0.053881 0.997766 0.039493 23.723499 -0.073374 -0.043400 0.996360 -1.446200 0.000000 0.000000 0.000000 1.000000
0.996352 0.049773 0.069324 -0.006000 -0.052823 0.997683 0.042886 23.723499 -0.067029 -0.046392 0.996672 -1.446200 0.000000 0.000000 0.000000 1.000000
0.996603 0.052895 0.063117 -0.006000 -0.055819 0.997404 0.045485 23.723499 -0.060548 -0.048854 0.996969 -1.446200 0.000000 0.000000 0.000000 1.000000
0.997054 0.052195 0.056198 -0.006000 -0.054727 0.997509 0.044505 23.723499 -0.053735 -0.047450 0.997427 -1.446200 0.000000 0.000000 0.000000 1.000000
0.997506 0.042610 0.056274 -0.006000 -0.044622 0.998391 0.034985 23.723499 -0.054693 -0.037409 0.997802 -1.446200 0.000000 0.000000 0.000000 1.000000</float_array><technique_common><accessor source="#Neck-Matrix-animation-output-transform-array" count="21" stride="16"><param type="float4x4"/></accessor></technique_common></source><source id="Neck-Interpolations"><Name_array id="Neck-Interpolations-array" count="21">
 LINEAR LINEAR LINEAR LINEAR LINEAR LINEAR LINEAR LINEAR LINEAR LINEAR LINEAR
LINEAR LINEAR LINEAR LINEAR LINEAR LINEAR LINEAR LINEAR LINEAR LINEAR</Name_array><technique_common><accessor source="#Neck-Interpolations-array" count="21"><param type="name"/></accessor></technique_common></source><sampler id="Neck-Matrix-animation-transform"><input semantic="INPUT" source="#Neck-Matrix-animation-input"/><input semantic="OUTPUT" source="#Neck-Matrix-animation-output-transform"/><input semantic="INTERPOLATION" source="#Neck-Interpolations"/></sampler><channel source="#Neck-Matrix-animation-transform" target="Neck/matrix"/></animation>
    <animation id="Head-anim" name="Head"><source id="Head-Matrix-animation-input"><float_array id="Head-Matrix-animation-input-array" count="21">

0.000000 0.033333 0.066667 0.100000 0.133333 0.166667 0.200000 0.233333 0.266667 0.300000 0.333333 0.366667 0.400000 0.433333 0.466667 0.500000
0.533333 0.566667 0.600000 0.633333 0.666667</float_array><technique_common><accessor source="#Head-Matrix-animation-input-array" count="21"><param name="TIME" type="float"/></accessor></technique_common></source><source id="Head-Matrix-animation-output-transform"><float_array id="Head-Matrix-animation-output-transform-array" count="336">

0.975001 -0.096828 0.199994 -0.000000 0.044444 0.966853 0.251436 10.037100 -0.217711 -0.236262 0.946986 3.529500 0.000000 0.000000 0.000000 1.000000
0.967086 -0.080013 0.241542 0.000000 0.020506 0.970692 0.239450 10.037100 -0.253622 -0.226615 0.940384 3.529500 0.000000 0.000000 0.000000 1.000000
0.950564 -0.069215 0.302716 0.000000 0.001127 0.975605 0.219531 10.037100 -0.310526 -0.208337 0.927453 3.529500 0.000000 0.000000 0.000000 1.000000
0.922581 -0.065095 0.380273 -0.000000 -0.011251 0.980704 0.195173 10.037100 -0.385640 -0.184341 0.904046 3.529500 0.000000 0.000000 0.000000 1.000000
0.899571 -0.064433 0.431997 0.000000 -0.016132 0.983483 0.180280 10.037100 -0.436477 -0.169144 0.883673 3.529500 0.000000 0.000000 0.000000 1.000000
0.889008 -0.063378 0.453484 0.000000 -0.019464 0.984249 0.175714 10.037100 -0.457477 -0.165038 0.873772 3.529500 0.000000 0.000000 0.000000 1.000000
0.888081 -0.058100 0.456000 -0.000000 -0.026272 0.983944 0.176532 10.037100 -0.458935 -0.168755 0.872296 3.529500 0.000000 0.000000 0.000000 1.000000
0.890330 -0.053337 0.452180 0.000000 -0.033850 0.982613 0.182554 10.037100 -0.454055 -0.177839 0.873045 3.529500 0.000000 0.000000 0.000000 1.000000
0.891153 -0.057404 0.450058 0.000000 -0.038468 0.978832 0.201017 10.037100 -0.452070 -0.196450 0.870081 3.529500 0.000000 0.000000 0.000000 1.000000
0.888778 -0.070435 0.452894 0.000000 -0.038011 0.973391 0.225978 10.037100 -0.456760 -0.218059 0.862451 3.529500 0.000000 0.000000 0.000000 1.000000
0.885601 -0.083621 0.456858 0.000000 -0.031097 0.970776 0.237965 10.037100 -0.463405 -0.224949 0.857119 3.529500 0.000000 0.000000 0.000000 1.000000
0.887478 -0.090935 0.451790 0.000000 -0.017577 0.972947 0.230359 10.037100 -0.460516 -0.212379 0.861870 3.529500 0.000000 0.000000 0.000000 1.000000
0.897906 -0.094103 0.430011 0.000000 0.001431 0.977501 0.210928 10.037100 -0.440185 -0.188778 0.877839 3.529500 0.000000 0.000000 0.000000 1.000000
0.914516 -0.095594 0.393092 0.000000 0.023105 0.982437 0.185159 10.037100 -0.403888 -0.160248 0.900663 3.529500 0.000000 0.000000 0.000000 1.000000
0.931882 -0.094347 0.350277 0.000000 0.040091 0.986457 0.159043 10.037100 -0.360539 -0.134166 0.923044 3.529500 0.000000 0.000000 0.000000 1.000000
0.945683 -0.092859 0.311545 0.000000 0.048796 0.988025 0.146374 10.037100 -0.321407 -0.123221 0.938890 3.529500 0.000000 0.000000 0.000000 1.000000
0.955154 -0.102746 0.277711 0.000000 0.060481 0.985792 0.156702 10.037100 -0.289866 -0.132878 0.947798 3.529500 0.000000 0.000000 0.000000 1.000000
0.962236 -0.126402 0.241091 -0.000000 0.082295 0.979290 0.184980 10.037100 -0.259480 -0.158154 0.952710 3.529500 0.000000 0.000000 0.000000 1.000000
0.969178 -0.139302 0.203199 0.000000 0.093369 0.970953 0.220300 10.037100 -0.227984 -0.194537 0.954033 3.529500 0.000000 0.000000 0.000000 1.000000
0.976684 -0.118984 0.178694 0.000000 0.071302 0.964896 0.252768 10.037100 -0.202497 -0.234134 0.950882 3.529500 0.000000 0.000000 0.000000 1.000000
0.975001 -0.096829 0.199994 0.000000 0.044444 0.966853 0.251436 10.037100 -0.217711 -0.236262 0.946986 3.529500 0.000000 0.000000 0.000000 1.000000</float_array><technique_common><accessor source="#Head-Matrix-animation-output-transform-array" count="21" stride="16"><param type="float4x4"/></accessor></technique_common></source><source id="Head-Interpolations"><Name_array id="Head-Interpolations-array" count="21">
 LINEAR LINEAR LINEAR LINEAR LINEAR LINEAR LINEAR LINEAR LINEAR LINEAR LINEAR
LINEAR LINEAR LINEAR LINEAR LINEAR LINEAR LINEAR LINEAR LINEAR LINEAR</Name_array><technique_common><accessor source="#Head-Interpolations-array" count="21"><param type="name"/></accessor></technique_common></source><sampler id="Head-Matrix-animation-transform"><input semantic="INPUT" source="#Head-Matrix-animation-input"/><input semantic="OUTPUT" source="#Head-Matrix-animation-output-transform"/><input semantic="INTERPOLATION" source="#Head-Interpolations"/></sampler><channel source="#Head-Matrix-animation-transform" target="Head/matrix"/></animation>
    <animation id="LeftShoulder-anim" name="LeftShoulder"><source id="LeftShoulder-Matrix-animation-input"><float_array id="LeftShoulder-Matrix-animation-input-array" count="21">

0.000000 0.033333 0.066667 0.100000 0.133333 0.166667 0.200000 0.233333 0.266667 0.300000 0.333333 0.366667 0.400000 0.433333 0.466667 0.500000
0.533333 0.566667 0.600000 0.633333 0.666667</float_array><technique_common><accessor source="#LeftShoulder-Matrix-animation-input-array" count="21"><param name="TIME" type="float"/></accessor></technique_common></source><source id="LeftShoulder-Matrix-animation-output-transform"><float_array id="LeftShoulder-Matrix-animation-output-transform-array" count="336">

0.988206 0.148516 -0.037313 11.304900 -0.149452 0.988485 -0.023684 19.886000 0.033366 0.028981 0.999023 -3.966000 0.000000 0.000000 0.000000 1.000000
0.981816 0.161859 -0.099197 11.304900 -0.165510 0.985761 -0.029704 19.886000 0.092976 0.045582 0.994624 -3.966000 0.000000 0.000000 0.000000 1.000000
0.978802 0.153416 -0.135684 11.304900 -0.159318 0.986652 -0.033696 19.886000 0.128703 0.054598 0.990179 -3.966000 0.000000 0.000000 0.000000 1.000000
0.983644 0.120563 -0.133822 11.304900 -0.126285 0.991373 -0.035103 19.886000 0.128435 0.051429 0.990384 -3.966000 0.000000 0.000000 0.000000 1.000000
0.986636 0.103073 -0.126195 11.304900 -0.108209 0.993528 -0.034531 19.886000 0.121819 0.047726 0.991404 -3.966000 0.000000 0.000000 0.000000 1.000000
0.986714 0.112507 -0.117210 11.304900 -0.117046 0.992592 -0.032564 19.886000 0.112678 0.045850 0.992573 -3.966000 0.000000 0.000000 0.000000 1.000000
0.987035 0.130701 -0.093164 11.304900 -0.133878 0.990583 -0.028686 19.886000 0.088537 0.040787 0.995237 -3.966000 0.000000 0.000000 0.000000 1.000000
0.990436 0.128824 -0.049411 11.304900 -0.130094 0.991225 -0.023399 19.886000 0.045963 0.029603 0.998504 -3.966000 0.000000 0.000000 0.000000 1.000000
0.994867 0.101178 0.001425 11.304900 -0.101144 0.994748 -0.015727 19.886000 -0.003008 0.015502 0.999875 -3.966000 0.000000 0.000000 0.000000 1.000000
0.996358 0.069947 0.048768 11.304900 -0.069735 0.997547 -0.006039 19.886000 -0.049071 0.002616 0.998792 -3.966000 0.000000 0.000000 0.000000 1.000000
0.994212 0.047689 0.096272 11.304900 -0.048288 0.998826 0.003905 19.886000 -0.095973 -0.008531 0.995347 -3.966000 0.000000 0.000000 0.000000 1.000000
0.988787 0.020592 0.147906 11.304900 -0.023108 0.999616 0.015315 19.886000 -0.147533 -0.018561 0.988883 -3.966000 0.000000 0.000000 0.000000 1.000000
0.980510 -0.018042 0.195641 11.304900 0.012538 0.999491 0.029332 19.886000 -0.196071 -0.026307 0.980237 -3.966000 0.000000 0.000000 0.000000 1.000000
0.972655 -0.053365 0.226041 11.304900 0.045196 0.998130 0.041165 19.886000 -0.227815 -0.029824 0.973248 -3.966000 0.000000 0.000000 0.000000 1.000000
0.970120 -0.071926 0.231719 11.304900 0.063323 0.997007 0.044363 19.886000 -0.234216 -0.028364 0.971771 -3.966000 0.000000 0.000000 0.000000 1.000000
0.973562 -0.071138 0.217063 11.304900 0.064217 0.997182 0.038784 19.886000 -0.219210 -0.023820 0.975387 -3.966000 0.000000 0.000000 0.000000 1.000000
0.979774 -0.051321 0.193415 11.304900 0.046548 0.998491 0.029146 19.886000 -0.194619 -0.019553 0.980684 -3.966000 0.000000 0.000000 0.000000 1.000000
0.986298 -0.011484 0.164574 11.304900 0.008656 0.999802 0.017895 19.886000 -0.164747 -0.016225 0.986202 -3.966000 0.000000 0.000000 0.000000 1.000000
0.991829 0.047172 0.118532 11.304900 -0.047923 0.998845 0.003493 19.886000 -0.118230 -0.009145 0.992944 -3.966000 0.000000 0.000000 0.000000 1.000000
0.992509 0.114779 0.041842 11.304900 -0.114347 0.993361 -0.012589 19.886000 -0.043009 0.007710 0.999045 -3.966000 0.000000 0.000000 0.000000 1.000000
0.988206 0.148516 -0.037313 11.304900 -0.149452 0.988485 -0.023684 19.886000 0.033366 0.028981 0.999023 -3.966000 0.000000 0.000000 0.000000 1.000000</float_array><technique_common><accessor source="#LeftShoulder-Matrix-animation-output-transform-array" count="21" stride="16"><param type="float4x4"/></accessor></technique_common></source><source id="LeftShoulder-Interpolations"><Name_array id="LeftShoulder-Interpolations-array" count="21">
 LINEAR LINEAR LINEAR LINEAR LINEAR LINEAR LINEAR LINEAR LINEAR LINEAR LINEAR
LINEAR LINEAR LINEAR LINEAR LINEAR LINEAR LINEAR LINEAR LINEAR LINEAR</Name_array><technique_common><accessor source="#LeftShoulder-Interpolations-array" count="21"><param type="name"/></accessor></technique_common></source><sampler id="LeftShoulder-Matrix-animation-transform"><input semantic="INPUT" source="#LeftShoulder-Matrix-animation-input"/><input semantic="OUTPUT" source="#LeftShoulder-Matrix-animation-output-transform"/><input semantic="INTERPOLATION" source="#LeftShoulder-Interpolations"/></sampler><channel source="#LeftShoulder-Matrix-animation-transform" target="LeftShoulder/matrix"/></animation>
    <animation id="LeftArm-anim" name="LeftArm"><source id="LeftArm-Matrix-animation-input"><float_array id="LeftArm-Matrix-animation-input-array" count="21">

0.000000 0.033333 0.066667 0.100000 0.133333 0.166667 0.200000 0.233333 0.266667 0.300000 0.333333 0.366667 0.400000 0.433333 0.466667 0.500000
0.533333 0.566667 0.600000 0.633333 0.666667</float_array><technique_common><accessor source="#LeftArm-Matrix-animation-input-array" count="21"><param name="TIME" type="float"/></accessor></technique_common></source><source id="LeftArm-Matrix-animation-output-transform"><float_array id="LeftArm-Matrix-animation-output-transform-array" count="336">

0.492566 0.710969 -0.501897 11.306600 -0.775904 0.619958 0.116731 -5.748200 0.394147 0.331926 0.857014 -0.270300 0.000000 0.000000 0.000000 1.000000
0.446031 0.667242 -0.596527 11.306600 -0.744757 0.646337 0.166092 -5.748200 0.496381 0.370185 0.785219 -0.270300 0.000000 0.000000 0.000000 1.000000
0.417539 0.619406 -0.664829 11.306600 -0.729483 0.664738 0.161178 -5.748200 0.541772 0.417683 0.729400 -0.270300 0.000000 0.000000 0.000000 1.000000
0.437569 0.582187 -0.685268 11.306600 -0.730180 0.674815 0.107060 -5.748200 0.524758 0.453522 0.720379 -0.270300 0.000000 0.000000 0.000000 1.000000
0.478975 0.571688 -0.666150 11.306600 -0.725798 0.684755 0.065792 -5.748200 0.493762 0.451977 0.742910 -0.270300 0.000000 0.000000 0.000000 1.000000
0.521528 0.575186 -0.630213 11.306600 -0.717624 0.695242 0.040673 -5.748200 0.461545 0.431044 0.775356 -0.270300 0.000000 0.000000 0.000000 1.000000
0.548675 0.580573 -0.601574 11.306600 -0.723231 0.690572 0.006829 -5.748200 0.419395 0.431330 0.798788 -0.270300 0.000000 0.000000 0.000000 1.000000
0.535976 0.585761 -0.607959 11.306600 -0.758831 0.649878 -0.042835 -5.748200 0.370008 0.484297 0.792812 -0.270300 0.000000 0.000000 0.000000 1.000000
0.477049 0.605958 -0.636584 11.306600 -0.817719 0.571492 -0.068793 -5.748200 0.322117 0.553364 0.768133 -0.270300 0.000000 0.000000 0.000000 1.000000
0.414037 0.667240 -0.619164 11.306600 -0.871402 0.487163 -0.057719 -5.748200 0.263121 0.563438 0.783138 -0.270300 0.000000 0.000000 0.000000 1.000000
0.399141 0.761195 -0.511145 11.306600 -0.903972 0.419943 -0.080513 -5.748200 0.153366 0.494197 0.855715 -0.270300 0.000000 0.000000 0.000000 1.000000
0.425373 0.827136 -0.367293 11.306600 -0.904754 0.378840 -0.194683 -5.748200 -0.021884 0.415123 0.909502 -0.270300 0.000000 0.000000 0.000000 1.000000
0.478867 0.834246 -0.273349 11.306600 -0.854904 0.372367 -0.361224 -5.748200 -0.199563 0.406665 0.891514 -0.270300 0.000000 0.000000 0.000000 1.000000
0.550728 0.802012 -0.231246 11.306600 -0.772959 0.385481 -0.503923 -5.748200 -0.315012 0.456268 0.832218 -0.270300 0.000000 0.000000 0.000000 1.000000
0.605908 0.768555 -0.205422 11.306600 -0.710085 0.406061 -0.575233 -5.748200 -0.358685 0.494406 0.791775 -0.270300 0.000000 0.000000 0.000000 1.000000
0.630298 0.753786 -0.185828 11.306600 -0.694096 0.439908 -0.569834 -5.748200 -0.347786 0.488148 0.800473 -0.270300 0.000000 0.000000 0.000000 1.000000
0.637312 0.747678 -0.186578 11.306600 -0.714849 0.483187 -0.505491 -5.748200 -0.287792 0.455530 0.842418 -0.270300 0.000000 0.000000 0.000000 1.000000
0.629884 0.741984 -0.229575 11.306600 -0.757799 0.522310 -0.391067 -5.748200 -0.170256 0.420299 0.891270 -0.270300 0.000000 0.000000 0.000000 1.000000
0.595765 0.741337 -0.309005 11.306600 -0.803058 0.555935 -0.214555 -5.748200 0.012729 0.375973 0.926543 -0.270300 0.000000 0.000000 0.000000 1.000000
0.539120 0.744902 -0.393028 11.306600 -0.808597 0.588334 0.005902 -5.748200 0.235628 0.314619 0.919508 -0.270300 0.000000 0.000000 0.000000 1.000000
0.492567 0.710970 -0.501897 11.306600 -0.775904 0.619958 0.116731 -5.748200 0.394147 0.331926 0.857014 -0.270300 0.000000 0.000000 0.000000 1.000000</float_array><technique_common><accessor source="#LeftArm-Matrix-animation-output-transform-array" count="21" stride="16"><param type="float4x4"/></accessor></technique_common></source><source id="LeftArm-Interpolations"><Name_array id="LeftArm-Interpolations-array" count="21">
 LINEAR LINEAR LINEAR LINEAR LINEAR LINEAR LINEAR LINEAR LINEAR LINEAR LINEAR
LINEAR LINEAR LINEAR LINEAR LINEAR LINEAR LINEAR LINEAR LINEAR LINEAR</Name_array><technique_common><accessor source="#LeftArm-Interpolations-array" count="21"><param type="name"/></accessor></technique_common></source><sampler id="LeftArm-Matrix-animation-transform"><input semantic="INPUT" source="#LeftArm-Matrix-animation-input"/><input semantic="OUTPUT" source="#LeftArm-Matrix-animation-output-transform"/><input semantic="INTERPOLATION" source="#LeftArm-Interpolations"/></sampler><channel source="#LeftArm-Matrix-animation-transform" target="LeftArm/matrix"/></animation>
    <animation id="LeftForeArm-anim" name="LeftForeArm"><source id="LeftForeArm-Matrix-animation-input"><float_array id="LeftForeArm-Matrix-animation-input-array" count="21">

0.000000 0.033333 0.066667 0.100000 0.133333 0.166667 0.200000 0.233333 0.266667 0.300000 0.333333 0.366667 0.400000 0.433333 0.466667 0.500000
0.533333 0.566667 0.600000 0.633333 0.666667</float_array><technique_common><accessor source="#LeftForeArm-Matrix-animation-input-array" count="21"><param name="TIME" type="float"/></accessor></technique_common></source><source id="LeftForeArm-Matrix-animation-output-transform"><float_array id="LeftForeArm-Matrix-animation-output-transform-array" count="336">

0.882217 0.000000 -0.470844 30.736700 -0.000001 1.000000 -0.000001 0.000100 0.470844 0.000002 0.882217 -0.000100 0.000000 0.000000 0.000000 1.000000
0.759461 -0.000000 -0.650553 30.736700 -0.000001 1.000000 -0.000002 0.000100 0.650553 0.000002 0.759461 -0.000100 0.000000 0.000000 0.000000 1.000000
0.541191 -0.000001 -0.840900 30.736700 -0.000002 1.000000 -0.000003 0.000100 0.840900 0.000003 0.541191 -0.000100 0.000000 0.000000 0.000000 1.000000
0.204038 -0.000002 -0.978963 30.736700 -0.000003 1.000000 -0.000003 0.000100 0.978963 0.000004 0.204038 -0.000100 0.000000 0.000000 0.000000 1.000000
-0.082260 -0.000006 -0.996611 30.736700 -0.000004 1.000000 -0.000005 0.000100 0.996611 0.000004 -0.082260 -0.000100 0.000000 0.000000 0.000000 1.000000
-0.216392 -0.000004 -0.976307 30.736700 -0.000004 1.000000 -0.000003 0.000100 0.976307 0.000004 -0.216392 -0.000100 0.000000 0.000000 0.000000 1.000000
-0.183257 -0.000004 -0.983065 30.736700 -0.000004 1.000000 -0.000004 0.000100 0.983065 0.000004 -0.183257 -0.000100 0.000000 0.000000 0.000000 1.000000
