<?xml version="1.0" encoding="utf-8"?>
<COLLADA xmlns="http://www.collada.org/2005/11/COLLADASchema" version="1.4.1">
  <asset><contributor><author>Mixamo</author><authoring_tool>COLLADA Mixamo exporter</authoring_tool><comments></comments></contributor><created>2018-10-21T16:27:57Z</created><modified>2018-10-21T16:27:57Z</modified><revision></revision><title></title><unit meter="0.010000"/><up_axis>Y_UP</up_axis></asset>
  <library_animations>
    <animation id="Hips-anim" name="Hips"><source id="Hips-Matrix-animation-input"><float_array id="Hips-Matrix-animation-input-array" count="51">

0.000000 0.033333 0.066667 0.100000 0.133333 0.166667 0.200000 0.233333 0.266667 0.300000 0.333333 0.366667 0.400000 0.433333 0.466667 0.500000
0.533333 0.566667 0.600000 0.633333 0.666667 0.700000 0.733333 0.766667 0.800000 0.833333 0.866667 0.900000 0.933333 0.966667 1.000000 1.033333
1.066667 1.100000 1.133333 1.166667 1.200000 1.233333 1.266667 1.300000 1.333333 1.366667 1.400000 1.433333 1.466667 1.500000 1.533333 1.566667
1.600000 1.633333 1.666667</float_array><technique_common><accessor source="#Hips-Matrix-animation-input-array" count="51"><param name="TIME" type="float"/></accessor></technique_common></source><source id="Hips-Matrix-animation-output-transform"><float_array id="Hips-Matrix-animation-output-transform-array" count="816">

0.563524 0.069052 -0.823208 1.750326 -0.031129 0.997568 0.062368 100.563728 0.825513 -0.009520 0.564303 -0.826019 0.000000 0.000000 0.000000 1.000000
0.564874 0.068554 -0.822325 1.716972 -0.030750 0.997600 0.062044 100.639191 0.824604 -0.009760 0.565626 -0.636190 0.000000 0.000000 0.000000 1.000000
0.567781 0.068194 -0.820350 1.692240 -0.030364 0.997619 0.061915 100.736145 0.822620 -0.010245 0.568500 -0.364164 0.000000 0.000000 0.000000 1.000000
0.581045 0.068756 -0.810962 1.613340 -0.032996 0.997596 0.060939 100.872963 0.813202 -0.008650 0.581917 -0.051798 0.000000 0.000000 0.000000 1.000000
0.613772 0.074613 -0.785949 1.416576 -0.043868 0.997209 0.060411 101.092308 0.788264 -0.002601 0.615332 0.219288 0.000000 0.000000 0.000000 1.000000
0.665351 0.084644 -0.741717 1.083988 -0.060122 0.996400 0.059776 101.385498 0.744106 0.004821 0.668044 0.428941 0.000000 0.000000 0.000000 1.000000
0.727477 0.091767 -0.679967 0.656461 -0.072981 0.995743 0.056303 101.735214 0.682239 0.008665 0.731078 0.559548 0.000000 0.000000 0.000000 1.000000
0.789716 0.096023 -0.605911 0.208959 -0.080755 0.995351 0.052488 102.201660 0.608134 0.007480 0.793799 0.621127 0.000000 0.000000 0.000000 1.000000
0.840620 0.100070 -0.532300 -0.156347 -0.083596 0.994979 0.055036 102.806702 0.535135 -0.001767 0.844765 0.548657 0.000000 0.000000 0.000000 1.000000
0.872219 0.099469 -0.478894 -0.375547 -0.076313 0.994787 0.067633 103.686432 0.483125 -0.022445 0.875264 0.084371 0.000000 0.000000 0.000000 1.000000
0.884206 0.092723 -0.457802 -0.480598 -0.059257 0.994448 0.086964 104.542969 0.463323 -0.049766 0.884791 -0.703824 0.000000 0.000000 0.000000 1.000000
0.884717 0.086621 -0.458010 -0.711312 -0.043424 0.993625 0.104039 105.069748 0.464102 -0.072157 0.882838 -1.384689 0.000000 0.000000 0.000000 1.000000
0.881825 0.081791 -0.464429 -1.257350 -0.029655 0.992513 0.118486 105.405907 0.470643 -0.090712 0.877648 -1.844677 0.000000 0.000000 0.000000 1.000000
0.876332 0.078250 -0.475310 -2.042237 -0.017719 0.991287 0.130525 105.664658 0.481382 -0.105961 0.870083 -2.184760 0.000000 0.000000 0.000000 1.000000
0.868841 0.076051 -0.489215 -2.851212 -0.007637 0.990073 0.140349 105.997292 0.495032 -0.118204 0.860797 -2.470951 0.000000 0.000000 0.000000 1.000000
0.859984 0.075248 -0.504742 -3.525144 0.000448 0.988957 0.148200 106.405716 0.510320 -0.127676 0.850454 -2.692686 0.000000 0.000000 0.000000 1.000000
0.850260 0.075860 -0.520868 -3.980039 0.006344 0.988011 0.154252 106.893646 0.526325 -0.134459 0.839585 -2.868887 0.000000 0.000000 0.000000 1.000000
0.836975 0.079008 -0.541507 -4.195843 0.008409 0.987549 0.157084 107.346786 0.547176 -0.136029 0.825890 -2.998510 0.000000 0.000000 0.000000 1.000000
0.820371 0.083992 -0.565629 -4.230801 0.007034 0.987597 0.156854 107.537453 0.571788 -0.132658 0.809605 -3.068642 0.000000 0.000000 0.000000 1.000000
0.804332 0.089163 -0.587453 -4.147699 0.003884 0.987867 0.155256 107.464661 0.594168 -0.127160 0.794226 -3.071881 0.000000 0.000000 0.000000 1.000000
0.793047 0.092902 -0.602035 -3.943793 0.001012 0.988100 0.153809 107.381844 0.609160 -0.122587 0.783516 -3.016915 0.000000 0.000000 0.000000 1.000000
0.785038 0.095681 -0.612014 -3.712279 -0.001463 0.988282 0.152629 107.403976 0.619446 -0.118924 0.775979 -2.897348 0.000000 0.000000 0.000000 1.000000
0.777877 0.098468 -0.620654 -3.499262 -0.004404 0.988478 0.151304 107.457245 0.628401 -0.114962 0.769347 -2.611326 0.000000 0.000000 0.000000 1.000000
0.771562 0.101196 -0.628054 -3.335540 -0.007718 0.988683 0.149822 107.535606 0.636108 -0.110749 0.763611 -2.175461 0.000000 0.000000 0.000000 1.000000
0.766127 0.103600 -0.634284 -3.209522 -0.011043 0.988898 0.148182 107.636322 0.642594 -0.106522 0.758766 -1.797039 0.000000 0.000000 0.000000 1.000000
0.761617 0.105731 -0.639344 -3.109680 -0.014431 0.989123 0.146384 107.749855 0.647867 -0.102262 0.754858 -1.442355 0.000000 0.000000 0.000000 1.000000
0.758071 0.107652 -0.643226 -3.025609 -0.017952 0.989353 0.144424 107.867104 0.651925 -0.097936 0.751932 -1.084675 0.000000 0.000000 0.000000 1.000000
0.755523 0.109394 -0.645924 -2.952600 -0.021628 0.989587 0.142299 107.974823 0.654764 -0.093540 0.750022 -0.732002 0.000000 0.000000 0.000000 1.000000
0.754000 0.110836 -0.647456 -2.896260 -0.025280 0.989828 0.140006 108.067467 0.656388 -0.089197 0.749132 -0.396892 0.000000 0.000000 0.000000 1.000000
0.753520 0.111878 -0.647836 -2.862035 -0.028749 0.990079 0.137542 108.140999 0.656796 -0.085016 0.749260 -0.091105 0.000000 0.000000 0.000000 1.000000
0.754103 0.112497 -0.647049 -2.853877 -0.031985 0.990342 0.134906 108.198639 0.655976 -0.081037 0.750419 0.176031 0.000000 0.000000 0.000000 1.000000
0.755766 0.112778 -0.645057 -2.841894 -0.035080 0.990616 0.132093 108.239006 0.653901 -0.077203 0.752631 0.399128 0.000000 0.000000 0.000000 1.000000
0.758512 0.112659 -0.641846 -2.827845 -0.037929 0.990905 0.129104 108.268074 0.650554 -0.073582 0.755887 0.567712 0.000000 0.000000 0.000000 1.000000
0.762340 0.112102 -0.637394 -2.800772 -0.040460 0.991213 0.125939 108.284988 0.645911 -0.070220 0.760177 0.672266 0.000000 0.000000 0.000000 1.000000
0.767242 0.111080 -0.631665 -2.744713 -0.042617 0.991541 0.122600 108.286018 0.639940 -0.067144 0.765485 0.703925 0.000000 0.000000 0.000000 1.000000
0.773433 0.109593 -0.624332 -2.626074 -0.044480 0.991896 0.119011 108.272484 0.632315 -0.064277 0.772040 0.667159 0.000000 0.000000 0.000000 1.000000
0.784663 0.107487 -0.610534 -2.430215 -0.047432 0.992376 0.113752 108.149399 0.618106 -0.060298 0.783779 0.588905 0.000000 0.000000 0.000000 1.000000
0.798515 0.104059 -0.592913 -2.341488 -0.049244 0.992937 0.107945 107.802170 0.599958 -0.056998 0.797999 0.481450 0.000000 0.000000 0.000000 1.000000
0.807228 0.099341 -0.581819 -2.341606 -0.046213 0.993346 0.105488 107.544914 0.588427 -0.058265 0.806448 0.365981 0.000000 0.000000 0.000000 1.000000
0.804090 0.091146 -0.587479 -2.374056 -0.034928 0.993713 0.106365 107.570847 0.593480 -0.065008 0.802219 0.268860 0.000000 0.000000 0.000000 1.000000
0.790542 0.082787 -0.606787 -2.357448 -0.024813 0.994337 0.103336 107.699661 0.611906 -0.066635 0.788119 0.252349 0.000000 0.000000 0.000000 1.000000
0.774559 0.075693 -0.627956 -2.305084 -0.019657 0.995215 0.095717 107.581100 0.632196 -0.061794 0.772340 0.293070 0.000000 0.000000 0.000000 1.000000
0.764145 0.071622 -0.641056 -2.269694 -0.020279 0.995993 0.087104 106.752151 0.644726 -0.053560 0.762535 0.353699 0.000000 0.000000 0.000000 1.000000
0.757885 0.070628 -0.648553 -2.290485 -0.020705 0.996226 0.084295 105.641594 0.652059 -0.050458 0.756487 0.385598 0.000000 0.000000 0.000000 1.000000
0.753646 0.069580 -0.653587 -2.380650 -0.020992 0.996422 0.081872 104.870430 0.656945 -0.047982 0.752410 0.418733 0.000000 0.000000 0.000000 1.000000
0.751238 0.068474 -0.656470 -2.524514 -0.021031 0.996582 0.079882 104.218422 0.659696 -0.046205 0.750111 0.443123 0.000000 0.000000 0.000000 1.000000
0.750463 0.067341 -0.657473 -2.706658 -0.020875 0.996714 0.078260 103.814987 0.660583 -0.045006 0.749403 0.456618 0.000000 0.000000 0.000000 1.000000
0.751090 0.066139 -0.656879 -2.912459 -0.020490 0.996825 0.076939 103.617966 0.659882 -0.044329 0.750060 0.453297 0.000000 0.000000 0.000000 1.000000
0.752887 0.064847 -0.654948 -3.126986 -0.019878 0.996921 0.075856 103.536919 0.657850 -0.044092 0.751857 0.427486 0.000000 0.000000 0.000000 1.000000
0.755607 0.063415 -0.651948 -3.336140 -0.019008 0.997006 0.074949 103.566040 0.654749 -0.044240 0.754550 0.373891 0.000000 0.000000 0.000000 1.000000
0.759008 0.061860 -0.648136 -3.524199 -0.017942 0.997085 0.074154 103.683556 0.650834 -0.044655 0.757906 0.300217 0.000000 0.000000 0.000000 1.000000</float_array><technique_common><accessor source="#Hips-Matrix-animation-output-transform-array" count="51" stride="16"><param type="float4x4"/></accessor></technique_common></source><source id="Hips-Interpolations"><Name_array id="Hips-Interpolations-array" count="51">
 LINEAR LINEAR LINEAR LINEAR LINEAR LINEAR LINEAR LINEAR LINEAR LINEAR LINEAR
LINEAR LINEAR LINEAR LINEAR LINEAR LINEAR LINEAR LINEAR LINEAR LINEAR LINEAR LINEAR
LINEAR LINEAR LINEAR LINEAR LINEAR LINEAR LINEAR LINEAR LINEAR LINEAR LINEAR LINEAR
LINEAR LINEAR LINEAR LINEAR LINEAR LINEAR LINEAR LINEAR LINEAR LINEAR LINEAR LINEAR
LINEAR LINEAR LINEAR LINEAR</Name_array><technique_common><accessor source="#Hips-Interpolations-array" count="51"><param type="name"/></accessor></technique_common></source><sampler id="Hips-Matrix-animation-transform"><input semantic="INPUT" source="#Hips-Matrix-animation-input"/><input semantic="OUTPUT" source="#Hips-Matrix-animation-output-transform"/><input semantic="INTERPOLATION" source="#Hips-Interpolations"/></sampler><channel source="#Hips-Matrix-animation-transform" target="Hips/matrix"/></animation>
    <animation id="Spine-anim" name="Spine"><source id="Spine-Matrix-animation-input"><float_array id="Spine-Matrix-animation-input-array" count="51">

0.000000 0.033333 0.066667 0.100000 0.133333 0.166667 0.200000 0.233333 0.266667 0.300000 0.333333 0.366667 0.400000 0.433333 0.466667 0.500000
0.533333 0.566667 0.600000 0.633333 0.666667 0.700000 0.733333 0.766667 0.800000 0.833333 0.866667 0.900000 0.933333 0.966667 1.000000 1.033333
1.066667 1.100000 1.133333 1.166667 1.200000 1.233333 1.266667 1.300000 1.333333 1.366667 1.400000 1.433333 1.466667 1.500000 1.533333 1.566667
1.600000 1.633333 1.666667</float_array><technique_common><accessor source="#Spine-Matrix-animation-input-array" count="51"><param name="TIME" type="float"/></accessor></technique_common></source><source id="Spine-Matrix-animation-output-transform"><float_array id="Spine-Matrix-animation-output-transform-array" count="816">

0.999907 0.013039 -0.004010 -0.000000 -0.013056 0.999906 -0.004267 13.214800 0.003954 0.004319 0.999983 0.000000 0.000000 0.000000 0.000000 1.000000
0.999919 0.012248 -0.003583 -0.000000 -0.012276 0.999895 -0.007690 13.214800 0.003489 0.007733 0.999964 0.000000 0.000000 0.000000 0.000000 1.000000
0.999937 0.010509 -0.003821 0.000000 -0.010567 0.999825 -0.015418 13.214800 0.003659 0.015457 0.999874 0.000000 0.000000 0.000000 0.000000 1.000000
0.999964 0.005389 -0.006605 0.000000 -0.005557 0.999654 -0.025717 13.214800 0.006464 0.025752 0.999647 0.000000 0.000000 0.000000 0.000000 1.000000
0.999917 -0.005718 -0.011511 0.000000 0.005279 0.999272 -0.037783 13.214800 0.011719 0.037719 0.999220 0.000000 0.000000 0.000000 0.000000 1.000000
0.999683 -0.020513 -0.014609 0.000000 0.019766 0.998576 -0.049558 13.214800 0.015605 0.049253 0.998664 0.000000 0.000000 0.000000 0.000000 1.000000
0.999413 -0.031700 -0.012966 -0.000000 0.030898 0.997842 -0.057944 13.214800 0.014775 0.057510 0.998236 -0.000000 0.000000 0.000000 0.000000 1.000000
0.999284 -0.037165 -0.007045 0.000000 0.036654 0.997375 -0.062446 13.214800 0.009347 0.062144 0.998023 0.000000 0.000000 0.000000 0.000000 1.000000
0.999127 -0.041707 0.002360 0.000000 0.041774 0.997309 -0.060243 13.214800 0.000159 0.060289 0.998181 0.000000 0.000000 0.000000 0.000000 1.000000
0.998617 -0.049455 0.017822 0.000000 0.050156 0.997887 -0.041305 13.214800 -0.015742 0.042142 0.998988 0.000000 0.000000 0.000000 0.000000 1.000000
0.997699 -0.057252 0.036306 0.000000 0.057594 0.998304 -0.008458 13.214800 -0.035760 0.010530 0.999305 0.000000 0.000000 0.000000 0.000000 1.000000
0.997045 -0.059445 0.048660 0.000000 0.058641 0.998121 0.017794 13.214800 -0.049627 -0.014888 0.998657 0.000000 0.000000 0.000000 0.000000 1.000000
0.996922 -0.057364 0.053434 0.000000 0.055399 0.997757 0.037564 13.214800 -0.055469 -0.034488 0.997865 0.000000 0.000000 0.000000 0.000000 1.000000
0.997032 -0.052979 0.055863 0.000000 0.049906 0.997236 0.055038 13.214800 -0.058624 -0.052087 0.996920 -0.000000 0.000000 0.000000 0.000000 1.000000
0.997274 -0.047105 0.056794 0.000000 0.042955 0.996465 0.072193 13.214800 -0.059994 -0.069556 0.995772 0.000000 0.000000 0.000000 0.000000 1.000000
0.997541 -0.042403 0.055794 0.000000 0.037353 0.995364 0.088629 13.214800 -0.059294 -0.086327 0.994501 0.000000 0.000000 0.000000 0.000000 1.000000
0.997880 -0.037562 0.053146 0.000000 0.031898 0.994100 0.103675 13.214800 -0.056727 -0.101760 0.993190 -0.000000 0.000000 0.000000 0.000000 1.000000
0.998154 -0.035901 0.048997 0.000000 0.029969 0.992699 0.116833 13.214800 -0.052834 -0.115148 0.991942 -0.000000 0.000000 0.000000 0.000000 1.000000
0.998406 -0.037156 0.042478 0.000000 0.031474 0.991352 0.127399 13.214800 -0.046845 -0.125859 0.990941 0.000000 0.000000 0.000000 0.000000 1.000000
0.998699 -0.039461 0.032299 0.000000 0.034777 0.990294 0.134569 13.214800 -0.037296 -0.133270 0.990378 0.000000 0.000000 0.000000 0.000000 1.000000
0.998875 -0.040847 0.024096 0.000000 0.037120 0.989620 0.138830 13.214800 -0.029517 -0.137779 0.990023 0.000000 0.000000 0.000000 0.000000 1.000000
0.999013 -0.038568 0.022056 0.000000 0.035082 0.989379 0.141062 13.214800 -0.027262 -0.140149 0.989755 -0.000000 0.000000 0.000000 0.000000 1.000000
0.999007 -0.037443 0.024138 0.000000 0.033652 0.989316 0.141848 13.214800 -0.029191 -0.140895 0.989594 0.000000 0.000000 0.000000 0.000000 1.000000
0.998889 -0.038906 0.026605 0.000000 0.034793 0.989449 0.140640 13.214800 -0.031796 -0.139558 0.989703 0.000000 0.000000 0.000000 0.000000 1.000000
0.998799 -0.039379 0.029159 0.000000 0.035021 0.989911 0.137291 13.214800 -0.034271 -0.136105 0.990101 0.000000 0.000000 0.000000 0.000000 1.000000
0.998732 -0.039284 0.031473 0.000000 0.034798 0.990610 0.132215 13.214800 -0.036371 -0.130952 0.990721 -0.000000 0.000000 0.000000 0.000000 1.000000
0.998660 -0.039441 0.033498 -0.000000 0.034934 0.991434 0.125847 13.214800 -0.038175 -0.124508 0.991484 0.000000 0.000000 0.000000 0.000000 1.000000
0.998604 -0.039147 0.035459 0.000000 0.034692 0.992341 0.118555 13.214800 -0.039828 -0.117159 0.992314 0.000000 0.000000 0.000000 0.000000 1.000000
0.998557 -0.038550 0.037386 -0.000000 0.034232 0.993345 0.109976 13.214800 -0.041377 -0.108537 0.993231 0.000000 0.000000 0.000000 0.000000 1.000000
0.998501 -0.038039 0.039346 0.000000 0.033941 0.994404 0.100042 13.214800 -0.042932 -0.098556 0.994205 0.000000 0.000000 0.000000 0.000000 1.000000
0.998449 -0.037107 0.041510 -0.000000 0.033283 0.995447 0.089314 13.214800 -0.044635 -0.087794 0.995138 0.000000 0.000000 0.000000 0.000000 1.000000
0.998425 -0.035198 0.043679 0.000000 0.031686 0.996400 0.078638 13.214800 -0.046289 -0.077130 0.995946 -0.000000 0.000000 0.000000 0.000000 1.000000
0.998379 -0.032937 0.046407 0.000000 0.029712 0.997206 0.068534 13.214800 -0.048535 -0.067044 0.996569 0.000000 0.000000 0.000000 0.000000 1.000000
0.998250 -0.031667 0.049936 0.000000 0.028697 0.997839 0.059103 13.214800 -0.051700 -0.057566 0.997002 -0.000000 0.000000 0.000000 0.000000 1.000000
0.998056 -0.031667 0.053684 0.000000 0.028979 0.998322 0.050129 13.214800 -0.055182 -0.048476 0.997299 0.000000 0.000000 0.000000 0.000000 1.000000
0.997750 -0.033013 0.058349 0.000000 0.030619 0.998671 0.041447 13.214800 -0.059640 -0.039567 0.997435 0.000000 0.000000 0.000000 0.000000 1.000000
0.997164 -0.036961 0.065557 0.000000 0.034811 0.998828 0.033635 13.214800 -0.066724 -0.031258 0.997282 -0.000000 0.000000 0.000000 0.000000 1.000000
0.996405 -0.039871 0.074755 0.000000 0.037912 0.998904 0.027442 13.214800 -0.075768 -0.024509 0.996824 -0.000000 0.000000 0.000000 0.000000 1.000000
0.995433 -0.040351 0.086514 0.000000 0.038588 0.999014 0.021961 13.214800 -0.087315 -0.018523 0.996009 0.000000 0.000000 0.000000 0.000000 1.000000
0.995219 -0.036958 0.090408 0.000000 0.035256 0.999171 0.020355 13.214800 -0.091086 -0.017070 0.995697 0.000000 0.000000 0.000000 0.000000 1.000000
0.995682 -0.036658 0.085289 0.000000 0.035018 0.999173 0.020645 13.214800 -0.085976 -0.017569 0.996142 -0.000000 0.000000 0.000000 0.000000 1.000000
0.996751 -0.037065 0.071503 -0.000000 0.035654 0.999145 0.020909 13.214800 -0.072217 -0.018292 0.997221 0.000000 0.000000 0.000000 0.000000 1.000000
0.998197 -0.028566 0.052795 -0.000000 0.027686 0.999467 0.017322 13.214800 -0.053262 -0.015830 0.998455 0.000000 0.000000 0.000000 0.000000 1.000000
0.999216 -0.015870 0.036267 0.000000 0.015518 0.999830 0.009976 13.214800 -0.036419 -0.009406 0.999292 0.000000 0.000000 0.000000 0.000000 1.000000
0.999616 -0.007304 0.026733 -0.000000 0.007215 0.999968 0.003412 13.214800 -0.026757 -0.003217 0.999637 0.000000 0.000000 0.000000 0.000000 1.000000
0.999804 -0.002721 0.019585 0.000000 0.002752 0.999995 -0.001546 13.214800 -0.019580 0.001599 0.999807 -0.000000 0.000000 0.000000 0.000000 1.000000
0.999871 0.000229 0.016059 0.000000 -0.000151 0.999988 -0.004863 13.214800 -0.016060 0.004859 0.999859 -0.000000 0.000000 0.000000 0.000000 1.000000
0.999907 0.002284 0.013470 0.000000 -0.002190 0.999973 -0.007049 13.214800 -0.013485 0.007019 0.999884 0.000000 0.000000 0.000000 0.000000 1.000000
0.999931 0.003304 0.011243 -0.000000 -0.003208 0.999959 -0.008514 13.214800 -0.011270 0.008477 0.999901 0.000000 0.000000 0.000000 0.000000 1.000000
0.999951 0.003455 0.009283 0.000000 -0.003366 0.999948 -0.009599 13.214800 -0.009316 0.009567 0.999911 0.000000 0.000000 0.000000 0.000000 1.000000
0.999966 0.002741 0.007770 0.000000 -0.002658 0.999940 -0.010596 13.214800 -0.007799 0.010575 0.999914 0.000000 0.000000 0.000000 0.000000 1.000000</float_array><technique_common><accessor source="#Spine-Matrix-animation-output-transform-array" count="51" stride="16"><param type="float4x4"/></accessor></technique_common></source><source id="Spine-Interpolations"><Name_array id="Spine-Interpolations-array" count="51">
 LINEAR LINEAR LINEAR LINEAR LINEAR LINEAR LINEAR LINEAR LINEAR LINEAR LINEAR
LINEAR LINEAR LINEAR LINEAR LINEAR LINEAR LINEAR LINEAR LINEAR LINEAR LINEAR LINEAR
LINEAR LINEAR LINEAR LINEAR LINEAR LINEAR LINEAR LINEAR LINEAR LINEAR LINEAR LINEAR
LINEAR LINEAR LINEAR LINEAR LINEAR LINEAR LINEAR LINEAR LINEAR LINEAR LINEAR LINEAR
LINEAR LINEAR LINEAR LINEAR</Name_array><technique_common><accessor source="#Spine-Interpolations-array" count="51"><param type="name"/></accessor></technique_common></source><sampler id="Spine-Matrix-animation-transform"><input semantic="INPUT" source="#Spine-Matrix-animation-input"/><input semantic="OUTPUT" source="#Spine-Matrix-animation-output-transform"/><input semantic="INTERPOLATION" source="#Spine-Interpolations"/></sampler><channel source="#Spine-Matrix-animation-transform" target="Spine/matrix"/></animation>
    <animation id="Spine1-anim" name="Spine1"><source id="Spine1-Matrix-animation-input"><float_array id="Spine1-Matrix-animation-input-array" count="51">

0.000000 0.033333 0.066667 0.100000 0.133333 0.166667 0.200000 0.233333 0.266667 0.300000 0.333333 0.366667 0.400000 0.433333 0.466667 0.500000
0.533333 0.566667 0.600000 0.633333 0.666667 0.700000 0.733333 0.766667 0.800000 0.833333 0.866667 0.900000 0.933333 0.966667 1.000000 1.033333
1.066667 1.100000 1.133333 1.166667 1.200000 1.233333 1.266667 1.300000 1.333333 1.366667 1.400000 1.433333 1.466667 1.500000 1.533333 1.566667
1.600000 1.633333 1.666667</float_array><technique_common><accessor source="#Spine1-Matrix-animation-input-array" count="51"><param name="TIME" type="float"/></accessor></technique_common></source><source id="Spine1-Matrix-animation-output-transform"><float_array id="Spine1-Matrix-animation-output-transform-array" count="816">

0.999816 0.015752 -0.010956 -0.007800 -0.017470 0.983456 -0.180303 9.224200 0.007935 0.180461 0.983550 0.000000 0.000000 0.000000 0.000000 1.000000
0.999845 0.014536 -0.009954 -0.007800 -0.016105 0.983179 -0.181932 9.224200 0.007142 0.182064 0.983261 0.000000 0.000000 0.000000 0.000000 1.000000
0.999865 0.013330 -0.009619 -0.007800 -0.014914 0.981703 -0.189834 9.224200 0.006913 0.189952 0.981769 0.000000 0.000000 0.000000 0.000000 1.000000
0.999879 0.008808 -0.012810 -0.007800 -0.011211 0.979398 -0.201627 9.224200 0.010770 0.201746 0.979379 -0.000000 0.000000 0.000000 0.000000 1.000000
0.999829 -0.002522 -0.018344 -0.007800 -0.001508 0.976296 -0.216436 9.224200 0.018455 0.216427 0.976124 -0.000000 0.000000 0.000000 0.000000 1.000000
0.999678 -0.016439 -0.019339 -0.007800 0.011501 0.972595 -0.232222 9.224200 0.022627 0.231925 0.972471 0.000000 0.000000 0.000000 0.000000 1.000000
0.999624 -0.024790 -0.011715 -0.007800 0.021172 0.969365 -0.244710 9.224200 0.017423 0.244370 0.969526 0.000000 0.000000 0.000000 0.000000 1.000000
0.999650 -0.026344 0.002264 -0.007800 0.026058 0.967026 -0.253342 9.224200 0.004485 0.253313 0.967374 0.000000 0.000000 0.000000 0.000000 1.000000
0.999449 -0.025565 0.021171 -0.007800 0.030181 0.965405 -0.259003 9.224200 -0.013817 0.259499 0.965645 0.000000 0.000000 0.000000 0.000000 1.000000
0.998345 -0.021908 0.053164 -0.007800 0.034790 0.966282 -0.255123 9.224200 -0.045782 0.256551 0.965446 0.000000 0.000000 0.000000 0.000000 1.000000
0.995544 -0.013215 0.093368 -0.007800 0.035593 0.969550 -0.242292 9.224200 -0.087323 0.244535 0.965700 0.000000 0.000000 0.000000 0.000000 1.000000
0.992735 -0.007029 0.120119 -0.007800 0.034253 0.973497 -0.226119 9.224200 -0.115346 0.228591 0.966665 0.000000 0.000000 0.000000 0.000000 1.000000
0.991595 -0.005893 0.129243 -0.007800 0.032925 0.977567 -0.208033 9.224200 -0.125118 0.210540 0.969545 -0.000000 0.000000 0.000000 0.000000 1.000000
0.991286 -0.006374 0.131575 -0.007800 0.031270 0.981666 -0.188029 9.224200 -0.127964 0.190505 0.973310 -0.000000 0.000000 0.000000 0.000000 1.000000
0.991314 -0.006242 0.131368 -0.007800 0.028306 0.985590 -0.166765 9.224200 -0.128434 0.169035 0.977206 0.000000 0.000000 0.000000 0.000000 1.000000
0.991620 -0.004287 0.129119 -0.007800 0.023108 0.989216 -0.144628 9.224200 -0.127107 0.146400 0.981026 0.000000 0.000000 0.000000 0.000000 1.000000
0.992252 0.000503 0.124237 -0.007800 0.014944 0.992248 -0.123371 9.224200 -0.123336 0.124272 0.984553 0.000000 0.000000 0.000000 0.000000 1.000000
0.993095 0.002828 0.117277 -0.007800 0.009320 0.994647 -0.102909 9.224200 -0.116940 0.103291 0.987753 -0.000000 0.000000 0.000000 0.000000 1.000000
0.994465 -0.000435 0.105068 -0.007800 0.009463 0.996298 -0.085440 9.224200 -0.104641 0.085962 0.990788 0.000000 0.000000 0.000000 0.000000 1.000000
0.996403 -0.005999 0.084526 -0.007800 0.012402 0.997074 -0.075430 9.224200 -0.083827 0.076207 0.993562 0.000000 0.000000 0.000000 0.000000 1.000000
0.997644 -0.008315 0.068103 -0.007800 0.013300 0.997239 -0.073063 9.224200 -0.067307 0.073797 0.994999 0.000000 0.000000 0.000000 0.000000 1.000000
0.997963 -0.006495 0.063461 -0.007800 0.011136 0.997267 -0.073045 9.224200 -0.062813 0.073602 0.995308 0.000000 0.000000 0.000000 0.000000 1.000000
0.997702 -0.005666 0.067514 -0.007800 0.010663 0.997210 -0.073884 9.224200 -0.066907 0.074434 0.994979 -0.000000 0.000000 0.000000 0.000000 1.000000
0.997311 -0.007672 0.072887 -0.007800 0.013261 0.996981 -0.076508 9.224200 -0.072080 0.077269 0.994401 0.000000 0.000000 0.000000 0.000000 1.000000
0.996899 -0.009154 0.078154 -0.007800 0.015522 0.996571 -0.081270 9.224200 -0.077142 0.082231 0.993623 0.000000 0.000000 0.000000 0.000000 1.000000
0.996477 -0.009730 0.083296 -0.007800 0.017092 0.995962 -0.088133 9.224200 -0.082102 0.089246 0.992620 -0.000000 0.000000 0.000000 0.000000 1.000000
0.996039 -0.010576 0.088289 -0.007800 0.019143 0.995124 -0.096759 9.224200 -0.086835 0.098066 0.991384 -0.000000 0.000000 0.000000 0.000000 1.000000
0.995593 -0.012071 0.092998 -0.007800 0.022032 0.994032 -0.106843 9.224200 -0.091153 0.108421 0.989917 0.000000 0.000000 0.000000 0.000000 1.000000
0.995156 -0.013629 0.097357 -0.007800 0.025150 0.992682 -0.118107 9.224200 -0.095034 0.119984 0.988217 0.000000 0.000000 0.000000 0.000000 1.000000
0.994732 -0.014851 0.101425 -0.007800 0.028075 0.991087 -0.130228 9.224200 -0.098587 0.132389 0.986283 0.000000 0.000000 0.000000 0.000000 1.000000
0.994312 -0.016140 0.105278 -0.007800 0.031179 0.989259 -0.142807 9.224200 -0.101843 0.145277 0.984135 -0.000000 0.000000 0.000000 0.000000 1.000000
0.993911 -0.017489 0.108788 -0.007800 0.034391 0.987238 -0.155492 9.224200 -0.104681 0.158287 0.981829 -0.000000 0.000000 0.000000 0.000000 1.000000
0.993412 -0.017769 0.113209 -0.007800 0.036725 0.985165 -0.167634 9.224200 -0.108551 0.170687 0.979328 0.000000 0.000000 0.000000 0.000000 1.000000
0.992808 -0.016628 0.118554 -0.007800 0.037861 0.983089 -0.179172 9.224200 -0.113570 0.182372 0.976649 0.000000 0.000000 0.000000 0.000000 1.000000
0.992216 -0.014372 0.123693 -0.007800 0.037898 0.981050 -0.190011 9.224200 -0.118618 0.193219 0.973959 0.000000 0.000000 0.000000 0.000000 1.000000
0.991390 -0.010734 0.130500 -0.007800 0.036854 0.979219 -0.199431 9.224200 -0.125647 0.202523 0.971183 0.000000 0.000000 0.000000 0.000000 1.000000
0.989548 -0.006383 0.144066 -0.007800 0.036433 0.977677 -0.206932 9.224200 -0.139529 0.210018 0.967690 -0.000000 0.000000 0.000000 0.000000 1.000000
0.986701 -0.001306 0.162539 -0.007800 0.036260 0.976538 -0.212271 9.224200 -0.158448 0.215341 0.963599 -0.000000 0.000000 0.000000 0.000000 1.000000
0.982767 0.005006 0.184778 -0.007800 0.035679 0.975698 -0.216196 9.224200 -0.181370 0.219063 0.958705 -0.000000 0.000000 0.000000 0.000000 1.000000
0.981648 0.009189 0.190482 -0.007800 0.033368 0.975153 -0.219004 9.224200 -0.187762 0.221340 0.956950 -0.000000 0.000000 0.000000 0.000000 1.000000
0.983637 0.008458 0.179965 -0.007800 0.031774 0.975096 -0.219497 9.224200 -0.177339 0.221623 0.958871 0.000000 0.000000 0.000000 0.000000 1.000000
0.988425 0.001800 0.151697 -0.007800 0.031831 0.975210 -0.218978 9.224200 -0.148331 0.221272 0.963865 0.000000 0.000000 0.000000 0.000000 1.000000
0.993964 -0.006199 0.109533 -0.007800 0.030219 0.975251 -0.219027 9.224200 -0.105465 0.221015 0.969551 -0.000000 0.000000 0.000000 0.000000 1.000000
0.997263 -0.008239 0.073469 -0.007800 0.024088 0.975753 -0.217547 9.224200 -0.069895 0.218721 0.973281 0.000000 0.000000 0.000000 0.000000 1.000000
0.998327 -0.003026 0.057747 -0.007800 0.015821 0.974819 -0.222436 9.224200 -0.055619 0.222977 0.973236 0.000000 0.000000 0.000000 0.000000 1.000000
0.998860 0.001367 0.047727 -0.007800 0.009734 0.972768 -0.231577 9.224200 -0.046743 0.231778 0.971645 0.000000 0.000000 0.000000 0.000000 1.000000
0.999197 0.002381 0.039986 -0.007800 0.007418 0.969962 -0.243144 9.224200 -0.039364 0.243246 0.969166 0.000000 0.000000 0.000000 0.000000 1.000000
0.999433 0.002907 0.033533 -0.007800 0.005876 0.965895 -0.258868 9.224200 -0.033142 0.258919 0.965330 0.000000 0.000000 0.000000 0.000000 1.000000
0.999599 0.002816 0.028185 -0.007800 0.004983 0.962041 -0.272861 9.224200 -0.027883 0.272892 0.961641 0.000000 0.000000 0.000000 0.000000 1.000000
0.999714 0.001612 0.023841 -0.007800 0.005078 0.960598 -0.277896 9.224200 -0.023349 0.277937 0.960315 0.000000 0.000000 0.000000 0.000000 1.000000
0.999783 -0.000084 0.020820 -0.007800 0.005892 0.960251 -0.279075 9.224200 -0.019969 0.279137 0.960044 0.000000 0.000000 0.000000 0.000000 1.000000</float_array><technique_common><accessor source="#Spine1-Matrix-animation-output-transform-array" count="51" stride="16"><param type="float4x4"/></accessor></technique_common></source><source id="Spine1-Interpolations"><Name_array id="Spine1-Interpolations-array" count="51">
 LINEAR LINEAR LINEAR LINEAR LINEAR LINEAR LINEAR LINEAR LINEAR LINEAR LINEAR
LINEAR LINEAR LINEAR LINEAR LINEAR LINEAR LINEAR LINEAR LINEAR LINEAR LINEAR LINEAR
LINEAR LINEAR LINEAR LINEAR LINEAR LINEAR LINEAR LINEAR LINEAR LINEAR LINEAR LINEAR
LINEAR LINEAR LINEAR LINEAR LINEAR LINEAR LINEAR LINEAR LINEAR LINEAR LINEAR LINEAR
LINEAR LINEAR LINEAR LINEAR</Name_array><technique_common><accessor source="#Spine1-Interpolations-array" count="51"><param type="name"/></accessor></technique_common></source><sampler id="Spine1-Matrix-animation-transform"><input semantic="INPUT" source="#Spine1-Matrix-animation-input"/><input semantic="OUTPUT" source="#Spine1-Matrix-animation-output-transform"/><input semantic="INTERPOLATION" source="#Spine1-Interpolations"/></sampler><channel source="#Spine1-Matrix-animation-transform" target="Spine1/matrix"/></animation>
    <animation id="Spine2-anim" name="Spine2"><source id="Spine2-Matrix-animation-input"><float_array id="Spine2-Matrix-animation-input-array" count="51">

0.000000 0.033333 0.066667 0.100000 0.133333 0.166667 0.200000 0.233333 0.266667 0.300000 0.333333 0.366667 0.400000 0.433333 0.466667 0.500000
0.533333 0.566667 0.600000 0.633333 0.666667 0.700000 0.733333 0.766667 0.800000 0.833333 0.866667 0.900000 0.933333 0.966667 1.000000 1.033333
1.066667 1.100000 1.133333 1.166667 1.200000 1.233333 1.266667 1.300000 1.333333 1.366667 1.400000 1.433333 1.466667 1.500000 1.533333 1.566667
1.600000 1.633333 1.666667</float_array><technique_common><accessor source="#Spine2-Matrix-animation-input-array" count="51"><param name="TIME" type="float"/></accessor></technique_common></source><source id="Spine2-Matrix-animation-output-transform"><float_array id="Spine2-Matrix-animation-output-transform-array" count="816">

0.999836 0.012432 -0.013160 -0.005300 -0.016381 0.930748 -0.365293 11.063000 0.007708 0.365449 0.930800 0.000000 0.000000 0.000000 0.000000 1.000000
0.999861 0.011556 -0.012024 -0.005300 -0.015144 0.931110 -0.364425 11.063000 0.006984 0.364556 0.931155 -0.000000 0.000000 0.000000 0.000000 1.000000
0.999875 0.010835 -0.011486 -0.005300 -0.014324 0.928477 -0.371114 11.063000 0.006643 0.371232 0.928516 -0.000000 0.000000 0.000000 0.000000 1.000000
0.999880 0.006755 -0.013945 -0.005300 -0.011581 0.923687 -0.382974 11.063000 0.010294 0.383089 0.923654 0.000000 0.000000 0.000000 0.000000 1.000000
0.999837 -0.004124 -0.017566 -0.005300 -0.003230 0.916908 -0.399086 11.063000 0.017752 0.399078 0.916745 0.000000 0.000000 0.000000 0.000000 1.000000
0.999729 -0.017121 -0.015788 -0.005300 0.008968 0.908644 -0.417476 11.063000 0.021493 0.417221 0.908551 0.000000 0.000000 0.000000 0.000000 1.000000
0.999692 -0.024128 -0.005829 -0.005300 0.019210 0.900744 -0.433925 11.063000 0.015720 0.433680 0.900930 0.000000 0.000000 0.000000 0.000000 1.000000
0.999659 -0.024287 0.009563 -0.005300 0.025998 0.893790 -0.447732 11.063000 0.002327 0.447829 0.894116 0.000000 0.000000 0.000000 0.000000 1.000000
0.999330 -0.021371 0.029696 -0.005300 0.032637 0.887530 -0.459592 11.063000 -0.016534 0.460254 0.887633 0.000000 0.000000 0.000000 0.000000 1.000000
0.998060 -0.010477 0.061371 -0.005300 0.037776 0.885467 -0.463164 11.063000 -0.049489 0.464584 0.884145 0.000000 0.000000 0.000000 0.000000 1.000000
0.995130 0.010277 0.098038 -0.005300 0.035900 0.888469 -0.457531 11.063000 -0.091806 0.458822 0.883773 0.000000 0.000000 0.000000 0.000000 1.000000
0.992242 0.025698 0.121638 -0.005300 0.031914 0.892966 -0.448991 11.063000 -0.120157 0.449389 0.885218 0.000000 0.000000 0.000000 0.000000 1.000000
0.991067 0.030516 0.129825 -0.005300 0.029811 0.898144 -0.438689 11.063000 -0.129989 0.438641 0.889211 0.000000 0.000000 0.000000 0.000000 1.000000
0.990729 0.030389 0.132414 -0.005300 0.028843 0.905391 -0.423598 11.063000 -0.132759 0.423490 0.896120 0.000000 0.000000 0.000000 0.000000 1.000000
0.990763 0.029140 0.132434 -0.005300 0.027016 0.914642 -0.403361 11.063000 -0.132884 0.403213 0.905407 0.000000 0.000000 0.000000 0.000000 1.000000
0.991108 0.028879 0.129889 -0.005300 0.022677 0.925225 -0.378740 11.063000 -0.131114 0.378317 0.916343 -0.000000 0.000000 0.000000 0.000000 1.000000
0.991780 0.031114 0.124111 -0.005300 0.014638 0.936025 -0.351628 11.063000 -0.127112 0.350554 0.927876 0.000000 0.000000 0.000000 0.000000 1.000000
0.992658 0.030794 0.116972 -0.005300 0.008610 0.946608 -0.322273 11.063000 -0.120651 0.320913 0.939392 0.000000 0.000000 0.000000 0.000000 1.000000
0.994081 0.023340 0.106102 -0.005300 0.008824 0.956078 -0.292981 11.063000 -0.108280 0.292183 0.950213 0.000000 0.000000 0.000000 0.000000 1.000000
0.996096 0.011475 0.087527 -0.005300 0.012456 0.963327 -0.268042 11.063000 -0.087393 0.268086 0.959423 0.000000 0.000000 0.000000 0.000000 1.000000
0.997396 0.004339 0.071983 -0.005300 0.013746 0.968448 -0.248836 11.063000 -0.070792 0.249178 0.965867 0.000000 0.000000 0.000000 0.000000 1.000000
0.997741 0.004720 0.067019 -0.005300 0.011272 0.971632 -0.236229 11.063000 -0.066233 0.236450 0.969384 0.000000 0.000000 0.000000 0.000000 1.000000
0.997463 0.005722 0.070960 -0.005300 0.010858 0.972875 -0.231075 11.063000 -0.070358 0.231259 0.970345 0.000000 0.000000 0.000000 0.000000 1.000000
0.997041 0.003041 0.076805 -0.005300 0.014667 0.973330 -0.228942 11.063000 -0.075453 0.229391 0.970405 0.000000 0.000000 0.000000 0.000000 1.000000
0.996615 0.000322 0.082209 -0.005300 0.018558 0.973299 -0.228791 11.063000 -0.080088 0.229542 0.969998 -0.000000 0.000000 0.000000 0.000000 1.000000
0.996202 -0.001383 0.087058 -0.005300 0.021492 0.972840 -0.230479 11.063000 -0.084375 0.231475 0.969175 0.000000 0.000000 0.000000 0.000000 1.000000
0.995771 -0.003307 0.091809 -0.005300 0.024772 0.972000 -0.233672 11.063000 -0.088465 0.234958 0.967971 -0.000000 0.000000 0.000000 0.000000 1.000000
0.995300 -0.006092 0.096646 -0.005300 0.029064 0.970802 -0.238117 11.063000 -0.092374 0.239806 0.966416 -0.000000 0.000000 0.000000 0.000000 1.000000
0.994806 -0.009176 0.101371 -0.005300 0.033766 0.969282 -0.243622 11.063000 -0.096021 0.245779 0.964558 -0.000000 0.000000 0.000000 0.000000 1.000000
0.994318 -0.012465 0.105714 -0.005300 0.038701 0.967489 -0.249935 11.063000 -0.099161 0.252606 0.962475 -0.000000 0.000000 0.000000 0.000000 1.000000
0.993833 -0.016585 0.109642 -0.005300 0.044434 0.965462 -0.256726 11.063000 -0.101598 0.260015 0.960245 0.000000 0.000000 0.000000 0.000000 1.000000
0.993354 -0.021232 0.113128 -0.005300 0.050625 0.963263 -0.263747 11.063000 -0.103372 0.267721 0.957935 0.000000 0.000000 0.000000 0.000000 1.000000
0.992771 -0.024824 0.117429 -0.005300 0.056036 0.961067 -0.270575 11.063000 -0.106141 0.275199 0.955510 0.000000 0.000000 0.000000 0.000000 1.000000
0.992065 -0.027021 0.122788 -0.005300 0.060427 0.958911 -0.277197 11.063000 -0.110252 0.282417 0.952935 0.000000 0.000000 0.000000 0.000000 1.000000
0.991340 -0.027943 0.128316 -0.005300 0.063667 0.956855 -0.283504 11.063000 -0.114858 0.289218 0.950348 0.000000 0.000000 0.000000 0.000000 1.000000
0.990418 -0.026599 0.135517 -0.005300 0.065182 0.955134 -0.288911 11.063000 -0.121752 0.294976 0.947716 0.000000 0.000000 0.000000 0.000000 1.000000
0.988607 -0.022001 0.148902 -0.005300 0.065338 0.953924 -0.292849 11.063000 -0.135598 0.299241 0.944493 0.000000 0.000000 0.000000 0.000000 1.000000
0.985926 -0.015001 0.166507 -0.005300 0.064313 0.953356 -0.294917 11.063000 -0.154317 0.301475 0.940903 0.000000 0.000000 0.000000 0.000000 1.000000
0.982165 -0.006927 0.187895 -0.005300 0.063253 0.953249 -0.295491 11.063000 -0.177064 0.302106 0.936686 -0.000000 0.000000 0.000000 0.000000 1.000000
0.981145 -0.003857 0.193235 -0.005300 0.061951 0.953324 -0.295525 11.063000 -0.183076 0.301924 0.935588 0.000000 0.000000 0.000000 0.000000 1.000000
0.983179 -0.005200 0.182571 -0.005300 0.059772 0.953712 -0.294721 11.063000 -0.172588 0.300676 0.937981 0.000000 0.000000 0.000000 0.000000 1.000000
0.988070 -0.011483 0.153578 -0.005300 0.056521 0.954667 -0.292260 11.063000 -0.143260 0.297453 0.943927 0.000000 0.000000 0.000000 0.000000 1.000000
0.993757 -0.019621 0.109827 -0.005300 0.050750 0.956170 -0.288381 11.063000 -0.099355 0.292154 0.951196 0.000000 0.000000 0.000000 0.000000 1.000000
0.997196 -0.020161 0.072065 -0.005300 0.039945 0.957754 -0.284800 11.063000 -0.063279 0.286880 0.955874 0.000000 0.000000 0.000000 0.000000 1.000000
0.998431 -0.011368 0.054827 -0.005300 0.026329 0.959489 -0.280514 11.063000 -0.049417 0.281517 0.958283 -0.000000 0.000000 0.000000 0.000000 1.000000
0.999007 -0.004684 0.044302 -0.005300 0.016716 0.961204 -0.275330 11.063000 -0.041294 0.275797 0.960328 -0.000000 0.000000 0.000000 0.000000 1.000000
0.999328 -0.002722 0.036548 -0.005300 0.012608 0.961903 -0.273101 11.063000 -0.034412 0.273378 0.961291 0.000000 0.000000 0.000000 0.000000 1.000000
0.999556 -0.001046 0.029769 -0.005300 0.009189 0.961465 -0.274775 11.063000 -0.028334 0.274927 0.961048 -0.000000 0.000000 0.000000 0.000000 1.000000
0.999707 -0.000059 0.024188 -0.005300 0.006837 0.959907 -0.280236 11.063000 -0.023201 0.280320 0.959626 0.000000 0.000000 0.000000 0.000000 1.000000
0.999800 -0.000011 0.019981 -0.005300 0.005859 0.956195 -0.292671 11.063000 -0.019103 0.292729 0.956004 0.000000 0.000000 0.000000 0.000000 1.000000
0.999849 -0.000518 0.017341 -0.005300 0.005754 0.952883 -0.303284 11.063000 -0.016367 0.303338 0.952743 -0.000000 0.000000 0.000000 0.000000 1.000000</float_array><technique_common><accessor source="#Spine2-Matrix-animation-output-transform-array" count="51" stride="16"><param type="float4x4"/></accessor></technique_common></source><source id="Spine2-Interpolations"><Name_array id="Spine2-Interpolations-array" count="51">
 LINEAR LINEAR LINEAR LINEAR LINEAR LINEAR LINEAR LINEAR LINEAR LINEAR LINEAR
LINEAR LINEAR LINEAR LINEAR LINEAR LINEAR LINEAR LINEAR LINEAR LINEAR LINEAR LINEAR
LINEAR LINEAR LINEAR LINEAR LINEAR LINEAR LINEAR LINEAR LINEAR LINEAR LINEAR LINEAR
LINEAR LINEAR LINEAR LINEAR LINEAR LINEAR LINEAR LINEAR LINEAR LINEAR LINEAR LINEAR
LINEAR LINEAR LINEAR LINEAR</Name_array><technique_common><accessor source="#Spine2-Interpolations-array" count="51"><param type="name"/></accessor></technique_common></source><sampler id="Spine2-Matrix-animation-transform"><input semantic="INPUT" source="#Spine2-Matrix-animation-input"/><input semantic="OUTPUT" source="#Spine2-Matrix-animation-output-transform"/><input semantic="INTERPOLATION" source="#Spine2-Interpolations"/></sampler><channel source="#Spine2-Matrix-animation-transform" target="Spine2/matrix"/></animation>
    <animation id="Neck-anim" name="Neck"><source id="Neck-Matrix-animation-input"><float_array id="Neck-Matrix-animation-input-array" count="51">

0.000000 0.033333 0.066667 0.100000 0.133333 0.166667 0.200000 0.233333 0.266667 0.300000 0.333333 0.366667 0.400000 0.433333 0.466667 0.500000
0.533333 0.566667 0.600000 0.633333 0.666667 0.700000 0.733333 0.766667 0.800000 0.833333 0.866667 0.900000 0.933333 0.966667 1.000000 1.033333
1.066667 1.100000 1.133333 1.166667 1.200000 1.233333 1.266667 1.300000 1.333333 1.366667 1.400000 1.433333 1.466667 1.500000 1.533333 1.566667
1.600000 1.633333 1.666667</float_array><technique_common><accessor source="#Neck-Matrix-animation-input-array" count="51"><param name="TIME" type="float"/></accessor></technique_common></source><source id="Neck-Matrix-animation-output-transform"><float_array id="Neck-Matrix-animation-output-transform-array" count="816">

