<?xml version="1.0" encoding="utf-8"?>
<COLLADA xmlns="http://www.collada.org/2005/11/COLLADASchema" version="1.4.1">
  <asset><contributor><author>Mixamo</author><authoring_tool>COLLADA Mixamo exporter</authoring_tool><comments></comments></contributor><created>2018-10-29T15:27:53Z</created><modified>2018-10-29T15:27:53Z</modified><revision></revision><title></title><unit meter="0.010000"/><up_axis>Y_UP</up_axis></asset>
  <library_animations>
    <animation id="Hips-anim" name="Hips"><source id="Hips-Matrix-animation-input"><float_array id="Hips-Matrix-animation-input-array" count="20">

0.000000 0.033333 0.066667 0.100000 0.133333 0.166667 0.200000 0.233333 0.266667 0.300000 0.333333 0.366667 0.400000 0.433333 0.466667 0.500000
0.533333 0.566667 0.600000 0.633333</float_array><technique_common><accessor source="#Hips-Matrix-animation-input-array" count="20"><param name="TIME" type="float"/></accessor></technique_common></source><source id="Hips-Matrix-animation-output-transform"><float_array id="Hips-Matrix-animation-output-transform-array" count="320">

0.999308 0.005292 0.036820 0.176408 -0.005230 0.999985 -0.001777 102.367622 -0.036829 0.001583 0.999320 -1.801377 0.000000 0.000000 0.000000 1.000000
0.998742 0.026548 0.042545 -0.513333 -0.027424 0.999421 0.020142 101.386627 -0.041986 -0.021283 0.998892 -0.131777 0.000000 0.000000 0.000000 1.000000
0.992256 0.034331 0.119374 -1.152048 -0.041070 0.997671 0.054460 102.135979 -0.117227 -0.058941 0.991355 1.555008 0.000000 0.000000 0.000000 1.000000
0.980732 0.040922 0.191023 -1.359709 -0.055312 0.995969 0.070615 103.713196 -0.187363 -0.079820 0.979042 2.037766 0.000000 0.000000 0.000000 1.000000
0.979471 0.052298 0.194682 -1.178635 -0.062602 0.996924 0.047153 105.858383 -0.191617 -0.058373 0.979732 1.748523 0.000000 0.000000 0.000000 1.000000
0.986430 0.062776 0.151705 -0.802859 -0.064173 0.997929 0.004329 107.720985 -0.151119 -0.014006 0.988416 2.027781 0.000000 0.000000 0.000000 1.000000
0.990801 0.074073 0.113251 -0.193448 -0.070170 0.996808 -0.038076 108.486649 -0.115709 0.029779 0.992837 1.186272 0.000000 0.000000 0.000000 1.000000
0.992492 0.083330 0.089531 0.704983 -0.078553 0.995357 -0.055622 108.266235 -0.093750 0.048171 0.994430 -0.406381 0.000000 0.000000 0.000000 1.000000
0.993894 0.081376 0.074520 1.556875 -0.078524 0.996091 -0.040447 105.218872 -0.077520 0.034349 0.996399 -0.679957 0.000000 0.000000 0.000000 1.000000
0.996913 0.055335 0.055704 2.297656 -0.055179 0.998467 -0.004338 101.781624 -0.055858 0.001251 0.998438 -1.022863 0.000000 0.000000 0.000000 1.000000
0.999611 0.017579 0.021657 2.951450 -0.017910 0.999725 0.015158 99.618156 -0.021384 -0.015540 0.999651 -0.913661 0.000000 0.000000 0.000000 1.000000
0.999901 -0.000931 -0.014036 3.460419 0.001333 0.999588 0.028673 99.867462 0.014003 -0.028688 0.999490 -0.004512 0.000000 0.000000 0.000000 1.000000
0.999453 -0.011604 -0.030964 3.505036 0.013372 0.998255 0.057521 101.567451 0.030243 -0.057903 0.997864 0.634400 0.000000 0.000000 0.000000 1.000000
0.999495 -0.029819 -0.010969 2.791353 0.030475 0.997387 0.065500 104.217010 0.008988 -0.065801 0.997792 0.229557 0.000000 0.000000 0.000000 1.000000
0.998077 -0.044443 0.043215 1.881093 0.042909 0.998437 0.035812 106.973610 -0.044739 -0.033889 0.998424 0.577468 0.000000 0.000000 0.000000 1.000000
0.994228 -0.046169 0.096841 1.089775 0.047836 0.998743 -0.014957 108.686386 -0.096028 0.019504 0.995188 -0.247503 0.000000 0.000000 0.000000 1.000000
0.991459 -0.033490 0.126044 0.581180 0.039402 0.998223 -0.044704 108.738251 -0.124323 0.049288 0.991017 -1.105953 0.000000 0.000000 0.000000 1.000000
0.992873 -0.025828 0.116345 0.428126 0.030692 0.998720 -0.040206 107.116226 -0.115158 0.043490 0.992395 -1.062196 0.000000 0.000000 0.000000 1.000000
0.997403 -0.020771 0.068963 0.396309 0.021589 0.999705 -0.011135 104.556290 -0.068711 0.012595 0.997557 -1.461869 0.000000 0.000000 0.000000 1.000000
0.999308 0.005292 0.036820 0.176406 -0.005230 0.999985 -0.001777 102.367630 -0.036829 0.001583 0.999320 -1.801378 0.000000 0.000000 0.000000 1.000000</float_array><technique_common><accessor source="#Hips-Matrix-animation-output-transform-array" count="20" stride="16"><param type="float4x4"/></accessor></technique_common></source><source id="Hips-Interpolations"><Name_array id="Hips-Interpolations-array" count="20">
 LINEAR LINEAR LINEAR LINEAR LINEAR LINEAR LINEAR LINEAR LINEAR LINEAR LINEAR
LINEAR LINEAR LINEAR LINEAR LINEAR LINEAR LINEAR LINEAR LINEAR</Name_array><technique_common><accessor source="#Hips-Interpolations-array" count="20"><param type="name"/></accessor></technique_common></source><sampler id="Hips-Matrix-animation-transform"><input semantic="INPUT" source="#Hips-Matrix-animation-input"/><input semantic="OUTPUT" source="#Hips-Matrix-animation-output-transform"/><input semantic="INTERPOLATION" source="#Hips-Interpolations"/></sampler><channel source="#Hips-Matrix-animation-transform" target="Hips/matrix"/></animation>
    <animation id="Spine-anim" name="Spine"><source id="Spine-Matrix-animation-input"><float_array id="Spine-Matrix-animation-input-array" count="20">

0.000000 0.033333 0.066667 0.100000 0.133333 0.166667 0.200000 0.233333 0.266667 0.300000 0.333333 0.366667 0.400000 0.433333 0.466667 0.500000
0.533333 0.566667 0.600000 0.633333</float_array><technique_common><accessor source="#Spine-Matrix-animation-input-array" count="20"><param name="TIME" type="float"/></accessor></technique_common></source><source id="Spine-Matrix-animation-output-transform"><float_array id="Spine-Matrix-animation-output-transform-array" count="320">

0.998897 -0.020876 0.042055 0.000000 0.031475 0.962382 -0.269871 13.214800 -0.034839 0.270897 0.961978 0.000000 0.000000 0.000000 0.000000 1.000000
0.999247 -0.038809 0.000130 0.000000 0.037492 0.964437 -0.261640 13.214800 0.010029 0.261448 0.965165 -0.000000 0.000000 0.000000 0.000000 1.000000
0.994852 -0.057438 -0.083493 0.000000 0.033557 0.964104 -0.263397 13.214800 0.095625 0.259239 0.961068 -0.000000 0.000000 0.000000 0.000000 1.000000
0.984952 -0.066595 -0.159486 0.000000 0.023110 0.965245 -0.260323 13.214800 0.171279 0.252720 0.952259 -0.000000 0.000000 0.000000 0.000000 1.000000
0.982816 -0.054324 -0.176411 0.000000 0.014288 0.975234 -0.220714 13.214800 0.184032 0.214401 0.959252 0.000000 0.000000 0.000000 0.000000 1.000000
0.990067 -0.029445 -0.137476 0.000000 0.006838 0.986750 -0.162103 13.214800 0.140427 0.159553 0.977150 0.000000 0.000000 0.000000 0.000000 1.000000
0.996115 -0.016372 -0.086528 0.000000 0.003609 0.989330 -0.145646 13.214800 0.087990 0.144768 0.985546 0.000000 0.000000 0.000000 0.000000 1.000000
0.998154 -0.019532 -0.057510 0.000000 0.008918 0.983747 -0.179337 13.214800 0.060078 0.178493 0.982105 0.000000 0.000000 0.000000 0.000000 1.000000
0.998497 -0.013759 -0.053058 0.000000 0.001404 0.974082 -0.226192 13.214800 0.054795 0.225778 0.972637 -0.000000 0.000000 0.000000 0.000000 1.000000
0.998949 0.014651 -0.043442 -0.000000 -0.025645 0.964020 -0.264590 13.214800 0.038002 0.265425 0.963382 0.000000 0.000000 0.000000 0.000000 1.000000
0.998637 0.052169 -0.001274 0.000000 -0.050428 0.958460 -0.280733 13.214800 -0.013424 0.280415 0.959785 0.000000 0.000000 0.000000 0.000000 1.000000
0.994924 0.075313 0.066745 0.000000 -0.053560 0.957808 -0.282374 13.214800 -0.085195 0.277366 0.956980 -0.000000 0.000000 0.000000 0.000000 1.000000
0.988678 0.083751 0.124503 0.000000 -0.045089 0.957213 -0.285851 13.214800 -0.143116 0.277001 0.950152 0.000000 0.000000 0.000000 0.000000 1.000000
0.985229 0.089456 0.146019 0.000000 -0.047534 0.962060 -0.268664 13.214800 -0.164513 0.257755 0.952102 0.000000 0.000000 0.000000 0.000000 1.000000
0.987235 0.085133 0.134611 0.000000 -0.054040 0.974069 -0.219704 13.214800 -0.149825 0.209625 0.966235 -0.000000 0.000000 0.000000 0.000000 1.000000
0.991931 0.068124 0.106922 0.000000 -0.046962 0.980808 -0.189234 13.214800 -0.117761 0.182685 0.976093 -0.000000 0.000000 0.000000 0.000000 1.000000
0.995103 0.042771 0.089105 -0.000000 -0.024484 0.980093 -0.197022 13.214800 -0.095758 0.193875 0.976342 0.000000 0.000000 0.000000 0.000000 1.000000
0.996307 0.022908 0.082755 0.000000 -0.004194 0.975589 -0.219565 13.214800 -0.085765 0.218407 0.972082 0.000000 0.000000 0.000000 0.000000 1.000000
0.997695 0.007287 0.067470 0.000000 0.009744 0.968535 -0.248685 13.214800 -0.067159 0.248769 0.966232 -0.000000 0.000000 0.000000 0.000000 1.000000
0.998897 -0.020876 0.042055 0.000000 0.031475 0.962382 -0.269871 13.214800 -0.034839 0.270897 0.961978 0.000000 0.000000 0.000000 0.000000 1.000000</float_array><technique_common><accessor source="#Spine-Matrix-animation-output-transform-array" count="20" stride="16"><param type="float4x4"/></accessor></technique_common></source><source id="Spine-Interpolations"><Name_array id="Spine-Interpolations-array" count="20">
 LINEAR LINEAR LINEAR LINEAR LINEAR LINEAR LINEAR LINEAR LINEAR LINEAR LINEAR
LINEAR LINEAR LINEAR LINEAR LINEAR LINEAR LINEAR LINEAR LINEAR</Name_array><technique_common><accessor source="#Spine-Interpolations-array" count="20"><param type="name"/></accessor></technique_common></source><sampler id="Spine-Matrix-animation-transform"><input semantic="INPUT" source="#Spine-Matrix-animation-input"/><input semantic="OUTPUT" source="#Spine-Matrix-animation-output-transform"/><input semantic="INTERPOLATION" source="#Spine-Interpolations"/></sampler><channel source="#Spine-Matrix-animation-transform" target="Spine/matrix"/></animation>
    <animation id="Spine1-anim" name="Spine1"><source id="Spine1-Matrix-animation-input"><float_array id="Spine1-Matrix-animation-input-array" count="20">

0.000000 0.033333 0.066667 0.100000 0.133333 0.166667 0.200000 0.233333 0.266667 0.300000 0.333333 0.366667 0.400000 0.433333 0.466667 0.500000
0.533333 0.566667 0.600000 0.633333</float_array><technique_common><accessor source="#Spine1-Matrix-animation-input-array" count="20"><param name="TIME" type="float"/></accessor></technique_common></source><source id="Spine1-Matrix-animation-output-transform"><float_array id="Spine1-Matrix-animation-output-transform-array" count="320">

0.999927 -0.007994 0.009105 -0.007800 0.008397 0.998945 -0.045145 9.224200 -0.008735 0.045218 0.998939 0.000000 0.000000 0.000000 0.000000 1.000000
0.999934 -0.011291 -0.002046 -0.007800 0.011189 0.998953 -0.044351 9.224200 0.002545 0.044325 0.999014 -0.000000 0.000000 0.000000 0.000000 1.000000
0.999653 -0.010521 -0.024141 -0.007800 0.009531 0.999124 -0.040751 9.224200 0.024549 0.040506 0.998878 0.000000 0.000000 0.000000 0.000000 1.000000
0.998994 -0.006842 -0.044323 -0.007800 0.005099 0.999214 -0.039301 9.224200 0.044557 0.039036 0.998244 0.000000 0.000000 0.000000 0.000000 1.000000
0.998814 -0.004722 -0.048453 -0.007800 0.002270 0.998720 -0.050534 9.224200 0.048630 0.050365 0.997546 0.000000 0.000000 0.000000 0.000000 1.000000
0.999286 -0.005465 -0.037395 -0.007800 0.003024 0.997878 -0.065044 9.224200 0.037671 0.064884 0.997182 0.000000 0.000000 0.000000 0.000000 1.000000
0.999698 -0.006362 -0.023721 -0.007800 0.004893 0.998096 -0.061493 9.224200 0.024067 0.061358 0.997826 0.000000 0.000000 0.000000 0.000000 1.000000
0.999843 -0.006345 -0.016546 -0.007800 0.005558 0.998871 -0.047184 9.224200 0.016826 0.047085 0.998749 -0.000000 0.000000 0.000000 0.000000 1.000000
0.999873 -0.006243 -0.014669 -0.007800 0.005619 0.999092 -0.042236 9.224200 0.014919 0.042148 0.999000 0.000000 0.000000 0.000000 0.000000 1.000000
0.999933 -0.005161 -0.010331 -0.007800 0.004691 0.998973 -0.045066 9.224200 0.010553 0.045015 0.998931 0.000000 0.000000 0.000000 0.000000 1.000000
0.999992 -0.002921 0.002824 -0.007800 0.003051 0.998874 -0.047337 9.224200 -0.002682 0.047345 0.998875 0.000000 0.000000 0.000000 0.000000 1.000000
0.999761 -0.001476 0.021831 -0.007800 0.002514 0.998863 -0.047601 9.224200 -0.021736 0.047644 0.998628 0.000000 0.000000 0.000000 0.000000 1.000000
0.999316 -0.001906 0.036944 -0.007800 0.003635 0.998897 -0.046807 9.224200 -0.036814 0.046910 0.998221 0.000000 0.000000 0.000000 0.000000 1.000000
0.999098 -0.003654 0.042302 -0.007800 0.005842 0.998645 -0.051705 9.224200 -0.042055 0.051905 0.997766 0.000000 0.000000 0.000000 0.000000 1.000000
0.999243 -0.004339 0.038651 -0.007800 0.006699 0.998108 -0.061122 9.224200 -0.038313 0.061335 0.997382 0.000000 0.000000 0.000000 0.000000 1.000000
0.999517 -0.003571 0.030856 -0.007800 0.005373 0.998271 -0.058535 9.224200 -0.030594 0.058673 0.997808 0.000000 0.000000 0.000000 0.000000 1.000000
0.999673 -0.004897 0.025094 -0.007800 0.006110 0.998805 -0.048496 9.224200 -0.024826 0.048633 0.998508 0.000000 0.000000 0.000000 0.000000 1.000000
0.999733 -0.007126 0.021966 -0.007800 0.008129 0.998911 -0.045942 9.224200 -0.021615 0.046108 0.998703 0.000000 0.000000 0.000000 0.000000 1.000000
0.999831 -0.006874 0.017047 -0.007800 0.007659 0.998893 -0.046405 9.224200 -0.016709 0.046527 0.998777 0.000000 0.000000 0.000000 0.000000 1.000000
0.999927 -0.007994 0.009105 -0.007800 0.008397 0.998945 -0.045145 9.224200 -0.008735 0.045218 0.998939 0.000000 0.000000 0.000000 0.000000 1.000000</float_array><technique_common><accessor source="#Spine1-Matrix-animation-output-transform-array" count="20" stride="16"><param type="float4x4"/></accessor></technique_common></source><source id="Spine1-Interpolations"><Name_array id="Spine1-Interpolations-array" count="20">
 LINEAR LINEAR LINEAR LINEAR LINEAR LINEAR LINEAR LINEAR LINEAR LINEAR LINEAR
LINEAR LINEAR LINEAR LINEAR LINEAR LINEAR LINEAR LINEAR LINEAR</Name_array><technique_common><accessor source="#Spine1-Interpolations-array" count="20"><param type="name"/></accessor></technique_common></source><sampler id="Spine1-Matrix-animation-transform"><input semantic="INPUT" source="#Spine1-Matrix-animation-input"/><input semantic="OUTPUT" source="#Spine1-Matrix-animation-output-transform"/><input semantic="INTERPOLATION" source="#Spine1-Interpolations"/></sampler><channel source="#Spine1-Matrix-animation-transform" target="Spine1/matrix"/></animation>
    <animation id="Spine2-anim" name="Spine2"><source id="Spine2-Matrix-animation-input"><float_array id="Spine2-Matrix-animation-input-array" count="20">

0.000000 0.033333 0.066667 0.100000 0.133333 0.166667 0.200000 0.233333 0.266667 0.300000 0.333333 0.366667 0.400000 0.433333 0.466667 0.500000
0.533333 0.566667 0.600000 0.633333</float_array><technique_common><accessor source="#Spine2-Matrix-animation-input-array" count="20"><param name="TIME" type="float"/></accessor></technique_common></source><source id="Spine2-Matrix-animation-output-transform"><float_array id="Spine2-Matrix-animation-output-transform-array" count="320">

0.999932 -0.007861 0.008663 -0.005300 0.008245 0.998944 -0.045202 11.063000 -0.008298 0.045270 0.998940 -0.000000 0.000000 0.000000 0.000000 1.000000
0.999931 -0.011479 -0.002501 -0.005300 0.011357 0.998953 -0.044308 11.063000 0.003007 0.044276 0.999015 0.000000 0.000000 0.000000 0.000000 1.000000
0.999640 -0.011304 -0.024344 -0.005300 0.010307 0.999119 -0.040672 11.063000 0.024783 0.040406 0.998876 0.000000 0.000000 0.000000 0.000000 1.000000
0.998990 -0.007969 -0.044214 -0.005300 0.006229 0.999206 -0.039356 11.063000 0.044493 0.039041 0.998247 0.000000 0.000000 0.000000 0.000000 1.000000
0.998819 -0.005398 -0.048292 -0.005300 0.002946 0.998709 -0.050709 11.063000 0.048503 0.050507 0.997545 -0.000000 0.000000 0.000000 0.000000 1.000000
0.999284 -0.005484 -0.037433 -0.005300 0.003035 0.997870 -0.065169 11.063000 0.037711 0.065009 0.997172 0.000000 0.000000 0.000000 0.000000 1.000000
0.999693 -0.006411 -0.023917 -0.005300 0.004929 0.998094 -0.061520 11.063000 0.024266 0.061383 0.997819 0.000000 0.000000 0.000000 0.000000 1.000000
0.999837 -0.006764 -0.016747 -0.005300 0.005967 0.998869 -0.047176 11.063000 0.017047 0.047069 0.998746 -0.000000 0.000000 0.000000 0.000000 1.000000
0.999866 -0.006762 -0.014890 -0.005300 0.006128 0.999089 -0.042231 11.063000 0.015162 0.042134 0.998997 -0.000000 0.000000 0.000000 0.000000 1.000000
0.999928 -0.005528 -0.010687 -0.005300 0.005041 0.998971 -0.045068 11.063000 0.010925 0.045010 0.998927 0.000000 0.000000 0.000000 0.000000 1.000000
0.999993 -0.002958 0.002295 -0.005300 0.003064 0.998873 -0.047363 11.063000 -0.002152 0.047370 0.998875 0.000000 0.000000 0.000000 0.000000 1.000000
0.999776 -0.001000 0.021163 -0.005300 0.002008 0.998860 -0.047701 11.063000 -0.021091 0.047732 0.998637 0.000000 0.000000 0.000000 0.000000 1.000000
0.999345 -0.001033 0.036173 -0.005300 0.002734 0.998890 -0.047016 11.063000 -0.036085 0.047084 0.998239 -0.000000 0.000000 0.000000 0.000000 1.000000
0.999134 -0.002915 0.041497 -0.005300 0.005072 0.998636 -0.051968 11.063000 -0.041289 0.052133 0.997786 -0.000000 0.000000 0.000000 0.000000 1.000000
0.999271 -0.004025 0.037968 -0.005300 0.006350 0.998098 -0.061325 11.063000 -0.037649 0.061521 0.997395 0.000000 0.000000 0.000000 0.000000 1.000000
0.999534 -0.003284 0.030335 -0.005300 0.005060 0.998265 -0.058660 11.063000 -0.030090 0.058787 0.997817 -0.000000 0.000000 0.000000 0.000000 1.000000
0.999689 -0.004383 0.024555 -0.005300 0.005574 0.998801 -0.048627 11.063000 -0.024313 0.048748 0.998515 0.000000 0.000000 0.000000 0.000000 1.000000
0.999750 -0.006625 0.021354 -0.005300 0.007604 0.998908 -0.046089 11.063000 -0.021025 0.046239 0.998709 -0.000000 0.000000 0.000000 0.000000 1.000000
0.999842 -0.006558 0.016513 -0.005300 0.007320 0.998891 -0.046508 11.063000 -0.016190 0.046621 0.998781 0.000000 0.000000 0.000000 0.000000 1.000000
0.999932 -0.007861 0.008663 -0.005300 0.008245 0.998944 -0.045202 11.063000 -0.008298 0.045270 0.998940 0.000000 0.000000 0.000000 0.000000 1.000000</float_array><technique_common><accessor source="#Spine2-Matrix-animation-output-transform-array" count="20" stride="16"><param type="float4x4"/></accessor></technique_common></source><source id="Spine2-Interpolations"><Name_array id="Spine2-Interpolations-array" count="20">
 LINEAR LINEAR LINEAR LINEAR LINEAR LINEAR LINEAR LINEAR LINEAR LINEAR LINEAR
LINEAR LINEAR LINEAR LINEAR LINEAR LINEAR LINEAR LINEAR LINEAR</Name_array><technique_common><accessor source="#Spine2-Interpolations-array" count="20"><param type="name"/></accessor></technique_common></source><sampler id="Spine2-Matrix-animation-transform"><input semantic="INPUT" source="#Spine2-Matrix-animation-input"/><input semantic="OUTPUT" source="#Spine2-Matrix-animation-output-transform"/><input semantic="INTERPOLATION" source="#Spine2-Interpolations"/></sampler><channel source="#Spine2-Matrix-animation-transform" target="Spine2/matrix"/></animation>
    <animation id="Neck-anim" name="Neck"><source id="Neck-Matrix-animation-input"><float_array id="Neck-Matrix-animation-input-array" count="20">

0.000000 0.033333 0.066667 0.100000 0.133333 0.166667 0.200000 0.233333 0.266667 0.300000 0.333333 0.366667 0.400000 0.433333 0.466667 0.500000
0.533333 0.566667 0.600000 0.633333</float_array><technique_common><accessor source="#Neck-Matrix-animation-input-array" count="20"><param name="TIME" type="float"/></accessor></technique_common></source><source id="Neck-Matrix-animation-output-transform"><float_array id="Neck-Matrix-animation-output-transform-array" count="320">

0.999794 -0.015440 -0.013181 -0.006000 0.015241 0.999771 -0.015054 23.723499 0.013410 0.014850 0.999800 -1.446200 0.000000 0.000000 0.000000 1.000000
0.999918 -0.011291 -0.005985 -0.006000 0.011176 0.999757 -0.018976 23.723499 0.006198 0.018907 0.999802 -1.446200 0.000000 0.000000 0.000000 1.000000
0.999947 -0.010229 0.001263 -0.006000 0.010260 0.999579 -0.027154 23.723499 -0.000984 0.027165 0.999630 -1.446200 0.000000 0.000000 0.000000 1.000000
0.999916 -0.011141 0.006599 -0.006000 0.011354 0.999386 -0.033152 23.723499 -0.006225 0.033224 0.999429 -1.446200 0.000000 0.000000 0.000000 1.000000
0.999893 -0.011971 0.008464 -0.006000 0.012255 0.999336 -0.034301 23.723499 -0.008048 0.034401 0.999376 -1.446200 0.000000 0.000000 0.000000 1.000000
0.999900 -0.012394 0.006833 -0.006000 0.012618 0.999351 -0.033728 23.723499 -0.006410 0.033811 0.999408 -1.446200 0.000000 0.000000 0.000000 1.000000
0.999900 -0.013806 0.003120 -0.006000 0.013900 0.999379 -0.032369 23.723499 -0.002671 0.032409 0.999471 -1.446200 0.000000 0.000000 0.000000 1.000000
0.999873 -0.015930 -0.000034 -0.006000 0.015922 0.999456 -0.028878 23.723499 0.000494 0.028874 0.999583 -1.446200 0.000000 0.000000 0.000000 1.000000
0.999836 -0.018051 -0.001134 -0.006000 0.018019 0.999562 -0.023458 23.723499 0.001557 0.023433 0.999724 -1.446200 0.000000 0.000000 0.000000 1.000000
0.999775 -0.021087 -0.002395 -0.006000 0.021043 0.999627 -0.017413 23.723499 0.002761 0.017358 0.999846 -1.446200 0.000000 0.000000 0.000000 1.000000
0.999690 -0.023752 -0.007436 -0.006000 0.023642 0.999613 -0.014650 23.723499 0.007781 0.014469 0.999865 -1.446200 0.000000 0.000000 0.000000 1.000000
0.999587 -0.023962 -0.015878 -0.006000 0.023661 0.999542 -0.018841 23.723499 0.016322 0.018458 0.999696 -1.446200 0.000000 0.000000 0.000000 1.000000
0.999487 -0.022151 -0.023126 -0.006000 0.021501 0.999377 -0.027996 23.723499 0.023732 0.027484 0.999340 -1.446200 0.000000 0.000000 0.000000 1.000000
0.999454 -0.019763 -0.026488 -0.006000 0.018814 0.999188 -0.035631 23.723499 0.027171 0.035113 0.999014 -1.446200 0.000000 0.000000 0.000000 1.000000
0.999436 -0.019279 -0.027481 -0.006000 0.018278 0.999176 -0.036228 23.723499 0.028157 0.035705 0.998966 -1.446200 0.000000 0.000000 0.000000 1.000000
0.999399 -0.020585 -0.027899 -0.006000 0.019759 0.999368 -0.029553 23.723499 0.028489 0.028984 0.999174 -1.446200 0.000000 0.000000 0.000000 1.000000
0.999431 -0.019572 -0.027480 -0.006000 0.018990 0.999593 -0.021277 23.723499 0.027885 0.020743 0.999396 -1.446200 0.000000 0.000000 0.000000 1.000000
0.999537 -0.017275 -0.025057 -0.006000 0.016825 0.999695 -0.018074 23.723499 0.025362 0.017644 0.999523 -1.446200 0.000000 0.000000 0.000000 1.000000
0.999656 -0.016894 -0.020055 -0.006000 0.016526 0.999695 -0.018367 23.723499 0.020360 0.018029 0.999630 -1.446200 0.000000 0.000000 0.000000 1.000000
0.999794 -0.015440 -0.013181 -0.006000 0.015241 0.999771 -0.015054 23.723499 0.013410 0.014850 0.999800 -1.446200 0.000000 0.000000 0.000000 1.000000</float_array><technique_common><accessor source="#Neck-Matrix-animation-output-transform-array" count="20" stride="16"><param type="float4x4"/></accessor></technique_common></source><source id="Neck-Interpolations"><Name_array id="Neck-Interpolations-array" count="20">
 LINEAR LINEAR LINEAR LINEAR LINEAR LINEAR LINEAR LINEAR LINEAR LINEAR LINEAR
LINEAR LINEAR LINEAR LINEAR LINEAR LINEAR LINEAR LINEAR LINEAR</Name_array><technique_common><accessor source="#Neck-Interpolations-array" count="20"><param type="name"/></accessor></technique_common></source><sampler id="Neck-Matrix-animation-transform"><input semantic="INPUT" source="#Neck-Matrix-animation-input"/><input semantic="OUTPUT" source="#Neck-Matrix-animation-output-transform"/><input semantic="INTERPOLATION" source="#Neck-Interpolations"/></sampler><channel source="#Neck-Matrix-animation-transform" target="Neck/matrix"/></animation>
    <animation id="Head-anim" name="Head"><source id="Head-Matrix-animation-input"><float_array id="Head-Matrix-animation-input-array" count="20">

0.000000 0.033333 0.066667 0.100000 0.133333 0.166667 0.200000 0.233333 0.266667 0.300000 0.333333 0.366667 0.400000 0.433333 0.466667 0.500000
0.533333 0.566667 0.600000 0.633333</float_array><technique_common><accessor source="#Head-Matrix-animation-input-array" count="20"><param name="TIME" type="float"/></accessor></technique_common></source><source id="Head-Matrix-animation-output-transform"><float_array id="Head-Matrix-animation-output-transform-array" count="320">

0.993590 0.084365 -0.075240 0.000000 -0.066713 0.974945 0.212206 10.037100 0.091257 -0.205826 0.974324 3.529500 0.000000 0.000000 0.000000 1.000000
0.996479 0.079147 -0.027653 0.000000 -0.072621 0.979665 0.187038 10.037100 0.041894 -0.184371 0.981963 3.529500 0.000000 0.000000 0.000000 1.000000
0.997626 0.067419 0.014020 -0.000000 -0.068775 0.985729 0.153653 10.037100 -0.003460 -0.154253 0.988025 3.529500 0.000000 0.000000 0.000000 1.000000
0.997739 0.051641 0.043013 0.000000 -0.056504 0.991066 0.120809 10.037100 -0.036390 -0.122967 0.991743 3.529500 0.000000 0.000000 0.000000 1.000000
0.998163 0.031084 0.051997 0.000000 -0.036721 0.993116 0.111229 10.037100 -0.048182 -0.112934 0.992434 3.529500 0.000000 0.000000 0.000000 1.000000
0.999221 0.008080 0.038639 0.000000 -0.013117 0.991169 0.131954 10.037100 -0.037231 -0.132358 0.990502 3.529500 0.000000 0.000000 0.000000 1.000000
0.999900 -0.007666 0.011852 0.000000 0.005635 0.986642 0.162803 10.037100 -0.012942 -0.162720 0.986587 3.529500 0.000000 0.000000 0.000000 1.000000
0.999882 -0.012376 -0.009133 0.000000 0.013859 0.982462 0.185945 10.037100 0.006671 -0.186049 0.982518 3.529500 0.000000 0.000000 0.000000 1.000000
0.999796 -0.014193 -0.014352 -0.000000 0.016801 0.979245 0.201984 10.037100 0.011187 -0.202184 0.979284 3.529500 0.000000 0.000000 0.000000 1.000000
0.999639 -0.018293 -0.019678 -0.000000 0.022097 0.976394 0.214863 10.037100 0.015283 -0.215220 0.976446 3.529500 0.000000 0.000000 0.000000 1.000000
0.998643 -0.012530 -0.050550 0.000000 0.023599 0.974131 0.224748 10.037100 0.046426 -0.225635 0.973105 3.529500 0.000000 0.000000 0.000000 1.000000
0.994420 0.009685 -0.105051 0.000000 0.013611 0.975677 0.218791 10.037100 0.104615 -0.219000 0.970100 3.529500 0.000000 0.000000 0.000000 1.000000
0.987189 0.024753 -0.157624 -0.000000 0.004432 0.983258 0.182166 10.037100 0.159494 -0.180531 0.970551 3.529500 0.000000 0.000000 0.000000 1.000000
0.980826 0.021835 -0.193656 0.000000 0.005359 0.990306 0.138801 10.037100 0.194809 -0.137178 0.971201 3.529500 0.000000 0.000000 0.000000 1.000000
0.977176 0.024006 -0.211072 0.000000 0.004746 0.990879 0.134670 10.037100 0.212380 -0.132598 0.968149 3.529500 0.000000 0.000000 0.000000 1.000000
0.975509 0.040231 -0.216249 -0.000000 -0.002380 0.985004 0.172513 10.037100 0.219947 -0.167773 0.960976 3.529500 0.000000 0.000000 0.000000 1.000000
0.974490 0.059451 -0.216415 -0.000000 -0.012506 0.977163 0.212125 10.037100 0.224084 -0.204007 0.952978 3.529500 0.000000 0.000000 0.000000 1.000000
0.977796 0.074722 -0.195785 0.000000 -0.028867 0.973389 0.227332 10.037100 0.207562 -0.216632 0.953933 3.529500 0.000000 0.000000 0.000000 1.000000
0.986528 0.081533 -0.141827 -0.000000 -0.048572 0.973842 0.221976 10.037100 0.156216 -0.212096 0.964682 3.529500 0.000000 0.000000 0.000000 1.000000
0.993590 0.084365 -0.075240 -0.000000 -0.066713 0.974945 0.212206 10.037100 0.091257 -0.205826 0.974324 3.529500 0.000000 0.000000 0.000000 1.000000</float_array><technique_common><accessor source="#Head-Matrix-animation-output-transform-array" count="20" stride="16"><param type="float4x4"/></accessor></technique_common></source><source id="Head-Interpolations"><Name_array id="Head-Interpolations-array" count="20">
 LINEAR LINEAR LINEAR LINEAR LINEAR LINEAR LINEAR LINEAR LINEAR LINEAR LINEAR
LINEAR LINEAR LINEAR LINEAR LINEAR LINEAR LINEAR LINEAR LINEAR</Name_array><technique_common><accessor source="#Head-Interpolations-array" count="20"><param type="name"/></accessor></technique_common></source><sampler id="Head-Matrix-animation-transform"><input semantic="INPUT" source="#Head-Matrix-animation-input"/><input semantic="OUTPUT" source="#Head-Matrix-animation-output-transform"/><input semantic="INTERPOLATION" source="#Head-Interpolations"/></sampler><channel source="#Head-Matrix-animation-transform" target="Head/matrix"/></animation>
    <animation id="LeftShoulder-anim" name="LeftShoulder"><source id="LeftShoulder-Matrix-animation-input"><float_array id="LeftShoulder-Matrix-animation-input-array" count="20">

0.000000 0.033333 0.066667 0.100000 0.133333 0.166667 0.200000 0.233333 0.266667 0.300000 0.333333 0.366667 0.400000 0.433333 0.466667 0.500000
0.533333 0.566667 0.600000 0.633333</float_array><technique_common><accessor source="#LeftShoulder-Matrix-animation-input-array" count="20"><param name="TIME" type="float"/></accessor></technique_common></source><source id="LeftShoulder-Matrix-animation-output-transform"><float_array id="LeftShoulder-Matrix-animation-output-transform-array" count="320">

0.957651 0.277861 -0.075478 11.304900 -0.279325 0.960151 -0.009375 19.886000 0.069866 0.030061 0.997103 -3.966000 0.000000 0.000000 0.000000 1.000000
0.960693 0.266311 -0.078404 11.304900 -0.267831 0.963420 -0.009358 19.886000 0.073043 0.029989 0.996878 -3.966000 0.000000 0.000000 0.000000 1.000000
0.962603 0.250874 -0.102262 11.304900 -0.253016 0.967426 -0.008333 19.886000 0.096840 0.033895 0.994723 -3.966000 0.000000 0.000000 0.000000 1.000000
0.962757 0.235029 -0.133644 11.304900 -0.238131 0.971204 -0.007487 19.886000 0.128036 0.039033 0.991001 -3.966000 0.000000 0.000000 0.000000 1.000000
0.961979 0.231565 -0.144828 11.304900 -0.235046 0.971958 -0.007169 19.886000 0.139107 0.040938 0.989431 -3.966000 0.000000 0.000000 0.000000 1.000000
0.958744 0.248714 -0.137666 11.304900 -0.251994 0.967706 -0.006656 19.886000 0.131565 0.041073 0.990456 -3.966000 0.000000 0.000000 0.000000 1.000000
0.951960 0.274395 -0.135938 11.304900 -0.277729 0.960642 -0.005822 19.886000 0.128990 0.043296 0.990700 -3.966000 0.000000 0.000000 0.000000 1.000000
0.946708 0.289403 -0.141383 11.304900 -0.292993 0.956102 -0.004812 19.886000 0.133784 0.045980 0.989943 -3.966000 0.000000 0.000000 0.000000 1.000000
0.948344 0.284193 -0.140989 11.304900 -0.287740 0.957696 -0.005007 19.886000 0.133601 0.045317 0.989999 -3.966000 0.000000 0.000000 0.000000 1.000000
0.954567 0.265617 -0.135089 11.304900 -0.268864 0.963159 -0.006047 19.886000 0.128506 0.042092 0.990815 -3.966000 0.000000 0.000000 0.000000 1.000000
0.956572 0.261468 -0.128856 11.304900 -0.264462 0.964375 -0.006389 19.886000 0.122595 0.040189 0.991643 -3.966000 0.000000 0.000000 0.000000 1.000000
0.954706 0.275218 -0.113101 11.304900 -0.277747 0.960629 -0.006937 19.886000 0.106739 0.038037 0.993559 -3.966000 0.000000 0.000000 0.000000 1.000000
0.959759 0.266931 -0.087235 11.304900 -0.268690 0.963186 -0.008872 19.886000 0.081656 0.031955 0.996148 -3.966000 0.000000 0.000000 0.000000 1.000000
0.969245 0.233549 -0.077577 11.304900 -0.234944 0.971965 -0.009234 19.886000 0.073246 0.027176 0.996944 -3.966000 0.000000 0.000000 0.000000 1.000000
0.971302 0.220468 -0.089256 11.304900 -0.222116 0.974980 -0.008852 19.886000 0.085072 0.028423 0.995969 -3.966000 0.000000 0.000000 0.000000 1.000000
0.963583 0.248839 -0.097909 11.304900 -0.250818 0.967999 -0.008254 19.886000 0.092722 0.032511 0.995161 -3.966000 0.000000 0.000000 0.000000 1.000000
0.949722 0.297260 -0.098307 11.304900 -0.299420 0.954091 -0.007660 19.886000 0.091516 0.036710 0.995127 -3.966000 0.000000 0.000000 0.000000 1.000000
0.942209 0.321351 -0.094741 11.304900 -0.323492 0.946199 -0.007763 19.886000 0.087149 0.037963 0.995472 -3.966000 0.000000 0.000000 0.000000 1.000000
0.949285 0.302762 -0.084816 11.304900 -0.304555 0.952455 -0.008754 19.886000 0.078133 0.034141 0.996358 -3.966000 0.000000 0.000000 0.000000 1.000000
0.957651 0.277861 -0.075478 11.304900 -0.279325 0.960151 -0.009375 19.886000 0.069866 0.030061 0.997103 -3.966000 0.000000 0.000000 0.000000 1.000000</float_array><technique_common><accessor source="#LeftShoulder-Matrix-animation-output-transform-array" count="20" stride="16"><param type="float4x4"/></accessor></technique_common></source><source id="LeftShoulder-Interpolations"><Name_array id="LeftShoulder-Interpolations-array" count="20">
 LINEAR LINEAR LINEAR LINEAR LINEAR LINEAR LINEAR LINEAR LINEAR LINEAR LINEAR
LINEAR LINEAR LINEAR LINEAR LINEAR LINEAR LINEAR LINEAR LINEAR</Name_array><technique_common><accessor source="#LeftShoulder-Interpolations-array" count="20"><param type="name"/></accessor></technique_common></source><sampler id="LeftShoulder-Matrix-animation-transform"><input semantic="INPUT" source="#LeftShoulder-Matrix-animation-input"/><input semantic="OUTPUT" source="#LeftShoulder-Matrix-animation-output-transform"/><input semantic="INTERPOLATION" source="#LeftShoulder-Interpolations"/></sampler><channel source="#LeftShoulder-Matrix-animation-transform" target="LeftShoulder/matrix"/></animation>
    <animation id="LeftArm-anim" name="LeftArm"><source id="LeftArm-Matrix-animation-input"><float_array id="LeftArm-Matrix-animation-input-array" count="20">

0.000000 0.033333 0.066667 0.100000 0.133333 0.166667 0.200000 0.233333 0.266667 0.300000 0.333333 0.366667 0.400000 0.433333 0.466667 0.500000
0.533333 0.566667 0.600000 0.633333</float_array><technique_common><accessor source="#LeftArm-Matrix-animation-input-array" count="20"><param name="TIME" type="float"/></accessor></technique_common></source><source id="LeftArm-Matrix-animation-output-transform"><float_array id="LeftArm-Matrix-animation-output-transform-array" count="320">

0.285186 0.931977 0.223804 11.306600 -0.802186 0.359879 -0.476430 -5.748200 -0.524564 -0.043661 0.850251 -0.270300 0.000000 0.000000 0.000000 1.000000
0.354750 0.913266 0.200246 11.306600 -0.816724 0.406948 -0.409091 -5.748200 -0.455098 -0.018420 0.890251 -0.270300 0.000000 0.000000 0.000000 1.000000
0.443628 0.868107 0.222675 11.306600 -0.774965 0.496376 -0.391205 -5.748200 -0.450138 0.000984 0.892958 -0.270300 0.000000 0.000000 0.000000 1.000000
0.547861 0.784209 0.291314 11.306600 -0.704903 0.620267 -0.344063 -5.748200 -0.450510 -0.016849 0.892612 -0.270300 0.000000 0.000000 0.000000 1.000000
0.671219 0.659235 0.338932 11.306600 -0.631671 0.747956 -0.203845 -5.748200 -0.387888 -0.077269 0.918462 -0.270300 0.000000 0.000000 0.000000 1.000000
0.782895 0.539547 0.309782 11.306600 -0.559879 0.828122 -0.027385 -5.748200 -0.271313 -0.152001 0.950413 -0.270300 0.000000 0.000000 0.000000 1.000000
0.828542 0.495235 0.261266 11.306600 -0.526814 0.847560 0.064097 -5.748200 -0.189696 -0.190745 0.963136 -0.270300 0.000000 0.000000 0.000000 1.000000
0.817191 0.523005 0.242206 11.306600 -0.544271 0.838515 0.025705 -5.748200 -0.189650 -0.152832 0.969884 -0.270300 0.000000 0.000000 0.000000 1.000000
0.786446 0.583684 0.202031 11.306600 -0.576982 0.810980 -0.096970 -5.748200 -0.220443 -0.040306 0.974567 -0.270300 0.000000 0.000000 0.000000 1.000000
0.738493 0.663330 0.120919 11.306600 -0.629438 0.742519 -0.229072 -5.748200 -0.241735 0.093057 0.965870 -0.270300 0.000000 0.000000 0.000000 1.000000
0.671920 0.738338 0.058139 11.306600 -0.679658 0.645896 -0.347683 -5.748200 -0.294260 0.194101 0.935808 -0.270300 0.000000 0.000000 0.000000 1.000000
0.614514 0.786809 0.057481 11.306600 -0.676788 0.563219 -0.474071 -5.748200 -0.405377 0.252421 0.878609 -0.270300 0.000000 0.000000 0.000000 1.000000
0.559274 0.821202 0.113313 11.306600 -0.625518 0.507745 -0.592387 -5.748200 -0.544003 0.260427 0.797645 -0.270300 0.000000 0.000000 0.000000 1.000000
0.476488 0.853223 0.212061 11.306600 -0.548186 0.476901 -0.687064 -5.748200 -0.687351 0.211129 0.694963 -0.270300 0.000000 0.000000 0.000000 1.000000
0.377393 0.875589 0.301527 11.306600 -0.474427 0.462436 -0.749047 -5.748200 -0.795295 0.139632 0.589923 -0.270300 0.000000 0.000000 0.000000 1.000000
0.325054 0.886714 0.328751 11.306600 -0.471423 0.453289 -0.756498 -5.748200 -0.819817 0.090922 0.565361 -0.270300 0.000000 0.000000 0.000000 1.000000
0.324539 0.893808 0.309485 11.306600 -0.542010 0.443882 -0.713579 -5.748200 -0.775177 0.063841 0.628510 -0.270300 0.000000 0.000000 0.000000 1.000000
0.313444 0.908795 0.275400 11.306600 -0.641119 0.416465 -0.644611 -5.748200 -0.700514 0.025485 0.713184 -0.270300 0.000000 0.000000 0.000000 1.000000
0.279421 0.928444 0.244779 11.306600 -0.738997 0.370716 -0.562542 -5.748200 -0.613032 -0.023705 0.789703 -0.270300 0.000000 0.000000 0.000000 1.000000
0.285186 0.931977 0.223804 11.306600 -0.802186 0.359879 -0.476430 -5.748200 -0.524564 -0.043661 0.850251 -0.270300 0.000000 0.000000 0.000000 1.000000</float_array><technique_common><accessor source="#LeftArm-Matrix-animation-output-transform-array" count="20" stride="16"><param type="float4x4"/></accessor></technique_common></source><source id="LeftArm-Interpolations"><Name_array id="LeftArm-Interpolations-array" count="20">
 LINEAR LINEAR LINEAR LINEAR LINEAR LINEAR LINEAR LINEAR LINEAR LINEAR LINEAR
LINEAR LINEAR LINEAR LINEAR LINEAR LINEAR LINEAR LINEAR LINEAR</Name_array><technique_common><accessor source="#LeftArm-Interpolations-array" count="20"><param type="name"/></accessor></technique_common></source><sampler id="LeftArm-Matrix-animation-transform"><input semantic="INPUT" source="#LeftArm-Matrix-animation-input"/><input semantic="OUTPUT" source="#LeftArm-Matrix-animation-output-transform"/><input semantic="INTERPOLATION" source="#LeftArm-Interpolations"/></sampler><channel source="#LeftArm-Matrix-animation-transform" target="LeftArm/matrix"/></animation>
    <animation id="LeftForeArm-anim" name="LeftForeArm"><source id="LeftForeArm-Matrix-animation-input"><float_array id="LeftForeArm-Matrix-animation-input-array" count="20">

0.000000 0.033333 0.066667 0.100000 0.133333 0.166667 0.200000 0.233333 0.266667 0.300000 0.333333 0.366667 0.400000 0.433333 0.466667 0.500000
0.533333 0.566667 0.600000 0.633333</float_array><technique_common><accessor source="#LeftForeArm-Matrix-animation-input-array" count="20"><param name="TIME" type="float"/></accessor></technique_common></source><source id="LeftForeArm-Matrix-animation-output-transform"><float_array id="LeftForeArm-Matrix-animation-output-transform-array" count="320">

0.567392 -0.000001 -0.823448 30.736700 -0.000002 1.000000 -0.000003 0.000100 0.823448 0.000003 0.567392 -0.000100 0.000000 0.000000 0.000000 1.000000
0.407513 -0.000002 -0.913199 30.736700 -0.000002 1.000000 -0.000003 0.000100 0.913199 0.000003 0.407513 -0.000100 0.000000 0.000000 0.000000 1.000000
0.124916 -0.000003 -0.992167 30.736700 -0.000003 1.000000 -0.000003 0.000100 0.992167 0.000004 0.124916 -0.000100 0.000000 0.000000 0.000000 1.000000
-0.190010 -0.000003 -0.981782 30.736700 -0.000004 1.000000 -0.000003 0.000100 0.981782 0.000004 -0.190010 -0.000100 0.000000 0.000000 0.000000 1.000000
-0.409711 -0.000005 -0.912215 30.736700 -0.000005 1.000000 -0.000003 0.000100 0.912215 0.000003 -0.409711 -0.000100 0.000000 0.000000 0.000000 1.000000
-0.477525 -0.000005 -0.878618 30.736700 -0.000005 1.000000 -0.000003 0.000100 0.878618 0.000003 -0.477525 -0.000100 0.000000 0.000000 0.000000 1.000000
-0.408433 -0.000005 -0.912788 30.736700 -0.000005 1.000000 -0.000003 0.000100 0.912788 0.000003 -0.408433 -0.000100 0.000000 0.000000 0.000000 1.000000
-0.247168 -0.000004 -0.968973 30.736700 -0.000005 1.000000 -0.000003 0.000100 0.968973 0.000004 -0.247168 -0.000100 0.000000 0.000000 0.000000 1.000000
-0.011935 0.000003 -0.999929 30.736700 -0.000004 1.000000 0.000003 0.000100 0.999929 0.000004 -0.011935 -0.000100 0.000000 0.000000 0.000000 1.000000
0.276839 -0.000002 -0.960916 30.736700 -0.000003 1.000000 -0.000003 0.000100 0.960916 0.000004 0.276839 -0.000100 0.000000 0.000000 0.000000 1.000000
0.512303 -0.000001 -0.858805 30.736700 -0.000002 1.000000 -0.000003 0.000100 0.858805 0.000003 0.512303 -0.000100 0.000000 0.000000 0.000000 1.000000
0.610290 -0.000001 -0.792178 30.736700 -0.000002 1.000000 -0.000003 0.000100 0.792178 0.000003 0.610290 -0.000100 0.000000 0.000000 0.000000 1.000000
0.594234 -0.000001 -0.804293 30.736700 -0.000002 1.000000 -0.000003 0.000100 0.804293 0.000003 0.594234 -0.000100 0.000000 0.000000 0.000000 1.000000
0.513879 -0.000002 -0.857863 30.736700 -0.000002 1.000000 -0.000003 0.000100 0.857863 0.000003 0.513879 -0.000100 0.000000 0.000000 0.000000 1.000000
0.439050 -0.000002 -0.898463 30.736700 -0.000003 1.000000 -0.000003 0.000100 0.898463 0.000004 0.439050 -0.000100 0.000000 0.000000 0.000000 1.000000
0.456498 -0.000002 -0.889724 30.736700 -0.000002 1.000000 -0.000003 0.000100 0.889724 0.000003 0.456498 -0.000100 0.000000 0.000000 0.000000 1.000000
