<?xml version="1.0" encoding="utf-8"?>
<COLLADA xmlns="http://www.collada.org/2005/11/COLLADASchema" version="1.4.1">
  <asset><contributor><author>Mixamo</author><authoring_tool>COLLADA Mixamo exporter</authoring_tool><comments></comments></contributor><created>2018-10-29T14:39:39Z</created><modified>2018-10-29T14:39:39Z</modified><revision></revision><title></title><unit meter="0.010000"/><up_axis>Y_UP</up_axis></asset>
  <library_animations>
    <animation id="Hips-anim" name="Hips"><source id="Hips-Matrix-animation-input"><float_array id="Hips-Matrix-animation-input-array" count="46">

0.000000 0.033333 0.066667 0.100000 0.133333 0.166667 0.200000 0.233333 0.266667 0.300000 0.333333 0.366667 0.400000 0.433333 0.466667 0.500000
0.533333 0.566667 0.600000 0.633333 0.666667 0.700000 0.733333 0.766667 0.800000 0.833333 0.866667 0.900000 0.933333 0.966667 1.000000 1.033333
1.066667 1.100000 1.133333 1.166667 1.200000 1.233333 1.266667 1.300000 1.333333 1.366667 1.400000 1.433333 1.466667 1.500000</float_array><technique_common><accessor source="#Hips-Matrix-animation-input-array" count="46"><param name="TIME" type="float"/></accessor></technique_common></source><source id="Hips-Matrix-animation-output-transform"><float_array id="Hips-Matrix-animation-output-transform-array" count="736">

0.579660 -0.118296 -0.806226 2.389683 -0.019981 0.987045 -0.159194 100.280518 0.814614 0.108387 0.569787 -1.451837 0.000000 0.000000 0.000000 1.000000
0.569850 -0.142693 -0.809265 2.883015 0.004334 0.985316 -0.170684 100.351654 0.821737 0.093758 0.562101 -2.139519 0.000000 0.000000 0.000000 1.000000
0.561005 -0.167619 -0.810665 3.580522 0.028923 0.982656 -0.183166 100.372482 0.827307 0.079310 0.556123 -2.037784 0.000000 0.000000 0.000000 1.000000
0.550755 -0.191322 -0.812443 4.419900 0.052045 0.979352 -0.195347 100.345215 0.833042 0.065305 0.549341 -1.485059 0.000000 0.000000 0.000000 1.000000
0.536777 -0.211713 -0.816730 5.300725 0.071346 0.975929 -0.206091 100.225883 0.840702 0.052355 0.538961 -0.466863 0.000000 0.000000 0.000000 1.000000
0.517171 -0.228159 -0.824911 6.063327 0.087424 0.972855 -0.214268 100.057770 0.851405 0.038696 0.523079 1.022477 0.000000 0.000000 0.000000 1.000000
0.486390 -0.237196 -0.840930 6.311812 0.096162 0.971132 -0.218301 99.681824 0.868434 0.025314 0.495158 3.511606 0.000000 0.000000 0.000000 1.000000
0.461480 -0.261309 -0.847793 6.171626 0.107049 0.965056 -0.239182 99.410301 0.880668 0.019622 0.473327 6.501841 0.000000 0.000000 0.000000 1.000000
0.442005 -0.284054 -0.850850 5.845716 0.105934 0.958429 -0.264937 98.995979 0.890735 0.026969 0.453721 9.595846 0.000000 0.000000 0.000000 1.000000
0.448055 -0.302796 -0.841167 5.897310 0.101346 0.952034 -0.288722 98.400856 0.888243 0.044114 0.457251 12.761128 0.000000 0.000000 0.000000 1.000000
0.486158 -0.311533 -0.816454 6.470685 0.093482 0.947475 -0.305862 97.791893 0.868856 0.072374 0.489746 16.007704 0.000000 0.000000 0.000000 1.000000
0.543877 -0.291858 -0.786776 7.198254 0.069924 0.950071 -0.304097 97.541748 0.836247 0.110377 0.537130 19.553888 0.000000 0.000000 0.000000 1.000000
0.623331 -0.246403 -0.742121 7.643363 0.030746 0.956044 -0.291605 97.486191 0.781353 0.158949 0.603508 23.595158 0.000000 0.000000 0.000000 1.000000
0.722443 -0.180148 -0.667550 7.771379 -0.017682 0.960333 -0.278295 97.438362 0.691205 0.212856 0.690600 28.132147 0.000000 0.000000 0.000000 1.000000
0.845525 -0.104314 -0.523647 7.545163 -0.044236 0.963673 -0.263397 96.258827 0.532101 0.245872 0.810195 33.241543 0.000000 0.000000 0.000000 1.000000
0.939107 -0.041834 -0.341068 7.360358 -0.047309 0.967369 -0.248915 94.108421 0.340352 0.249893 0.906485 37.932323 0.000000 0.000000 0.000000 1.000000
0.985327 -0.031489 -0.167750 7.177154 -0.009845 0.970712 -0.240046 91.600395 0.170395 0.238175 0.956158 41.242836 0.000000 0.000000 0.000000 1.000000
0.999136 -0.040935 -0.007155 6.923411 0.038197 0.972481 -0.229831 89.252731 0.016367 0.229360 0.973204 44.085983 0.000000 0.000000 0.000000 1.000000
0.991784 -0.040997 0.121175 6.511394 0.069493 0.967961 -0.241294 87.768456 -0.107401 0.247732 0.962857 46.797306 0.000000 0.000000 0.000000 1.000000
0.976165 -0.024448 0.215649 6.016439 0.084051 0.958680 -0.271786 87.073769 -0.200093 0.283433 0.937885 49.277679 0.000000 0.000000 0.000000 1.000000
0.959589 -0.001585 0.281401 5.461626 0.093542 0.944917 -0.313659 86.837387 -0.265404 0.327306 0.906880 51.302135 0.000000 0.000000 0.000000 1.000000
0.947614 0.023462 0.318556 4.889747 0.098931 0.926701 -0.362543 86.969933 -0.303712 0.375066 0.875834 52.775017 0.000000 0.000000 0.000000 1.000000
0.940629 0.050178 0.335707 4.274931 0.100642 0.903312 -0.417012 87.336555 -0.324173 0.426040 0.844631 53.832924 0.000000 0.000000 0.000000 1.000000
0.934756 0.077479 0.346739 3.662225 0.102061 0.876242 -0.470939 87.739166 -0.340316 0.475602 0.811165 54.782104 0.000000 0.000000 0.000000 1.000000
0.930057 0.104502 0.352239 3.082499 0.102511 0.846821 -0.521905 88.148750 -0.352824 0.521510 0.776880 55.626068 0.000000 0.000000 0.000000 1.000000
0.928687 0.128829 0.347770 2.623085 0.098156 0.818905 -0.565474 88.555176 -0.357639 0.559284 0.747861 56.205563 0.000000 0.000000 0.000000 1.000000
0.938842 0.141026 0.314145 2.639256 0.074789 0.807003 -0.585793 88.936394 -0.336128 0.573462 0.747101 55.822174 0.000000 0.000000 0.000000 1.000000
0.950772 0.149033 0.271703 2.791862 0.045672 0.799804 -0.598522 89.304001 -0.306509 0.581467 0.753624 55.162491 0.000000 0.000000 0.000000 1.000000
0.963449 0.152325 0.220368 3.074504 0.012261 0.796671 -0.604288 89.650284 -0.267609 0.584903 0.765685 54.265930 0.000000 0.000000 0.000000 1.000000
0.978795 0.143572 0.146109 3.693822 -0.029225 0.803850 -0.594113 89.917824 -0.202748 0.577245 0.791000 52.766827 0.000000 0.000000 0.000000 1.000000
0.990107 0.126869 0.059940 4.445308 -0.069356 0.813841 -0.576934 90.066772 -0.121977 0.567069 0.814588 51.101215 0.000000 0.000000 0.000000 1.000000
0.993336 0.089218 -0.072969 5.580687 -0.114433 0.839020 -0.531932 89.834900 0.013764 0.536737 0.843637 48.656406 0.000000 0.000000 0.000000 1.000000
0.966401 0.069884 -0.247357 6.421178 -0.179415 0.872516 -0.454452 89.405197 0.184064 0.483562 0.855738 46.156361 0.000000 0.000000 0.000000 1.000000
0.904716 0.052356 -0.422786 7.189024 -0.222551 0.904319 -0.364249 89.263618 0.363263 0.423634 0.829804 43.439590 0.000000 0.000000 0.000000 1.000000
0.836684 0.028015 -0.546969 7.273812 -0.216655 0.934158 -0.283565 90.483337 0.503012 0.355758 0.787664 40.007252 0.000000 0.000000 0.000000 1.000000
0.783220 -0.008746 -0.621684 6.856986 -0.188850 0.949313 -0.251277 92.096634 0.592370 0.314210 0.741869 35.481350 0.000000 0.000000 0.000000 1.000000
0.749477 -0.045951 -0.660433 6.337296 -0.155906 0.957281 -0.243531 93.698273 0.643411 0.285486 0.710296 30.607180 0.000000 0.000000 0.000000 1.000000
0.718202 -0.081081 -0.691094 5.780554 -0.121495 0.963319 -0.239279 95.324028 0.685146 0.255815 0.682007 25.443171 0.000000 0.000000 0.000000 1.000000
0.689120 -0.111980 -0.715942 5.208435 -0.088283 0.967655 -0.236326 96.850784 0.719249 0.226063 0.656945 20.226583 0.000000 0.000000 0.000000 1.000000
0.662540 -0.135329 -0.736700 4.584605 -0.060260 0.970725 -0.232513 98.022148 0.746598 0.198443 0.634989 15.204741 0.000000 0.000000 0.000000 1.000000
0.632754 -0.145845 -0.760494 4.037466 -0.041856 0.974225 -0.221659 98.731148 0.773221 0.172087 0.610341 10.803462 0.000000 0.000000 0.000000 1.000000
0.614818 -0.141995 -0.775781 3.748638 -0.037111 0.977360 -0.208302 99.004593 0.787795 0.156858 0.595629 8.032571 0.000000 0.000000 0.000000 1.000000
0.603372 -0.136569 -0.785678 3.456815 -0.033029 0.980101 -0.195730 99.218765 0.796775 0.144049 0.586855 5.629152 0.000000 0.000000 0.000000 1.000000
0.595450 -0.130150 -0.792780 3.137685 -0.029610 0.982565 -0.183547 99.469810 0.802847 0.132768 0.581214 3.392989 0.000000 0.000000 0.000000 1.000000
0.588443 -0.123851 -0.798996 2.784701 -0.025519 0.984861 -0.171456 99.829208 0.808136 0.121282 0.576374 1.090361 0.000000 0.000000 0.000000 1.000000
0.579660 -0.118296 -0.806226 2.389683 -0.019981 0.987045 -0.159194 100.280518 0.814614 0.108388 0.569787 -1.451832 0.000000 0.000000 0.000000 1.000000</float_array><technique_common><accessor source="#Hips-Matrix-animation-output-transform-array" count="46" stride="16"><param type="float4x4"/></accessor></technique_common></source><source id="Hips-Interpolations"><Name_array id="Hips-Interpolations-array" count="46">
 LINEAR LINEAR LINEAR LINEAR LINEAR LINEAR LINEAR LINEAR LINEAR LINEAR LINEAR
LINEAR LINEAR LINEAR LINEAR LINEAR LINEAR LINEAR LINEAR LINEAR LINEAR LINEAR LINEAR
LINEAR LINEAR LINEAR LINEAR LINEAR LINEAR LINEAR LINEAR LINEAR LINEAR LINEAR LINEAR
LINEAR LINEAR LINEAR LINEAR LINEAR LINEAR LINEAR LINEAR LINEAR LINEAR LINEAR</Name_array><technique_common><accessor source="#Hips-Interpolations-array" count="46"><param type="name"/></accessor></technique_common></source><sampler id="Hips-Matrix-animation-transform"><input semantic="INPUT" source="#Hips-Matrix-animation-input"/><input semantic="OUTPUT" source="#Hips-Matrix-animation-output-transform"/><input semantic="INTERPOLATION" source="#Hips-Interpolations"/></sampler><channel source="#Hips-Matrix-animation-transform" target="Hips/matrix"/></animation>
    <animation id="Spine-anim" name="Spine"><source id="Spine-Matrix-animation-input"><float_array id="Spine-Matrix-animation-input-array" count="46">

0.000000 0.033333 0.066667 0.100000 0.133333 0.166667 0.200000 0.233333 0.266667 0.300000 0.333333 0.366667 0.400000 0.433333 0.466667 0.500000
0.533333 0.566667 0.600000 0.633333 0.666667 0.700000 0.733333 0.766667 0.800000 0.833333 0.866667 0.900000 0.933333 0.966667 1.000000 1.033333
1.066667 1.100000 1.133333 1.166667 1.200000 1.233333 1.266667 1.300000 1.333333 1.366667 1.400000 1.433333 1.466667 1.500000</float_array><technique_common><accessor source="#Spine-Matrix-animation-input-array" count="46"><param name="TIME" type="float"/></accessor></technique_common></source><source id="Spine-Matrix-animation-output-transform"><float_array id="Spine-Matrix-animation-output-transform-array" count="736">

0.996534 0.050024 0.066470 0.000000 -0.041175 0.990867 -0.128404 13.214800 -0.072286 0.125222 0.989492 0.000000 0.000000 0.000000 0.000000 1.000000
0.997670 0.030631 0.060961 0.000000 -0.022822 0.991907 -0.124902 13.214800 -0.064293 0.123220 0.990295 0.000000 0.000000 0.000000 0.000000 1.000000
0.998999 0.010632 0.043449 0.000000 -0.004949 0.991652 -0.128852 13.214800 -0.044456 0.128508 0.990712 0.000000 0.000000 0.000000 0.000000 1.000000
0.999795 -0.009503 0.017881 0.000000 0.011935 0.989902 -0.141247 13.214800 -0.016358 0.141432 0.989813 0.000000 0.000000 0.000000 0.000000 1.000000
0.999491 -0.029801 -0.011417 -0.000000 0.027648 0.987279 -0.156577 13.214800 0.015938 0.156181 0.987600 0.000000 0.000000 0.000000 0.000000 1.000000
0.997988 -0.047739 -0.041722 -0.000000 0.040020 0.984723 -0.169465 13.214800 0.049175 0.167454 0.984653 0.000000 0.000000 0.000000 0.000000 1.000000
0.995608 -0.063021 -0.069227 0.000000 0.050396 0.983983 -0.170989 13.214800 0.078894 0.166750 0.982838 0.000000 0.000000 0.000000 0.000000 1.000000
0.992318 -0.075468 -0.098027 0.000000 0.060064 0.986623 -0.151547 13.214800 0.108153 0.144495 0.983577 0.000000 0.000000 0.000000 0.000000 1.000000
0.988900 -0.085050 -0.121829 0.000000 0.069192 0.989234 -0.128954 13.214800 0.131485 0.119093 0.984139 0.000000 0.000000 0.000000 0.000000 1.000000
0.986223 -0.090164 -0.138688 0.000000 0.075770 0.991498 -0.105784 13.214800 0.147046 0.093818 0.984670 0.000000 0.000000 0.000000 0.000000 1.000000
0.985185 -0.089204 -0.146471 0.000000 0.077971 0.993682 -0.080730 13.214800 0.152747 0.068114 0.985915 0.000000 0.000000 0.000000 0.000000 1.000000
0.988755 -0.078843 -0.127073 -0.000000 0.068726 0.994249 -0.082132 13.214800 0.132818 0.072475 0.988487 0.000000 0.000000 0.000000 0.000000 1.000000
0.994992 -0.061382 -0.078891 -0.000000 0.054024 0.994271 -0.092235 13.214800 0.084101 0.087511 0.992607 -0.000000 0.000000 0.000000 0.000000 1.000000
0.999219 -0.038827 -0.007347 0.000000 0.037796 0.993326 -0.108971 13.214800 0.011529 0.108608 0.994018 0.000000 0.000000 0.000000 0.000000 1.000000
0.998042 -0.010695 0.061619 0.000000 0.018945 0.990678 -0.134902 13.214800 -0.059602 0.135806 0.988941 0.000000 0.000000 0.000000 0.000000 1.000000
0.994022 0.024844 0.106314 0.000000 -0.006457 0.985438 -0.169915 13.214800 -0.108987 0.168213 0.979707 0.000000 0.000000 0.000000 0.000000 1.000000
0.989074 0.081083 0.123117 0.000000 -0.052739 0.974499 -0.218107 13.214800 -0.137662 0.209231 0.968128 -0.000000 0.000000 0.000000 0.000000 1.000000
0.980846 0.141531 0.133828 0.000000 -0.101940 0.958437 -0.266470 13.214800 -0.165979 0.247723 0.954507 0.000000 0.000000 0.000000 0.000000 1.000000
0.968067 0.187116 0.166837 0.000000 -0.131494 0.945606 -0.297553 13.214800 -0.213439 0.266113 0.940015 0.000000 0.000000 0.000000 0.000000 1.000000
0.949646 0.219763 0.223330 0.000000 -0.143706 0.938879 -0.312816 13.214800 -0.278425 0.264971 0.923185 0.000000 0.000000 0.000000 0.000000 1.000000
0.930461 0.249743 0.268086 -0.000000 -0.157399 0.933200 -0.323054 13.214800 -0.330858 0.258393 0.907616 -0.000000 0.000000 0.000000 0.000000 1.000000
0.916543 0.277973 0.287541 -0.000000 -0.177483 0.926997 -0.330420 13.214800 -0.358398 0.251810 0.898968 -0.000000 0.000000 0.000000 0.000000 1.000000
0.905618 0.304511 0.295176 0.000000 -0.200714 0.920882 -0.334202 13.214800 -0.373590 0.243414 0.895087 0.000000 0.000000 0.000000 0.000000 1.000000
0.894994 0.330291 0.299824 0.000000 -0.224401 0.914258 -0.337309 13.214800 -0.385526 0.234608 0.892372 -0.000000 0.000000 0.000000 0.000000 1.000000
0.884999 0.354448 0.301899 0.000000 -0.247588 0.907411 -0.339567 13.214800 -0.394305 0.225770 0.890815 0.000000 0.000000 0.000000 0.000000 1.000000
0.877874 0.373976 0.299132 -0.000000 -0.268568 0.901624 -0.339037 13.214800 -0.396496 0.217295 0.891949 0.000000 0.000000 0.000000 0.000000 1.000000
0.881711 0.378459 0.281699 0.000000 -0.281947 0.901419 -0.328557 13.214800 -0.378275 0.210268 0.901496 0.000000 0.000000 0.000000 0.000000 1.000000
0.888148 0.378823 0.260168 -0.000000 -0.292797 0.902798 -0.315002 13.214800 -0.354209 0.203592 0.912736 0.000000 0.000000 0.000000 0.000000 1.000000
0.896194 0.376061 0.235401 0.000000 -0.301336 0.905376 -0.299151 13.214800 -0.325626 0.197163 0.924713 0.000000 0.000000 0.000000 0.000000 1.000000
0.908027 0.366116 0.203585 -0.000000 -0.304620 0.910679 -0.279052 13.214800 -0.287566 0.191371 0.938447 0.000000 0.000000 0.000000 0.000000 1.000000
0.919391 0.353614 0.172272 0.000000 -0.304008 0.916717 -0.259247 13.214800 -0.249598 0.185977 0.950323 0.000000 0.000000 0.000000 0.000000 1.000000
0.930688 0.338613 0.138422 -0.000000 -0.300192 0.923194 -0.239996 13.214800 -0.209056 0.181809 0.960854 -0.000000 0.000000 0.000000 0.000000 1.000000
0.940871 0.320909 0.108529 0.000000 -0.290091 0.928675 -0.231106 13.214800 -0.174952 0.185957 0.966856 0.000000 0.000000 0.000000 0.000000 1.000000
0.951218 0.300361 0.070484 -0.000000 -0.277795 0.933224 -0.227866 13.214800 -0.134219 0.197171 0.971138 -0.000000 0.000000 0.000000 0.000000 1.000000
0.959277 0.279631 0.039926 0.000000 -0.264616 0.939083 -0.219320 13.214800 -0.098823 0.199823 0.974836 -0.000000 0.000000 0.000000 0.000000 1.000000
0.965735 0.259137 0.014270 -0.000000 -0.251336 0.947539 -0.197483 13.214800 -0.064696 0.187130 0.980202 -0.000000 0.000000 0.000000 0.000000 1.000000
0.971302 0.237849 0.000503 0.000000 -0.234166 0.956626 -0.173300 13.214800 -0.041701 0.168209 0.984869 0.000000 0.000000 0.000000 0.000000 1.000000
0.976315 0.216014 -0.012084 0.000000 -0.215399 0.965256 -0.147932 13.214800 -0.020292 0.147031 0.988924 0.000000 0.000000 0.000000 0.000000 1.000000
0.980783 0.194002 -0.020707 -0.000000 -0.195052 0.972544 -0.126935 13.214800 -0.004487 0.128535 0.991695 0.000000 0.000000 0.000000 0.000000 1.000000
0.984727 0.173304 -0.016667 0.000000 -0.174045 0.977403 -0.119961 13.214800 -0.004499 0.121030 0.992639 0.000000 0.000000 0.000000 0.000000 1.000000
0.988230 0.152931 -0.003755 0.000000 -0.152130 0.979881 -0.129185 13.214800 -0.016077 0.128236 0.991613 0.000000 0.000000 0.000000 0.000000 1.000000
0.991377 0.130500 0.011874 -0.000000 -0.127748 0.982684 -0.134207 13.214800 -0.029182 0.131533 0.990882 0.000000 0.000000 0.000000 0.000000 1.000000
0.993659 0.109378 0.026029 0.000000 -0.104915 0.985265 -0.135077 13.214800 -0.040419 0.131490 0.990493 -0.000000 0.000000 0.000000 0.000000 1.000000
0.995250 0.088865 0.039759 0.000000 -0.082855 0.987598 -0.133358 13.214800 -0.051117 0.129431 0.990270 0.000000 0.000000 0.000000 0.000000 1.000000
0.996186 0.069207 0.053144 0.000000 -0.061775 0.989506 -0.130622 13.214800 -0.061626 0.126840 0.990007 0.000000 0.000000 0.000000 0.000000 1.000000
0.996534 0.050024 0.066470 -0.000000 -0.041175 0.990867 -0.128404 13.214800 -0.072286 0.125222 0.989492 0.000000 0.000000 0.000000 0.000000 1.000000</float_array><technique_common><accessor source="#Spine-Matrix-animation-output-transform-array" count="46" stride="16"><param type="float4x4"/></accessor></technique_common></source><source id="Spine-Interpolations"><Name_array id="Spine-Interpolations-array" count="46">
 LINEAR LINEAR LINEAR LINEAR LINEAR LINEAR LINEAR LINEAR LINEAR LINEAR LINEAR
LINEAR LINEAR LINEAR LINEAR LINEAR LINEAR LINEAR LINEAR LINEAR LINEAR LINEAR LINEAR
LINEAR LINEAR LINEAR LINEAR LINEAR LINEAR LINEAR LINEAR LINEAR LINEAR LINEAR LINEAR
LINEAR LINEAR LINEAR LINEAR LINEAR LINEAR LINEAR LINEAR LINEAR LINEAR LINEAR</Name_array><technique_common><accessor source="#Spine-Interpolations-array" count="46"><param type="name"/></accessor></technique_common></source><sampler id="Spine-Matrix-animation-transform"><input semantic="INPUT" source="#Spine-Matrix-animation-input"/><input semantic="OUTPUT" source="#Spine-Matrix-animation-output-transform"/><input semantic="INTERPOLATION" source="#Spine-Interpolations"/></sampler><channel source="#Spine-Matrix-animation-transform" target="Spine/matrix"/></animation>
    <animation id="Spine1-anim" name="Spine1"><source id="Spine1-Matrix-animation-input"><float_array id="Spine1-Matrix-animation-input-array" count="46">

0.000000 0.033333 0.066667 0.100000 0.133333 0.166667 0.200000 0.233333 0.266667 0.300000 0.333333 0.366667 0.400000 0.433333 0.466667 0.500000
0.533333 0.566667 0.600000 0.633333 0.666667 0.700000 0.733333 0.766667 0.800000 0.833333 0.866667 0.900000 0.933333 0.966667 1.000000 1.033333
1.066667 1.100000 1.133333 1.166667 1.200000 1.233333 1.266667 1.300000 1.333333 1.366667 1.400000 1.433333 1.466667 1.500000</float_array><technique_common><accessor source="#Spine1-Matrix-animation-input-array" count="46"><param name="TIME" type="float"/></accessor></technique_common></source><source id="Spine1-Matrix-animation-output-transform"><float_array id="Spine1-Matrix-animation-output-transform-array" count="736">

0.998870 -0.040556 0.024793 -0.007800 0.041082 0.998933 -0.021096 9.224200 -0.023911 0.022091 0.999470 0.000000 0.000000 0.000000 0.000000 1.000000
0.999047 -0.037421 0.022486 -0.007800 0.037659 0.999238 -0.010236 9.224200 -0.022086 0.011073 0.999695 -0.000000 0.000000 0.000000 0.000000 1.000000
0.999436 -0.029333 0.016365 -0.007800 0.029248 0.999557 0.005444 9.224200 -0.016518 -0.004962 0.999851 -0.000000 0.000000 0.000000 0.000000 1.000000
0.999804 -0.018267 0.007642 -0.007800 0.018184 0.999777 0.010778 9.224200 -0.007837 -0.010637 0.999913 -0.000000 0.000000 0.000000 0.000000 1.000000
0.999978 -0.006194 -0.002428 -0.007800 0.006227 0.999884 0.013875 9.224200 0.002341 -0.013890 0.999901 0.000000 0.000000 0.000000 0.000000 1.000000
0.999909 0.004910 -0.012592 -0.007800 -0.004701 0.999851 0.016631 9.224200 0.012672 -0.016570 0.999782 0.000000 0.000000 0.000000 0.000000 1.000000
0.999681 0.013069 -0.021605 -0.007800 -0.012675 0.999753 0.018254 9.224200 0.021838 -0.017975 0.999600 0.000000 0.000000 0.000000 0.000000 1.000000
0.999397 0.016308 -0.030652 -0.007800 -0.015657 0.999649 0.021349 9.224200 0.030989 -0.020856 0.999302 0.000000 0.000000 0.000000 0.000000 1.000000
0.999085 0.018851 -0.038395 -0.007800 -0.017961 0.999565 0.023383 9.224200 0.038819 -0.022672 0.998989 -0.000000 0.000000 0.000000 0.000000 1.000000
0.998824 0.020235 -0.044066 -0.007800 -0.019131 0.999496 0.025334 9.224200 0.044556 -0.024461 0.998707 0.000000 0.000000 0.000000 0.000000 1.000000
0.998686 0.021222 -0.046654 -0.007800 -0.019909 0.999397 0.028432 9.224200 0.047229 -0.027465 0.998506 0.000000 0.000000 0.000000 0.000000 1.000000
0.999031 0.017395 -0.040431 -0.007800 -0.016247 0.999461 0.028539 9.224200 0.040906 -0.027855 0.998775 0.000000 0.000000 0.000000 0.000000 1.000000
0.999618 0.009444 -0.025991 -0.007800 -0.008657 0.999505 0.030236 9.224200 0.026264 -0.029999 0.999205 -0.000000 0.000000 0.000000 0.000000 1.000000
0.999987 -0.001265 -0.005016 -0.007800 0.001431 0.999445 0.033272 9.224200 0.004971 -0.033278 0.999434 0.000000 0.000000 0.000000 0.000000 1.000000
0.999844 -0.009033 0.015196 -0.007800 0.008568 0.999501 0.030412 9.224200 -0.015463 -0.030277 0.999422 -0.000000 0.000000 0.000000 0.000000 1.000000
0.999505 -0.007973 0.030442 -0.007800 0.007236 0.999680 0.024235 9.224200 -0.030625 -0.024002 0.999243 0.000000 0.000000 0.000000 0.000000 1.000000
0.999191 -0.001587 0.040194 -0.007800 0.001071 0.999917 0.012865 9.224200 -0.040211 -0.012811 0.999109 -0.000000 0.000000 0.000000 0.000000 1.000000
0.998786 0.007459 0.048682 -0.007800 -0.007450 0.999972 -0.000377 9.224200 -0.048683 0.000014 0.998814 0.000000 0.000000 0.000000 0.000000 1.000000
0.997962 0.018174 0.061162 -0.007800 -0.017389 0.999760 -0.013349 9.224200 -0.061390 0.012258 0.998039 -0.000000 0.000000 0.000000 0.000000 1.000000
0.996459 0.031202 0.078081 -0.007800 -0.029182 0.999213 -0.026882 9.224200 -0.078858 0.024508 0.996585 -0.000000 0.000000 0.000000 0.000000 1.000000
0.994863 0.044287 0.091025 -0.007800 -0.040886 0.998407 -0.038887 9.224200 -0.092602 0.034966 0.995089 0.000000 0.000000 0.000000 0.000000 1.000000
0.993757 0.056004 0.096495 -0.007800 -0.051570 0.997522 -0.047857 9.224200 -0.098936 0.042582 0.994182 -0.000000 0.000000 0.000000 0.000000 1.000000
0.992935 0.066838 0.098041 -0.007800 -0.061646 0.996578 -0.055072 9.224200 -0.101386 0.048639 0.993657 0.000000 0.000000 0.000000 0.000000 1.000000
0.992103 0.077399 0.098698 -0.007800 -0.071514 0.995521 -0.061837 9.224200 -0.103042 0.054290 0.993194 0.000000 0.000000 0.000000 0.000000 1.000000
0.991265 0.087517 0.098665 -0.007800 -0.081023 0.994389 -0.068017 9.224200 -0.104064 0.059429 0.992793 0.000000 0.000000 0.000000 0.000000 1.000000
0.990587 0.096331 0.097254 -0.007800 -0.089475 0.993342 -0.072565 9.224200 -0.103596 0.063180 0.992611 0.000000 0.000000 0.000000 0.000000 1.000000
0.990719 0.100482 0.091541 -0.007800 -0.094130 0.993006 -0.071260 9.224200 -0.098061 0.061982 0.993248 0.000000 0.000000 0.000000 0.000000 1.000000
0.991051 0.103196 0.084665 -0.007800 -0.097558 0.992888 -0.068239 9.224200 -0.091105 0.059369 0.994070 -0.000000 0.000000 0.000000 0.000000 1.000000
0.991581 0.104149 0.076949 -0.007800 -0.099357 0.993012 -0.063689 9.224200 -0.083044 0.055508 0.994999 0.000000 0.000000 0.000000 0.000000 1.000000
0.992708 0.099901 0.067458 -0.007800 -0.096237 0.993807 -0.055551 9.224200 -0.072590 0.048654 0.996174 -0.000000 0.000000 0.000000 0.000000 1.000000
0.994144 0.090953 0.058350 -0.007800 -0.088294 0.995001 -0.046651 9.224200 -0.062301 0.041226 0.997206 0.000000 0.000000 0.000000 0.000000 1.000000
0.996286 0.070681 0.049184 -0.007800 -0.069013 0.997008 -0.034831 9.224200 -0.051499 0.031308 0.998182 0.000000 0.000000 0.000000 0.000000 1.000000
0.997535 0.056690 0.041360 -0.007800 -0.055664 0.998122 -0.025565 9.224200 -0.042732 0.023200 0.998817 0.000000 0.000000 0.000000 0.000000 1.000000
0.998373 0.047749 0.031159 -0.007800 -0.047304 0.998770 -0.014866 9.224200 -0.031830 0.013367 0.999404 0.000000 0.000000 0.000000 0.000000 1.000000
0.998950 0.040138 0.022093 -0.007800 -0.039971 0.999169 -0.007929 9.224200 -0.022393 0.007038 0.999724 -0.000000 0.000000 0.000000 0.000000 1.000000
0.999262 0.035142 0.015505 -0.007800 -0.035094 0.999378 -0.003342 9.224200 -0.015613 0.002795 0.999874 -0.000000 0.000000 0.000000 0.000000 1.000000
0.999410 0.032824 0.010160 -0.007800 -0.032833 0.999461 0.000659 9.224200 -0.010133 -0.000993 0.999948 0.000000 0.000000 0.000000 0.000000 1.000000
0.999475 0.032012 0.004948 -0.007800 -0.032038 0.999472 0.005395 9.224200 -0.004772 -0.005551 0.999973 0.000000 0.000000 0.000000 0.000000 1.000000
0.999494 0.031803 0.001092 -0.007800 -0.031812 0.999447 0.009632 9.224200 -0.000785 -0.009662 0.999953 0.000000 0.000000 0.000000 0.000000 1.000000
0.999507 0.031353 0.001375 -0.007800 -0.031367 0.999437 0.011905 9.224200 -0.001001 -0.011942 0.999928 0.000000 0.000000 0.000000 0.000000 1.000000
0.999576 0.028821 0.004152 -0.007800 -0.028866 0.999521 0.011191 9.224200 -0.003827 -0.011306 0.999929 0.000000 0.000000 0.000000 0.000000 1.000000
0.999802 0.018254 0.007957 -0.007800 -0.018304 0.999814 0.006132 9.224200 -0.007844 -0.006277 0.999950 0.000000 0.000000 0.000000 0.000000 1.000000
0.999916 0.004791 0.012049 -0.007800 -0.004788 0.999989 -0.000238 9.224200 -0.012050 0.000180 0.999927 -0.000000 0.000000 0.000000 0.000000 1.000000
0.999814 -0.010328 0.016303 -0.007800 0.010448 0.999919 -0.007298 9.224200 -0.016226 0.007467 0.999840 0.000000 0.000000 0.000000 0.000000 1.000000
0.999453 -0.025859 0.020592 -0.007800 0.026159 0.999553 -0.014445 9.224200 -0.020209 0.014975 0.999684 0.000000 0.000000 0.000000 0.000000 1.000000
0.998870 -0.040556 0.024793 -0.007800 0.041082 0.998933 -0.021096 9.224200 -0.023911 0.022091 0.999470 0.000000 0.000000 0.000000 0.000000 1.000000</float_array><technique_common><accessor source="#Spine1-Matrix-animation-output-transform-array" count="46" stride="16"><param type="float4x4"/></accessor></technique_common></source><source id="Spine1-Interpolations"><Name_array id="Spine1-Interpolations-array" count="46">
 LINEAR LINEAR LINEAR LINEAR LINEAR LINEAR LINEAR LINEAR LINEAR LINEAR LINEAR
LINEAR LINEAR LINEAR LINEAR LINEAR LINEAR LINEAR LINEAR LINEAR LINEAR LINEAR LINEAR
LINEAR LINEAR LINEAR LINEAR LINEAR LINEAR LINEAR LINEAR LINEAR LINEAR LINEAR LINEAR
LINEAR LINEAR LINEAR LINEAR LINEAR LINEAR LINEAR LINEAR LINEAR LINEAR LINEAR</Name_array><technique_common><accessor source="#Spine1-Interpolations-array" count="46"><param type="name"/></accessor></technique_common></source><sampler id="Spine1-Matrix-animation-transform"><input semantic="INPUT" source="#Spine1-Matrix-animation-input"/><input semantic="OUTPUT" source="#Spine1-Matrix-animation-output-transform"/><input semantic="INTERPOLATION" source="#Spine1-Interpolations"/></sampler><channel source="#Spine1-Matrix-animation-transform" target="Spine1/matrix"/></animation>
    <animation id="Spine2-anim" name="Spine2"><source id="Spine2-Matrix-animation-input"><float_array id="Spine2-Matrix-animation-input-array" count="46">

0.000000 0.033333 0.066667 0.100000 0.133333 0.166667 0.200000 0.233333 0.266667 0.300000 0.333333 0.366667 0.400000 0.433333 0.466667 0.500000
0.533333 0.566667 0.600000 0.633333 0.666667 0.700000 0.733333 0.766667 0.800000 0.833333 0.866667 0.900000 0.933333 0.966667 1.000000 1.033333
1.066667 1.100000 1.133333 1.166667 1.200000 1.233333 1.266667 1.300000 1.333333 1.366667 1.400000 1.433333 1.466667 1.500000</float_array><technique_common><accessor source="#Spine2-Matrix-animation-input-array" count="46"><param name="TIME" type="float"/></accessor></technique_common></source><source id="Spine2-Matrix-animation-output-transform"><float_array id="Spine2-Matrix-animation-output-transform-array" count="736">

0.999575 -0.018316 0.022667 -0.005300 0.018403 0.999824 -0.003651 11.063000 -0.022596 0.004067 0.999736 0.000000 0.000000 0.000000 0.000000 1.000000
0.999628 -0.017465 0.020928 -0.005300 0.017377 0.999839 0.004394 11.063000 -0.021001 -0.004028 0.999771 0.000000 0.000000 0.000000 0.000000 1.000000
0.999791 -0.012860 0.015915 -0.005300 0.012616 0.999803 0.015344 11.063000 -0.016109 -0.015140 0.999756 -0.000000 0.000000 0.000000 0.000000 1.000000
0.999959 -0.003753 0.008194 -0.005300 0.003615 0.999852 0.016790 11.063000 -0.008256 -0.016760 0.999825 0.000000 0.000000 0.000000 0.000000 1.000000
0.999981 0.005994 -0.001148 -0.005300 -0.005974 0.999849 0.016338 11.063000 0.001246 -0.016330 0.999866 0.000000 0.000000 0.000000 0.000000 1.000000
0.999859 0.012673 -0.011049 -0.005300 -0.012489 0.999785 0.016579 11.063000 0.011256 -0.016439 0.999802 0.000000 0.000000 0.000000 0.000000 1.000000
0.999656 0.015968 -0.020805 -0.005300 -0.015592 0.999714 0.018130 11.063000 0.021088 -0.017799 0.999619 0.000000 0.000000 0.000000 0.000000 1.000000
0.999373 0.018704 -0.030049 -0.005300 -0.018072 0.999613 0.021158 11.063000 0.030434 -0.020602 0.999324 0.000000 0.000000 0.000000 0.000000 1.000000
0.999059 0.020705 -0.038101 -0.005300 -0.019832 0.999535 0.023159 11.063000 0.038563 -0.022382 0.999005 -0.000000 0.000000 0.000000 0.000000 1.000000
0.998790 0.021816 -0.044075 -0.005300 -0.020717 0.999467 0.025228 11.063000 0.044602 -0.024284 0.998710 0.000000 0.000000 0.000000 0.000000 1.000000
0.998675 0.021937 -0.046556 -0.005300 -0.020651 0.999396 0.027935 11.063000 0.047141 -0.026936 0.998525 0.000000 0.000000 0.000000 0.000000 1.000000
0.999025 0.018038 -0.040306 -0.005300 -0.016815 0.999394 0.030475 11.063000 0.040831 -0.029767 0.998723 0.000000 0.000000 0.000000 0.000000 1.000000
0.999615 0.009849 -0.025923 -0.005300 -0.009005 0.999433 0.032445 11.063000 0.026228 -0.032199 0.999137 0.000000 0.000000 0.000000 0.000000 1.000000
0.999986 -0.001211 -0.005081 -0.005300 0.001379 0.999444 0.033327 11.063000 0.005037 -0.033334 0.999432 -0.000000 0.000000 0.000000 0.000000 1.000000
0.999843 -0.009329 0.015074 -0.005300 0.008865 0.999494 0.030536 11.063000 -0.015351 -0.030398 0.999420 -0.000000 0.000000 0.000000 0.000000 1.000000
0.999496 -0.008365 0.030612 -0.005300 0.007608 0.999664 0.024761 11.063000 -0.030809 -0.024516 0.999225 0.000000 0.000000 0.000000 0.000000 1.000000
0.999163 -0.001822 0.040853 -0.005300 0.001253 0.999902 0.013950 11.063000 -0.040875 -0.013887 0.999068 -0.000000 0.000000 0.000000 0.000000 1.000000
0.998731 0.007536 0.049798 -0.005300 -0.007607 0.999970 0.001238 11.063000 -0.049787 -0.001615 0.998759 -0.000000 0.000000 0.000000 0.000000 1.000000
0.997873 0.018833 0.062408 -0.005300 -0.018166 0.999772 -0.011239 11.063000 -0.062605 0.010082 0.997987 -0.000000 0.000000 0.000000 0.000000 1.000000
0.996325 0.032760 0.079140 -0.005300 -0.030926 0.999227 -0.024287 11.063000 -0.079875 0.021750 0.996568 0.000000 0.000000 0.000000 0.000000 1.000000
0.994695 0.046576 0.091719 -0.005300 -0.043415 0.998402 -0.036164 11.063000 -0.093257 0.031990 0.995128 0.000000 0.000000 0.000000 0.000000 1.000000
0.993567 0.058715 0.096834 -0.005300 -0.054518 0.997478 -0.045439 11.063000 -0.099257 0.039868 0.994263 -0.000000 0.000000 0.000000 0.000000 1.000000
0.992721 0.069882 0.098086 -0.005300 -0.064889 0.996473 -0.053205 11.063000 -0.101459 0.046453 0.993755 0.000000 0.000000 0.000000 0.000000 1.000000
0.991857 0.080756 0.098474 -0.005300 -0.075027 0.995341 -0.060562 11.063000 -0.102906 0.052680 0.993295 -0.000000 0.000000 0.000000 0.000000 1.000000
0.990981 0.091161 0.098219 -0.005300 -0.084778 0.994123 -0.067319 11.063000 -0.103779 0.058385 0.992885 0.000000 0.000000 0.000000 0.000000 1.000000
0.990254 0.100199 0.096733 -0.005300 -0.093409 0.992996 -0.072348 11.063000 -0.103304 0.062608 0.992677 0.000000 0.000000 0.000000 0.000000 1.000000
0.990369 0.104172 0.091195 -0.005300 -0.097865 0.992656 -0.071110 11.063000 -0.097933 0.061501 0.993291 -0.000000 0.000000 0.000000 0.000000 1.000000
0.990706 0.106572 0.084523 -0.005300 -0.100966 0.992560 -0.068044 11.063000 -0.091146 0.058878 0.994095 -0.000000 0.000000 0.000000 0.000000 1.000000
0.991283 0.107006 0.076859 -0.005300 -0.102248 0.992738 -0.063381 11.063000 -0.083083 0.054970 0.995025 0.000000 0.000000 0.000000 0.000000 1.000000
0.992551 0.101748 0.067009 -0.005300 -0.098146 0.993650 -0.055021 11.063000 -0.072182 0.048034 0.996234 0.000000 0.000000 0.000000 0.000000 1.000000
0.994070 0.092046 0.057892 -0.005300 -0.089440 0.994924 -0.046113 11.063000 -0.061843 0.040661 0.997257 0.000000 0.000000 0.000000 0.000000 1.000000
0.996248 0.071286 0.049071 -0.005300 -0.069634 0.996973 -0.034589 11.063000 -0.051388 0.031042 0.998196 0.000000 0.000000 0.000000 0.000000 1.000000
0.997498 0.057154 0.041611 -0.005300 -0.056135 0.998104 -0.025256 11.063000 -0.042975 0.022857 0.998815 0.000000 0.000000 0.000000 0.000000 1.000000
0.998336 0.048087 0.031826 -0.005300 -0.047647 0.998760 -0.014448 11.063000 -0.032481 0.012908 0.999389 0.000000 0.000000 0.000000 0.000000 1.000000
0.998918 0.040443 0.022973 -0.005300 -0.040280 0.999160 -0.007479 11.063000 -0.023256 0.006546 0.999708 0.000000 0.000000 0.000000 0.000000 1.000000
0.999235 0.035492 0.016431 -0.005300 -0.035451 0.999368 -0.002751 11.063000 -0.016519 0.002166 0.999861 0.000000 0.000000 0.000000 0.000000 1.000000
0.999389 0.033167 0.010989 -0.005300 -0.033182 0.999449 0.001209 11.063000 -0.010943 -0.001573 0.999939 -0.000000 0.000000 0.000000 0.000000 1.000000
0.999463 0.032292 0.005595 -0.005300 -0.032324 0.999461 0.005789 11.063000 -0.005405 -0.005967 0.999968 -0.000000 0.000000 0.000000 0.000000 1.000000
0.999486 0.032028 0.001531 -0.005300 -0.032041 0.999438 0.009842 11.063000 -0.001215 -0.009886 0.999950 0.000000 0.000000 0.000000 0.000000 1.000000
0.999502 0.031527 0.001655 -0.005300 -0.031544 0.999430 0.012017 11.063000 -0.001275 -0.012064 0.999926 -0.000000 0.000000 0.000000 0.000000 1.000000
0.999568 0.029054 0.004352 -0.005300 -0.029102 0.999512 0.011386 11.063000 -0.004019 -0.011507 0.999926 -0.000000 0.000000 0.000000 0.000000 1.000000
0.999738 0.021523 0.007819 -0.005300 -0.021592 0.999728 0.008774 11.063000 -0.007628 -0.008941 0.999931 0.000000 0.000000 0.000000 0.000000 1.000000
0.999859 0.012293 0.011459 -0.005300 -0.012359 0.999907 0.005762 11.063000 -0.011387 -0.005903 0.999918 0.000000 0.000000 0.000000 0.000000 1.000000
0.999882 0.002090 0.015197 -0.005300 -0.002129 0.999994 0.002558 11.063000 -0.015192 -0.002590 0.999881 0.000000 0.000000 0.000000 0.000000 1.000000
0.999785 -0.008356 0.018958 -0.005300 0.008370 0.999965 -0.000642 11.063000 -0.018952 0.000801 0.999820 -0.000000 0.000000 0.000000 0.000000 1.000000
0.999575 -0.018316 0.022667 -0.005300 0.018403 0.999824 -0.003651 11.063000 -0.022596 0.004067 0.999736 -0.000000 0.000000 0.000000 0.000000 1.000000</float_array><technique_common><accessor source="#Spine2-Matrix-animation-output-transform-array" count="46" stride="16"><param type="float4x4"/></accessor></technique_common></source><source id="Spine2-Interpolations"><Name_array id="Spine2-Interpolations-array" count="46">
 LINEAR LINEAR LINEAR LINEAR LINEAR LINEAR LINEAR LINEAR LINEAR LINEAR LINEAR
LINEAR LINEAR LINEAR LINEAR LINEAR LINEAR LINEAR LINEAR LINEAR LINEAR LINEAR LINEAR
LINEAR LINEAR LINEAR LINEAR LINEAR LINEAR LINEAR LINEAR LINEAR LINEAR LINEAR LINEAR
LINEAR LINEAR LINEAR LINEAR LINEAR LINEAR LINEAR LINEAR LINEAR LINEAR LINEAR</Name_array><technique_common><accessor source="#Spine2-Interpolations-array" count="46"><param type="name"/></accessor></technique_common></source><sampler id="Spine2-Matrix-animation-transform"><input semantic="INPUT" source="#Spine2-Matrix-animation-input"/><input semantic="OUTPUT" source="#Spine2-Matrix-animation-output-transform"/><input semantic="INTERPOLATION" source="#Spine2-Interpolations"/></sampler><channel source="#Spine2-Matrix-animation-transform" target="Spine2/matrix"/></animation>
    <animation id="Neck-anim" name="Neck"><source id="Neck-Matrix-animation-input"><float_array id="Neck-Matrix-animation-input-array" count="46">

0.000000 0.033333 0.066667 0.100000 0.133333 0.166667 0.200000 0.233333 0.266667 0.300000 0.333333 0.366667 0.400000 0.433333 0.466667 0.500000
0.533333 0.566667 0.600000 0.633333 0.666667 0.700000 0.733333 0.766667 0.800000 0.833333 0.866667 0.900000 0.933333 0.966667 1.000000 1.033333
1.066667 1.100000 1.133333 1.166667 1.200000 1.233333 1.266667 1.300000 1.333333 1.366667 1.400000 1.433333 1.466667 1.500000</float_array><technique_common><accessor source="#Neck-Matrix-animation-input-array" count="46"><param name="TIME" type="float"/></accessor></technique_common></source><source id="Neck-Matrix-animation-output-transform"><float_array id="Neck-Matrix-animation-output-transform-array" count="736">

0.985070 0.027001 0.170026 -0.006000 -0.032879 0.998952 0.031849 23.723499 -0.168988 -0.036964 0.984925 -1.446200 0.000000 0.000000 0.000000 1.000000
0.984299 0.029752 0.173984 -0.006000 -0.037031 0.998563 0.038741 23.723499 -0.172581 -0.044575 0.983986 -1.446200 0.000000 0.000000 0.000000 1.000000
0.983444 0.032710 0.178238 -0.006000 -0.041568 0.998067 0.046194 23.723499 -0.176383 -0.052838 0.982902 -1.446200 0.000000 0.000000 0.000000 1.000000
0.982001 0.037474 0.185123 -0.006000 -0.049133 0.997060 0.058795 23.723499 -0.182375 -0.066833 0.980955 -1.446200 0.000000 0.000000 0.000000 1.000000
0.980000 0.043680 0.194143 -0.006000 -0.059470 0.995313 0.076260 23.723499 -0.189902 -0.086281 0.978005 -1.446200 0.000000 0.000000 0.000000 1.000000
0.977803 0.050029 0.203464 -0.006000 -0.070742 0.992880 0.095837 23.723499 -0.197221 -0.108103 0.974381 -1.446200 0.000000 0.000000 0.000000 1.000000
0.975656 0.055793 0.212091 -0.006000 -0.081895 0.989826 0.116349 23.723499 -0.203442 -0.130886 0.970299 -1.446200 0.000000 0.000000 0.000000 1.000000
0.973854 0.060243 0.219041 -0.006000 -0.091764 0.986352 0.136708 23.723499 -0.207816 -0.153234 0.966091 -1.446200 0.000000 0.000000 0.000000 1.000000
0.972724 0.062649 0.223344 -0.006000 -0.099093 0.982790 0.155899 23.723499 -0.209733 -0.173779 0.962192 -1.446200 0.000000 0.000000 0.000000 1.000000
0.972591 0.062282 0.224028 -0.006000 -0.102565 0.979577 0.172943 23.723499 -0.208681 -0.191180 0.959115 -1.446200 0.000000 0.000000 0.000000 1.000000
0.973725 0.058413 0.220107 -0.006000 -0.100852 0.977203 0.186823 23.723499 -0.204176 -0.204113 0.957418 -1.446200 0.000000 0.000000 0.000000 1.000000
0.979415 0.043523 0.197107 -0.006000 -0.082606 0.977389 0.194646 23.723499 -0.184179 -0.206921 0.960865 -1.446200 0.000000 0.000000 0.000000 1.000000
0.987771 -0.023631 0.154113 -0.006000 -0.007312 0.980340 0.197182 23.723499 -0.155743 -0.195897 0.968178 -1.446200 0.000000 0.000000 0.000000 1.000000
0.993195 -0.036672 0.110539 -0.006000 0.015289 0.981974 0.188398 23.723499 -0.115455 -0.185426 0.975852 -1.446200 0.000000 0.000000 0.000000 1.000000
0.997374 -0.043227 0.058104 -0.006000 0.032218 0.983397 0.178582 23.723499 -0.064859 -0.176241 0.982208 -1.446200 0.000000 0.000000 0.000000 1.000000
0.998891 -0.047064 0.001056 -0.006000 0.046223 0.984805 0.167401 23.723499 -0.008919 -0.167167 0.985888 -1.446200 0.000000 0.000000 0.000000 1.000000
0.997163 -0.049087 -0.057065 -0.006000 0.057429 0.986214 0.155190 23.723499 0.048660 -0.158027 0.986235 -1.446200 0.000000 0.000000 0.000000 1.000000
0.992359 -0.050203 -0.112705 -0.006000 0.066137 0.987595 0.142415 23.723499 0.104158 -0.148781 0.983369 -1.446200 0.000000 0.000000 0.000000 1.000000
0.985390 -0.051304 -0.162400 -0.006000 0.072843 0.988889 0.129587 23.723499 0.153947 -0.139524 0.978179 -1.446200 0.000000 0.000000 0.000000 1.000000
0.977763 -0.053254 -0.202838 -0.006000 0.078234 0.990022 0.117198 23.723499 0.194573 -0.130460 0.972174 -1.446200 0.000000 0.000000 0.000000 1.000000
0.972598 -0.056478 -0.225530 -0.006000 0.082170 0.990944 0.106200 23.723499 0.217489 -0.121822 0.968431 -1.446200 0.000000 0.000000 0.000000 1.000000
0.971808 -0.068436 -0.225621 -0.006000 0.093355 0.990427 0.101687 23.723499 0.216502 -0.119883 0.968894 -1.446200 0.000000 0.000000 0.000000 1.000000
0.970262 -0.093444 -0.223293 -0.006000 0.118772 0.987585 0.102806 23.723499 0.210914 -0.126269 0.969315 -1.446200 0.000000 0.000000 0.000000 1.000000
