<?xml version="1.0" encoding="utf-8"?>
<COLLADA xmlns="http://www.collada.org/2005/11/COLLADASchema" version="1.4.1">
  <asset><contributor><author>Mixamo</author><authoring_tool>COLLADA Mixamo exporter</authoring_tool><comments></comments></contributor><created>2018-10-15T19:42:19Z</created><modified>2018-10-15T19:42:19Z</modified><revision></revision><title></title><unit meter="0.010000"/><up_axis>Y_UP</up_axis></asset>
  <library_animations>
    <animation id="Hips-anim" name="Hips"><source id="Hips-Matrix-animation-input"><float_array id="Hips-Matrix-animation-input-array" count="60">

0.000000 0.033333 0.066667 0.100000 0.133333 0.166667 0.200000 0.233333 0.266667 0.300000 0.333333 0.366667 0.400000 0.433333 0.466667 0.500000
0.533333 0.566667 0.600000 0.633333 0.666667 0.700000 0.733333 0.766667 0.800000 0.833333 0.866667 0.900000 0.933333 0.966667 1.000000 1.033333
1.066667 1.100000 1.133333 1.166667 1.200000 1.233333 1.266667 1.300000 1.333333 1.366667 1.400000 1.433333 1.466667 1.500000 1.533333 1.566667
1.600000 1.633333 1.666667 1.700000 1.733333 1.766667 1.800000 1.833333 1.866667 1.900000 1.933333 1.966667</float_array><technique_common><accessor source="#Hips-Matrix-animation-input-array" count="60"><param name="TIME" type="float"/></accessor></technique_common></source><source id="Hips-Matrix-animation-output-transform"><float_array id="Hips-Matrix-animation-output-transform-array" count="960">

0.728043 0.053875 -0.683411 1.344067 -0.000970 0.996987 0.077562 109.205467 0.685530 -0.055806 0.725902 -2.373296 0.000000 0.000000 0.000000 1.000000
0.727743 0.054103 -0.683712 1.358631 -0.000945 0.996962 0.077885 109.216591 0.685849 -0.056034 0.725584 -2.385226 0.000000 0.000000 0.000000 1.000000
0.727531 0.054305 -0.683923 1.374631 -0.000930 0.996940 0.078169 109.228485 0.686075 -0.056234 0.725355 -2.392017 0.000000 0.000000 0.000000 1.000000
0.727532 0.054666 -0.683892 1.389432 -0.001109 0.996913 0.078508 109.242188 0.686073 -0.056359 0.725347 -2.389954 0.000000 0.000000 0.000000 1.000000
0.727816 0.055076 -0.683558 1.400058 -0.001364 0.996884 0.078868 109.258392 0.685771 -0.056469 0.725623 -2.376120 0.000000 0.000000 0.000000 1.000000
0.728320 0.055517 -0.682985 1.404786 -0.001587 0.996847 0.079338 109.276161 0.685236 -0.056699 0.726111 -2.349546 0.000000 0.000000 0.000000 1.000000
0.728891 0.055974 -0.682338 1.404392 -0.001694 0.996797 0.079961 109.295784 0.684628 -0.057127 0.726651 -2.311741 0.000000 0.000000 0.000000 1.000000
0.729367 0.056445 -0.681790 1.401223 -0.001732 0.996740 0.080666 109.320145 0.684120 -0.057655 0.727087 -2.264796 0.000000 0.000000 0.000000 1.000000
0.729651 0.056812 -0.681456 1.397736 -0.001735 0.996694 0.081234 109.352371 0.683818 -0.058090 0.727337 -2.210052 0.000000 0.000000 0.000000 1.000000
0.729723 0.057060 -0.681358 1.396495 -0.001765 0.996666 0.081574 109.390953 0.683741 -0.058324 0.727391 -2.148346 0.000000 0.000000 0.000000 1.000000
0.729610 0.057264 -0.681462 1.400805 -0.001822 0.996647 0.081799 109.428986 0.683861 -0.058440 0.727268 -2.081737 0.000000 0.000000 0.000000 1.000000
0.729397 0.057549 -0.681666 1.413053 -0.001873 0.996619 0.082136 109.458313 0.684088 -0.058633 0.727039 -2.013964 0.000000 0.000000 0.000000 1.000000
0.729273 0.057942 -0.681765 1.431079 -0.001863 0.996572 0.082704 109.475800 0.684220 -0.059044 0.726881 -1.948731 0.000000 0.000000 0.000000 1.000000
0.729461 0.058392 -0.681526 1.447715 -0.001796 0.996510 0.083456 109.487152 0.684021 -0.059654 0.727019 -1.887243 0.000000 0.000000 0.000000 1.000000
0.729999 0.058916 -0.680904 1.455837 -0.001807 0.996440 0.084280 109.503304 0.683446 -0.060294 0.727507 -1.828467 0.000000 0.000000 0.000000 1.000000
0.730605 0.059437 -0.680208 1.455196 -0.001955 0.996382 0.084965 109.532547 0.682797 -0.060746 0.728078 -1.771999 0.000000 0.000000 0.000000 1.000000
0.730883 0.059894 -0.679870 1.451828 -0.002243 0.996347 0.085364 109.574562 0.682499 -0.060866 0.728347 -1.719002 0.000000 0.000000 0.000000 1.000000
0.730670 0.060228 -0.680069 1.451676 -0.002580 0.996338 0.085465 109.621399 0.682726 -0.060692 0.728149 -1.670444 0.000000 0.000000 0.000000 1.000000
0.730176 0.060475 -0.680578 1.455438 -0.002888 0.996340 0.085435 109.663666 0.683254 -0.060417 0.727677 -1.625086 0.000000 0.000000 0.000000 1.000000
0.729766 0.060706 -0.680997 1.459818 -0.003128 0.996336 0.085465 109.695930 0.683690 -0.060239 0.727282 -1.579580 0.000000 0.000000 0.000000 1.000000
0.729657 0.060875 -0.681098 1.461569 -0.003253 0.996327 0.085565 109.718697 0.683806 -0.060218 0.727175 -1.530594 0.000000 0.000000 0.000000 1.000000
0.729819 0.061041 -0.680909 1.459388 -0.003324 0.996311 0.085753 109.736664 0.683632 -0.060321 0.727330 -1.476257 0.000000 0.000000 0.000000 1.000000
0.730104 0.061187 -0.680592 1.454120 -0.003367 0.996293 0.085958 109.754463 0.683328 -0.060467 0.727603 -1.417696 0.000000 0.000000 0.000000 1.000000
0.730366 0.061241 -0.680305 1.447506 -0.003345 0.996281 0.086094 109.773598 0.683048 -0.060604 0.727855 -1.358695 0.000000 0.000000 0.000000 1.000000
0.730498 0.061231 -0.680165 1.441197 -0.003298 0.996277 0.086147 109.791763 0.682907 -0.060687 0.727980 -1.304474 0.000000 0.000000 0.000000 1.000000
0.730454 0.061153 -0.680219 1.436319 -0.003242 0.996282 0.086086 109.806168 0.682954 -0.060677 0.727937 -1.260644 0.000000 0.000000 0.000000 1.000000
0.730243 0.061067 -0.680452 1.432569 -0.003243 0.996296 0.085932 109.816055 0.683179 -0.060545 0.727736 -1.230777 0.000000 0.000000 0.000000 1.000000
0.729984 0.060934 -0.680742 1.428465 -0.003279 0.996319 0.085666 109.823280 0.683456 -0.060303 0.727497 -1.215367 0.000000 0.000000 0.000000 1.000000
0.729782 0.060793 -0.680971 1.422996 -0.003360 0.996346 0.085347 109.828308 0.683671 -0.059997 0.727320 -1.212262 0.000000 0.000000 0.000000 1.000000
0.729650 0.060706 -0.681121 1.416975 -0.003488 0.996369 0.085066 109.827255 0.683812 -0.059692 0.727213 -1.219472 0.000000 0.000000 0.000000 1.000000
0.729565 0.060599 -0.681221 1.412496 -0.003550 0.996389 0.084834 109.813911 0.683902 -0.059474 0.727146 -1.236733 0.000000 0.000000 0.000000 1.000000
0.729561 0.060517 -0.681233 1.410110 -0.003540 0.996398 0.084723 109.785904 0.683907 -0.059399 0.727147 -1.263833 0.000000 0.000000 0.000000 1.000000
0.729714 0.060502 -0.681070 1.408071 -0.003510 0.996396 0.084752 109.749016 0.683743 -0.059454 0.727297 -1.299358 0.000000 0.000000 0.000000 1.000000
0.730015 0.060534 -0.680745 1.403702 -0.003513 0.996389 0.084834 109.715317 0.683423 -0.059538 0.727591 -1.340524 0.000000 0.000000 0.000000 1.000000
0.730313 0.060585 -0.680421 1.395717 -0.003581 0.996385 0.084876 109.695389 0.683103 -0.059549 0.727890 -1.384330 0.000000 0.000000 0.000000 1.000000
0.730401 0.060405 -0.680342 1.386503 -0.003579 0.996407 0.084624 109.690628 0.683009 -0.059374 0.727993 -1.429770 0.000000 0.000000 0.000000 1.000000
0.730183 0.060044 -0.680608 1.380046 -0.003508 0.996447 0.084144 109.690887 0.683242 -0.059053 0.727800 -1.477703 0.000000 0.000000 0.000000 1.000000
0.729786 0.059664 -0.681067 1.378539 -0.003400 0.996489 0.083653 109.680923 0.683667 -0.058733 0.727427 -1.529216 0.000000 0.000000 0.000000 1.000000
0.729494 0.059372 -0.681406 1.379530 -0.003265 0.996516 0.083333 109.651985 0.683980 -0.058566 0.727146 -1.582844 0.000000 0.000000 0.000000 1.000000
0.729503 0.059170 -0.681414 1.378220 -0.003117 0.996528 0.083196 109.608055 0.683971 -0.058568 0.727154 -1.634438 0.000000 0.000000 0.000000 1.000000
0.729743 0.058997 -0.681171 1.371947 -0.002968 0.996534 0.083130 109.562241 0.683715 -0.058642 0.727389 -1.680469 0.000000 0.000000 0.000000 1.000000
0.729943 0.058777 -0.680976 1.361682 -0.002796 0.996544 0.083018 109.526749 0.683503 -0.058694 0.727584 -1.720854 0.000000 0.000000 0.000000 1.000000
0.729869 0.058450 -0.681083 1.350330 -0.002591 0.996567 0.082748 109.504982 0.683582 -0.058630 0.727515 -1.759283 0.000000 0.000000 0.000000 1.000000
0.729497 0.058070 -0.681514 1.340108 -0.002375 0.996598 0.082376 109.490784 0.683979 -0.058475 0.727154 -1.800942 0.000000 0.000000 0.000000 1.000000
0.728991 0.057695 -0.682088 1.332247 -0.002160 0.996631 0.081992 109.474457 0.684520 -0.058298 0.726659 -1.849924 0.000000 0.000000 0.000000 1.000000
0.728563 0.057383 -0.682570 1.326850 -0.001996 0.996659 0.081657 109.450302 0.684975 -0.058130 0.726244 -1.907446 0.000000 0.000000 0.000000 1.000000
0.728342 0.057108 -0.682830 1.322934 -0.001882 0.996684 0.081349 109.418915 0.685211 -0.057965 0.726034 -1.971409 0.000000 0.000000 0.000000 1.000000
0.728338 0.056820 -0.682859 1.319029 -0.001789 0.996710 0.081026 109.385674 0.685216 -0.057793 0.726043 -2.037494 0.000000 0.000000 0.000000 1.000000
0.728485 0.056509 -0.682727 1.314452 -0.001699 0.996738 0.080686 109.356804 0.685059 -0.057619 0.726205 -2.101238 0.000000 0.000000 0.000000 1.000000
0.728688 0.056176 -0.682538 1.310667 -0.001589 0.996766 0.080341 109.334602 0.684844 -0.057459 0.726421 -2.159091 0.000000 0.000000 0.000000 1.000000
0.728825 0.055781 -0.682424 1.310521 -0.001415 0.996797 0.079966 109.316689 0.684699 -0.057316 0.726569 -2.208145 0.000000 0.000000 0.000000 1.000000
0.728793 0.055360 -0.682492 1.315381 -0.001200 0.996828 0.079575 109.298637 0.684733 -0.057175 0.726548 -2.246260 0.000000 0.000000 0.000000 1.000000
0.728578 0.055093 -0.682744 1.323671 -0.001090 0.996852 0.079275 109.278351 0.684962 -0.057014 0.726345 -2.273002 0.000000 0.000000 0.000000 1.000000
0.728257 0.054940 -0.683098 1.332302 -0.001056 0.996870 0.079050 109.257477 0.685303 -0.056847 0.726036 -2.291198 0.000000 0.000000 0.000000 1.000000
0.727963 0.054808 -0.683422 1.338645 -0.001029 0.996886 0.078850 109.239197 0.685616 -0.056697 0.725753 -2.305184 0.000000 0.000000 0.000000 1.000000
0.727801 0.054668 -0.683606 1.341584 -0.001008 0.996902 0.078650 109.225449 0.685788 -0.056553 0.725601 -2.318619 0.000000 0.000000 0.000000 1.000000
0.727811 0.054477 -0.683611 1.341786 -0.000983 0.996922 0.078398 109.216385 0.685777 -0.056387 0.725624 -2.333349 0.000000 0.000000 0.000000 1.000000
0.727932 0.054222 -0.683502 1.341233 -0.000955 0.996947 0.078070 109.211136 0.685649 -0.056177 0.725762 -2.349448 0.000000 0.000000 0.000000 1.000000
0.728024 0.053945 -0.683426 1.342642 -0.000929 0.996976 0.077705 109.207397 0.685551 -0.055936 0.725873 -2.365792 0.000000 0.000000 0.000000 1.000000
0.728024 0.053812 -0.683437 1.344127 -0.000917 0.996990 0.077524 109.205605 0.685551 -0.055812 0.725882 -2.373651 0.000000 0.000000 0.000000 1.000000</float_array><technique_common><accessor source="#Hips-Matrix-animation-output-transform-array" count="60" stride="16"><param type="float4x4"/></accessor></technique_common></source><source id="Hips-Interpolations"><Name_array id="Hips-Interpolations-array" count="60">
 LINEAR LINEAR LINEAR LINEAR LINEAR LINEAR LINEAR LINEAR LINEAR LINEAR LINEAR
LINEAR LINEAR LINEAR LINEAR LINEAR LINEAR LINEAR LINEAR LINEAR LINEAR LINEAR LINEAR
LINEAR LINEAR LINEAR LINEAR LINEAR LINEAR LINEAR LINEAR LINEAR LINEAR LINEAR LINEAR
LINEAR LINEAR LINEAR LINEAR LINEAR LINEAR LINEAR LINEAR LINEAR LINEAR LINEAR LINEAR
LINEAR LINEAR LINEAR LINEAR LINEAR LINEAR LINEAR LINEAR LINEAR LINEAR LINEAR LINEAR
LINEAR</Name_array><technique_common><accessor source="#Hips-Interpolations-array" count="60"><param type="name"/></accessor></technique_common></source><sampler id="Hips-Matrix-animation-transform"><input semantic="INPUT" source="#Hips-Matrix-animation-input"/><input semantic="OUTPUT" source="#Hips-Matrix-animation-output-transform"/><input semantic="INTERPOLATION" source="#Hips-Interpolations"/></sampler><channel source="#Hips-Matrix-animation-transform" target="Hips/matrix"/></animation>
    <animation id="Spine-anim" name="Spine"><source id="Spine-Matrix-animation-input"><float_array id="Spine-Matrix-animation-input-array" count="60">

0.000000 0.033333 0.066667 0.100000 0.133333 0.166667 0.200000 0.233333 0.266667 0.300000 0.333333 0.366667 0.400000 0.433333 0.466667 0.500000
0.533333 0.566667 0.600000 0.633333 0.666667 0.700000 0.733333 0.766667 0.800000 0.833333 0.866667 0.900000 0.933333 0.966667 1.000000 1.033333
1.066667 1.100000 1.133333 1.166667 1.200000 1.233333 1.266667 1.300000 1.333333 1.366667 1.400000 1.433333 1.466667 1.500000 1.533333 1.566667
1.600000 1.633333 1.666667 1.700000 1.733333 1.766667 1.800000 1.833333 1.866667 1.900000 1.933333 1.966667</float_array><technique_common><accessor source="#Spine-Matrix-animation-input-array" count="60"><param name="TIME" type="float"/></accessor></technique_common></source><source id="Spine-Matrix-animation-output-transform"><float_array id="Spine-Matrix-animation-output-transform-array" count="960">

0.996418 0.018215 0.082583 0.000000 -0.009815 0.994837 -0.101010 13.214800 -0.083996 0.099837 0.991452 0.000000 0.000000 0.000000 0.000000 1.000000
0.996418 0.018227 0.082582 0.000000 -0.009831 0.994842 -0.100960 13.214800 -0.083996 0.099787 0.991457 -0.000000 0.000000 0.000000 0.000000 1.000000
0.996418 0.018212 0.082584 -0.000000 -0.009825 0.994853 -0.100853 13.214800 -0.083996 0.099680 0.991468 -0.000000 0.000000 0.000000 0.000000 1.000000
0.996423 0.018122 0.082539 -0.000000 -0.009754 0.994871 -0.100684 13.214800 -0.083941 0.099518 0.991489 -0.000000 0.000000 0.000000 0.000000 1.000000
0.996435 0.017966 0.082424 0.000000 -0.009629 0.994895 -0.100451 13.214800 -0.083808 0.099299 0.991522 -0.000000 0.000000 0.000000 0.000000 1.000000
0.996461 0.017718 0.082173 -0.000000 -0.009431 0.994926 -0.100163 13.214800 -0.083531 0.099034 0.991572 0.000000 0.000000 0.000000 0.000000 1.000000
0.996486 0.017468 0.081914 0.000000 -0.009234 0.994961 -0.099838 13.214800 -0.083245 0.098731 0.991626 0.000000 0.000000 0.000000 0.000000 1.000000
0.996503 0.017245 0.081763 0.000000 -0.009058 0.995000 -0.099464 13.214800 -0.083070 0.098376 0.991676 0.000000 0.000000 0.000000 0.000000 1.000000
0.996509 0.017045 0.081731 -0.000000 -0.008898 0.995044 -0.099033 13.214800 -0.083014 0.097960 0.991722 -0.000000 0.000000 0.000000 0.000000 1.000000
0.996507 0.016856 0.081787 -0.000000 -0.008746 0.995095 -0.098533 13.214800 -0.083047 0.097473 0.991767 0.000000 0.000000 0.000000 0.000000 1.000000
0.996502 0.016668 0.081887 0.000000 -0.008591 0.995149 -0.098007 13.214800 -0.083123 0.096961 0.991811 0.000000 0.000000 0.000000 0.000000 1.000000
0.996496 0.016474 0.081999 -0.000000 -0.008429 0.995199 -0.097513 13.214800 -0.083212 0.096480 0.991850 0.000000 0.000000 0.000000 0.000000 1.000000
0.996494 0.016267 0.082069 -0.000000 -0.008252 0.995243 -0.097071 13.214800 -0.083258 0.096054 0.991888 -0.000000 0.000000 0.000000 0.000000 1.000000
0.996501 0.016035 0.082030 -0.000000 -0.008058 0.995285 -0.096660 13.214800 -0.083194 0.095660 0.991931 0.000000 0.000000 0.000000 0.000000 1.000000
0.996518 0.015755 0.081870 0.000000 -0.007830 0.995328 -0.096237 13.214800 -0.083004 0.095261 0.991986 -0.000000 0.000000 0.000000 0.000000 1.000000
0.996536 0.015455 0.081711 0.000000 -0.007584 0.995374 -0.095775 13.214800 -0.082813 0.094823 0.992044 -0.000000 0.000000 0.000000 0.000000 1.000000
0.996545 0.015166 0.081663 0.000000 -0.007341 0.995423 -0.095279 13.214800 -0.082735 0.094351 0.992095 -0.000000 0.000000 0.000000 0.000000 1.000000
0.996542 0.014927 0.081734 0.000000 -0.007137 0.995472 -0.094785 13.214800 -0.082779 0.093874 0.992137 -0.000000 0.000000 0.000000 0.000000 1.000000
0.996536 0.014732 0.081846 0.000000 -0.006970 0.995517 -0.094324 13.214800 -0.082869 0.093427 0.992171 0.000000 0.000000 0.000000 0.000000 1.000000
0.996533 0.014548 0.081913 -0.000000 -0.006813 0.995556 -0.093925 13.214800 -0.082915 0.093041 0.992204 -0.000000 0.000000 0.000000 0.000000 1.000000
0.996537 0.014365 0.081903 0.000000 -0.006662 0.995591 -0.093565 13.214800 -0.082886 0.092695 0.992239 -0.000000 0.000000 0.000000 0.000000 1.000000
0.996544 0.014188 0.081840 0.000000 -0.006519 0.995624 -0.093223 13.214800 -0.082805 0.092368 0.992276 0.000000 0.000000 0.000000 0.000000 1.000000
0.996552 0.014021 0.081782 -0.000000 -0.006386 0.995656 -0.092888 13.214800 -0.082729 0.092046 0.992312 0.000000 0.000000 0.000000 0.000000 1.000000
0.996555 0.013881 0.081761 0.000000 -0.006273 0.995686 -0.092578 13.214800 -0.082694 0.091746 0.992343 0.000000 0.000000 0.000000 0.000000 1.000000
0.996556 0.013770 0.081769 0.000000 -0.006183 0.995710 -0.092322 13.214800 -0.082690 0.091499 0.992366 0.000000 0.000000 0.000000 0.000000 1.000000
0.996554 0.013705 0.081802 0.000000 -0.006130 0.995726 -0.092150 13.214800 -0.082715 0.091331 0.992379 0.000000 0.000000 0.000000 0.000000 1.000000
0.996551 0.013692 0.081841 0.000000 -0.006117 0.995731 -0.092095 13.214800 -0.082753 0.091277 0.992381 0.000000 0.000000 0.000000 0.000000 1.000000
0.996548 0.013736 0.081877 0.000000 -0.006151 0.995723 -0.092183 13.214800 -0.082793 0.091361 0.992370 -0.000000 0.000000 0.000000 0.000000 1.000000
0.996544 0.013815 0.081909 0.000000 -0.006210 0.995704 -0.092386 13.214800 -0.082834 0.091558 0.992349 0.000000 0.000000 0.000000 0.000000 1.000000
0.996540 0.013910 0.081945 -0.000000 -0.006281 0.995680 -0.092641 13.214800 -0.082880 0.091806 0.992322 0.000000 0.000000 0.000000 0.000000 1.000000
0.996535 0.014025 0.081981 0.000000 -0.006368 0.995653 -0.092922 13.214800 -0.082928 0.092078 0.992293 -0.000000 0.000000 0.000000 0.000000 1.000000
0.996533 0.014152 0.081988 0.000000 -0.006466 0.995621 -0.093263 13.214800 -0.082949 0.092410 0.992260 0.000000 0.000000 0.000000 0.000000 1.000000
0.996534 0.014279 0.081954 -0.000000 -0.006561 0.995580 -0.093686 13.214800 -0.082930 0.092823 0.992223 -0.000000 0.000000 0.000000 0.000000 1.000000
0.996537 0.014400 0.081899 0.000000 -0.006651 0.995538 -0.094125 13.214800 -0.082889 0.093254 0.992186 0.000000 0.000000 0.000000 0.000000 1.000000
0.996538 0.014523 0.081865 0.000000 -0.006743 0.995500 -0.094524 13.214800 -0.082869 0.093644 0.992151 -0.000000 0.000000 0.000000 0.000000 1.000000
0.996533 0.014677 0.081890 -0.000000 -0.006865 0.995466 -0.094867 13.214800 -0.082911 0.093975 0.992116 0.000000 0.000000 0.000000 0.000000 1.000000
0.996525 0.014864 0.081961 0.000000 -0.007019 0.995434 -0.095189 13.214800 -0.083002 0.094283 0.992079 0.000000 0.000000 0.000000 0.000000 1.000000
0.996516 0.015068 0.082026 0.000000 -0.007188 0.995401 -0.095527 13.214800 -0.083088 0.094605 0.992041 0.000000 0.000000 0.000000 0.000000 1.000000
0.996512 0.015253 0.082044 0.000000 -0.007338 0.995363 -0.095913 13.214800 -0.083126 0.094977 0.992003 0.000000 0.000000 0.000000 0.000000 1.000000
0.996512 0.015390 0.082014 0.000000 -0.007444 0.995323 -0.096318 13.214800 -0.083113 0.095371 0.991966 0.000000 0.000000 0.000000 0.000000 1.000000
0.996514 0.015529 0.081969 -0.000000 -0.007557 0.995286 -0.096688 13.214800 -0.083084 0.095731 0.991934 -0.000000 0.000000 0.000000 0.000000 1.000000
0.996512 0.015690 0.081956 -0.000000 -0.007693 0.995255 -0.096996 13.214800 -0.083089 0.096027 0.991905 0.000000 0.000000 0.000000 0.000000 1.000000
0.996506 0.015877 0.082003 -0.000000 -0.007853 0.995228 -0.097262 13.214800 -0.083155 0.096278 0.991875 -0.000000 0.000000 0.000000 0.000000 1.000000
0.996495 0.016091 0.082095 0.000000 -0.008036 0.995200 -0.097529 13.214800 -0.083271 0.096528 0.991841 0.000000 0.000000 0.000000 0.000000 1.000000
0.996481 0.016328 0.082215 -0.000000 -0.008236 0.995169 -0.097828 13.214800 -0.083415 0.096807 0.991802 -0.000000 0.000000 0.000000 0.000000 1.000000
0.996467 0.016563 0.082333 -0.000000 -0.008431 0.995136 -0.098150 13.214800 -0.083558 0.097109 0.991760 -0.000000 0.000000 0.000000 0.000000 1.000000
0.996457 0.016781 0.082411 0.000000 -0.008614 0.995101 -0.098484 13.214800 -0.083660 0.097425 0.991720 0.000000 0.000000 0.000000 0.000000 1.000000
0.996450 0.016984 0.082451 -0.000000 -0.008784 0.995067 -0.098813 13.214800 -0.083722 0.097738 0.991684 0.000000 0.000000 0.000000 0.000000 1.000000
0.996446 0.017168 0.082463 -0.000000 -0.008940 0.995034 -0.099132 13.214800 -0.083755 0.098042 0.991652 0.000000 0.000000 0.000000 0.000000 1.000000
0.996443 0.017336 0.082467 0.000000 -0.009082 0.995003 -0.099432 13.214800 -0.083778 0.098329 0.991621 -0.000000 0.000000 0.000000 0.000000 1.000000
0.996440 0.017494 0.082470 0.000000 -0.009215 0.994974 -0.099711 13.214800 -0.083800 0.098596 0.991593 -0.000000 0.000000 0.000000 0.000000 1.000000
0.996436 0.017637 0.082485 0.000000 -0.009336 0.994947 -0.099968 13.214800 -0.083831 0.098842 0.991566 0.000000 0.000000 0.000000 0.000000 1.000000
0.996431 0.017739 0.082529 -0.000000 -0.009414 0.994924 -0.100193 13.214800 -0.083888 0.099058 0.991539 -0.000000 0.000000 0.000000 0.000000 1.000000
0.996425 0.017801 0.082583 0.000000 -0.009454 0.994904 -0.100384 13.214800 -0.083949 0.099245 0.991516 0.000000 0.000000 0.000000 0.000000 1.000000
0.996421 0.017854 0.082623 0.000000 -0.009489 0.994886 -0.100553 13.214800 -0.083996 0.099409 0.991495 0.000000 0.000000 0.000000 0.000000 1.000000
0.996419 0.017919 0.082631 -0.000000 -0.009540 0.994870 -0.100706 13.214800 -0.084012 0.099557 0.991479 -0.000000 0.000000 0.000000 0.000000 1.000000
0.996418 0.017989 0.082624 -0.000000 -0.009600 0.994857 -0.100835 13.214800 -0.084013 0.099680 0.991466 0.000000 0.000000 0.000000 0.000000 1.000000
0.996418 0.018056 0.082617 -0.000000 -0.009658 0.994846 -0.100937 13.214800 -0.084014 0.099777 0.991457 0.000000 0.000000 0.000000 0.000000 1.000000
0.996417 0.018105 0.082617 -0.000000 -0.009700 0.994836 -0.101030 13.214800 -0.084019 0.099867 0.991447 0.000000 0.000000 0.000000 0.000000 1.000000
0.996417 0.018128 0.082616 -0.000000 -0.009719 0.994832 -0.101070 13.214800 -0.084022 0.099904 0.991443 -0.000000 0.000000 0.000000 0.000000 1.000000</float_array><technique_common><accessor source="#Spine-Matrix-animation-output-transform-array" count="60" stride="16"><param type="float4x4"/></accessor></technique_common></source><source id="Spine-Interpolations"><Name_array id="Spine-Interpolations-array" count="60">
 LINEAR LINEAR LINEAR LINEAR LINEAR LINEAR LINEAR LINEAR LINEAR LINEAR LINEAR
LINEAR LINEAR LINEAR LINEAR LINEAR LINEAR LINEAR LINEAR LINEAR LINEAR LINEAR LINEAR
LINEAR LINEAR LINEAR LINEAR LINEAR LINEAR LINEAR LINEAR LINEAR LINEAR LINEAR LINEAR
LINEAR LINEAR LINEAR LINEAR LINEAR LINEAR LINEAR LINEAR LINEAR LINEAR LINEAR LINEAR
LINEAR LINEAR LINEAR LINEAR LINEAR LINEAR LINEAR LINEAR LINEAR LINEAR LINEAR LINEAR
LINEAR</Name_array><technique_common><accessor source="#Spine-Interpolations-array" count="60"><param type="name"/></accessor></technique_common></source><sampler id="Spine-Matrix-animation-transform"><input semantic="INPUT" source="#Spine-Matrix-animation-input"/><input semantic="OUTPUT" source="#Spine-Matrix-animation-output-transform"/><input semantic="INTERPOLATION" source="#Spine-Interpolations"/></sampler><channel source="#Spine-Matrix-animation-transform" target="Spine/matrix"/></animation>
    <animation id="Spine1-anim" name="Spine1"><source id="Spine1-Matrix-animation-input"><float_array id="Spine1-Matrix-animation-input-array" count="60">

0.000000 0.033333 0.066667 0.100000 0.133333 0.166667 0.200000 0.233333 0.266667 0.300000 0.333333 0.366667 0.400000 0.433333 0.466667 0.500000
0.533333 0.566667 0.600000 0.633333 0.666667 0.700000 0.733333 0.766667 0.800000 0.833333 0.866667 0.900000 0.933333 0.966667 1.000000 1.033333
1.066667 1.100000 1.133333 1.166667 1.200000 1.233333 1.266667 1.300000 1.333333 1.366667 1.400000 1.433333 1.466667 1.500000 1.533333 1.566667
1.600000 1.633333 1.666667 1.700000 1.733333 1.766667 1.800000 1.833333 1.866667 1.900000 1.933333 1.966667</float_array><technique_common><accessor source="#Spine1-Matrix-animation-input-array" count="60"><param name="TIME" type="float"/></accessor></technique_common></source><source id="Spine1-Matrix-animation-output-transform"><float_array id="Spine1-Matrix-animation-output-transform-array" count="960">

0.986184 0.053092 0.156915 -0.007800 -0.020480 0.979057 -0.202553 9.224200 -0.164383 0.196541 0.966618 0.000000 0.000000 0.000000 0.000000 1.000000
0.986184 0.053064 0.156923 -0.007800 -0.020467 0.979078 -0.202452 9.224200 -0.164382 0.196443 0.966638 0.000000 0.000000 0.000000 0.000000 1.000000
0.986185 0.052995 0.156941 -0.007800 -0.020432 0.979124 -0.202237 9.224200 -0.164382 0.196236 0.966680 0.000000 0.000000 0.000000 0.000000 1.000000
0.986204 0.052853 0.156871 -0.007800 -0.020362 0.979194 -0.201904 9.224200 -0.164278 0.195924 0.966761 0.000000 0.000000 0.000000 0.000000 1.000000
0.986247 0.052629 0.156673 -0.007800 -0.020256 0.979290 -0.201448 9.224200 -0.164030 0.195504 0.966888 0.000000 0.000000 0.000000 0.000000 1.000000
0.986341 0.052236 0.156217 -0.007800 -0.020054 0.979411 -0.200880 9.224200 -0.163493 0.195003 0.967080 0.000000 0.000000 0.000000 0.000000 1.000000
0.986435 0.051839 0.155749 -0.007800 -0.019861 0.979546 -0.200238 9.224200 -0.162944 0.194429 0.967288 0.000000 0.000000 0.000000 0.000000 1.000000
0.986492 0.051509 0.155501 -0.007800 -0.019706 0.979698 -0.199506 9.224200 -0.162621 0.193746 0.967480 0.000000 0.000000 0.000000 0.000000 1.000000
0.986508 0.051242 0.155489 -0.007800 -0.019585 0.979872 -0.198663 9.224200 -0.162539 0.192938 0.967655 0.000000 0.000000 0.000000 0.000000 1.000000
0.986494 0.051018 0.155650 -0.007800 -0.019494 0.980071 -0.197690 9.224200 -0.162634 0.191985 0.967828 0.000000 0.000000 0.000000 0.000000 1.000000
0.986465 0.050809 0.155901 -0.007800 -0.019409 0.980278 -0.196668 9.224200 -0.162819 0.190980 0.967996 0.000000 0.000000 0.000000 0.000000 1.000000
0.986433 0.050591 0.156173 -0.007800 -0.019301 0.980472 -0.195707 9.224200 -0.163024 0.190037 0.968147 0.000000 0.000000 0.000000 0.000000 1.000000
0.986418 0.050325 0.156357 -0.007800 -0.019145 0.980647 -0.194845 9.224200 -0.163137 0.189205 0.968291 0.000000 0.000000 0.000000 0.000000 1.000000
0.986440 0.049980 0.156329 -0.007800 -0.018944 0.980811 -0.194037 9.224200 -0.163028 0.188444 0.968458 0.000000 0.000000 0.000000 0.000000 1.000000
0.986502 0.049557 0.156070 -0.007800 -0.018714 0.980980 -0.193206 9.224200 -0.162677 0.187678 0.968666 0.000000 0.000000 0.000000 0.000000 1.000000
0.986563 0.049129 0.155817 -0.007800 -0.018489 0.981162 -0.192298 9.224200 -0.162329 0.186834 0.968887 0.000000 0.000000 0.000000 0.000000 1.000000
0.986587 0.048753 0.155786 -0.007800 -0.018283 0.981355 -0.191332 9.224200 -0.162209 0.185917 0.969084 0.000000 0.000000 0.000000 0.000000 1.000000
0.986569 0.048478 0.155985 -0.007800 -0.018132 0.981545 -0.190371 9.224200 -0.162335 0.184985 0.969241 0.000000 0.000000 0.000000 0.000000 1.000000
0.986537 0.048268 0.156255 -0.007800 -0.018022 0.981720 -0.189475 9.224200 -0.162544 0.184108 0.969373 0.000000 0.000000 0.000000 0.000000 1.000000
0.986518 0.048061 0.156433 -0.007800 -0.017913 0.981872 -0.188699 9.224200 -0.162667 0.183353 0.969495 0.000000 0.000000 0.000000 0.000000 1.000000
0.986527 0.047835 0.156452 -0.007800 -0.017802 0.982008 -0.187996 9.224200 -0.162630 0.182678 0.969629 -0.000000 0.000000 0.000000 0.000000 1.000000
0.986550 0.047624 0.156368 -0.007800 -0.017719 0.982137 -0.187331 9.224200 -0.162497 0.182041 0.969771 0.000000 0.000000 0.000000 0.000000 1.000000
0.986570 0.047449 0.156293 -0.007800 -0.017667 0.982262 -0.186682 9.224200 -0.162378 0.181413 0.969909 0.000000 0.000000 0.000000 0.000000 1.000000
0.986578 0.047315 0.156287 -0.007800 -0.017636 0.982376 -0.186082 9.224200 -0.162337 0.180828 0.970025 0.000000 0.000000 0.000000 0.000000 1.000000
0.986575 0.047223 0.156333 -0.007800 -0.017618 0.982470 -0.185588 9.224200 -0.162356 0.180342 0.970112 0.000000 0.000000 0.000000 0.000000 1.000000
0.986563 0.047189 0.156417 -0.007800 -0.017624 0.982532 -0.185256 9.224200 -0.162427 0.180010 0.970162 0.000000 0.000000 0.000000 0.000000 1.000000
0.986547 0.047238 0.156502 -0.007800 -0.017674 0.982550 -0.185158 9.224200 -0.162518 0.179901 0.970167 0.000000 0.000000 0.000000 0.000000 1.000000
0.986530 0.047378 0.156566 -0.007800 -0.017772 0.982514 -0.185338 9.224200 -0.162610 0.180060 0.970122 0.000000 0.000000 0.000000 0.000000 1.000000
0.986514 0.047577 0.156612 -0.007800 -0.017893 0.982435 -0.185746 9.224200 -0.162699 0.180439 0.970037 -0.000000 0.000000 0.000000 0.000000 1.000000
0.986495 0.047802 0.156659 -0.007800 -0.018022 0.982336 -0.186257 9.224200 -0.162795 0.180918 0.969931 0.000000 0.000000 0.000000 0.000000 1.000000
0.986478 0.048017 0.156699 -0.007800 -0.018136 0.982228 -0.186815 9.224200 -0.162884 0.181447 0.969817 0.000000 0.000000 0.000000 0.000000 1.000000
0.986473 0.048209 0.156676 -0.007800 -0.018218 0.982099 -0.187484 9.224200 -0.162910 0.182094 0.969692 -0.000000 0.000000 0.000000 0.000000 1.000000
0.986482 0.048378 0.156565 -0.007800 -0.018268 0.981940 -0.188310 9.224200 -0.162848 0.182904 0.969550 0.000000 0.000000 0.000000 0.000000 1.000000
0.986498 0.048536 0.156414 -0.007800 -0.018310 0.981774 -0.189169 9.224200 -0.162745 0.183751 0.969407 0.000000 0.000000 0.000000 0.000000 1.000000
0.986506 0.048712 0.156312 -0.007800 -0.018373 0.981622 -0.189950 9.224200 -0.162692 0.184515 0.969271 0.000000 0.000000 0.000000 0.000000 1.000000
0.986493 0.048927 0.156327 -0.007800 -0.018472 0.981490 -0.190621 9.224200 -0.162760 0.185159 0.969136 0.000000 0.000000 0.000000 0.000000 1.000000
0.986464 0.049179 0.156432 -0.007800 -0.018596 0.981365 -0.191252 9.224200 -0.162922 0.185755 0.968995 0.000000 0.000000 0.000000 0.000000 1.000000
0.986437 0.049434 0.156520 -0.007800 -0.018723 0.981234 -0.191911 9.224200 -0.163069 0.186378 0.968851 0.000000 0.000000 0.000000 0.000000 1.000000
0.986429 0.049634 0.156508 -0.007800 -0.018798 0.981086 -0.192660 9.224200 -0.163110 0.187103 0.968704 0.000000 0.000000 0.000000 0.000000 1.000000
0.986439 0.049748 0.156405 -0.007800 -0.018799 0.980931 -0.193443 9.224200 -0.163046 0.187879 0.968565 -0.000000 0.000000 0.000000 0.000000 1.000000
0.986454 0.049882 0.156270 -0.007800 -0.018837 0.980789 -0.194159 9.224200 -0.162953 0.188586 0.968443 -0.000000 0.000000 0.000000 0.000000 1.000000
0.986455 0.050069 0.156206 -0.007800 -0.018935 0.980669 -0.194758 9.224200 -0.162938 0.189162 0.968333 0.000000 0.000000 0.000000 0.000000 1.000000
0.986434 0.050307 0.156260 -0.007800 -0.019074 0.980563 -0.195276 9.224200 -0.163047 0.189646 0.968220 -0.000000 0.000000 0.000000 0.000000 1.000000
0.986397 0.050582 0.156407 -0.007800 -0.019231 0.980456 -0.195798 9.224200 -0.163254 0.190126 0.968091 -0.000000 0.000000 0.000000 0.000000 1.000000
0.986350 0.050887 0.156604 -0.007800 -0.019398 0.980336 -0.196380 9.224200 -0.163518 0.190662 0.967941 0.000000 0.000000 0.000000 0.000000 1.000000
0.986305 0.051179 0.156793 -0.007800 -0.019544 0.980208 -0.197005 9.224200 -0.163772 0.191243 0.967784 0.000000 0.000000 0.000000 0.000000 1.000000
0.986274 0.051431 0.156903 -0.007800 -0.019664 0.980075 -0.197653 9.224200 -0.163942 0.191855 0.967634 0.000000 0.000000 0.000000 0.000000 1.000000
0.986257 0.051655 0.156936 -0.007800 -0.019771 0.979944 -0.198291 9.224200 -0.164031 0.192463 0.967498 0.000000 0.000000 0.000000 0.000000 1.000000
0.986249 0.051851 0.156920 -0.007800 -0.019865 0.979817 -0.198906 9.224200 -0.164066 0.193054 0.967374 0.000000 0.000000 0.000000 0.000000 1.000000
0.986245 0.052024 0.156889 -0.007800 -0.019945 0.979698 -0.199486 9.224200 -0.164082 0.193613 0.967260 0.000000 0.000000 0.000000 0.000000 1.000000
0.986241 0.052178 0.156863 -0.007800 -0.020012 0.979586 -0.200026 9.224200 -0.164098 0.194135 0.967152 0.000000 0.000000 0.000000 0.000000 1.000000
0.986234 0.052314 0.156863 -0.007800 -0.020063 0.979484 -0.200521 9.224200 -0.164135 0.194613 0.967050 0.000000 0.000000 0.000000 0.000000 1.000000
0.986218 0.052421 0.156924 -0.007800 -0.020083 0.979395 -0.200955 9.224200 -0.164225 0.195034 0.966950 0.000000 0.000000 0.000000 0.000000 1.000000
0.986201 0.052491 0.157010 -0.007800 -0.020072 0.979318 -0.201327 9.224200 -0.164330 0.195397 0.966859 0.000000 0.000000 0.000000 0.000000 1.000000
0.986188 0.052553 0.157069 -0.007800 -0.020066 0.979251 -0.201655 9.224200 -0.164408 0.195718 0.966780 0.000000 0.000000 0.000000 0.000000 1.000000
0.986184 0.052649 0.157067 -0.007800 -0.020110 0.979188 -0.201955 9.224200 -0.164431 0.196006 0.966718 0.000000 0.000000 0.000000 0.000000 1.000000
0.986183 0.052746 0.157036 -0.007800 -0.020170 0.979135 -0.202206 9.224200 -0.164425 0.196245 0.966671 0.000000 0.000000 0.000000 0.000000 1.000000
0.986183 0.052829 0.157009 -0.007800 -0.020224 0.979093 -0.202405 9.224200 -0.164420 0.196433 0.966633 0.000000 0.000000 0.000000 0.000000 1.000000
0.986183 0.052881 0.156995 -0.007800 -0.020248 0.979055 -0.202586 9.224200 -0.164420 0.196608 0.966598 0.000000 0.000000 0.000000 0.000000 1.000000
0.986182 0.052902 0.156989 -0.007800 -0.020257 0.979039 -0.202661 9.224200 -0.164420 0.196681 0.966583 0.000000 0.000000 0.000000 0.000000 1.000000</float_array><technique_common><accessor source="#Spine1-Matrix-animation-output-transform-array" count="60" stride="16"><param type="float4x4"/></accessor></technique_common></source><source id="Spine1-Interpolations"><Name_array id="Spine1-Interpolations-array" count="60">
 LINEAR LINEAR LINEAR LINEAR LINEAR LINEAR LINEAR LINEAR LINEAR LINEAR LINEAR
LINEAR LINEAR LINEAR LINEAR LINEAR LINEAR LINEAR LINEAR LINEAR LINEAR LINEAR LINEAR
LINEAR LINEAR LINEAR LINEAR LINEAR LINEAR LINEAR LINEAR LINEAR LINEAR LINEAR LINEAR
LINEAR LINEAR LINEAR LINEAR LINEAR LINEAR LINEAR LINEAR LINEAR LINEAR LINEAR LINEAR
LINEAR LINEAR LINEAR LINEAR LINEAR LINEAR LINEAR LINEAR LINEAR LINEAR LINEAR LINEAR
LINEAR</Name_array><technique_common><accessor source="#Spine1-Interpolations-array" count="60"><param type="name"/></accessor></technique_common></source><sampler id="Spine1-Matrix-animation-transform"><input semantic="INPUT" source="#Spine1-Matrix-animation-input"/><input semantic="OUTPUT" source="#Spine1-Matrix-animation-output-transform"/><input semantic="INTERPOLATION" source="#Spine1-Interpolations"/></sampler><channel source="#Spine1-Matrix-animation-transform" target="Spine1/matrix"/></animation>
    <animation id="Spine2-anim" name="Spine2"><source id="Spine2-Matrix-animation-input"><float_array id="Spine2-Matrix-animation-input-array" count="60">

0.000000 0.033333 0.066667 0.100000 0.133333 0.166667 0.200000 0.233333 0.266667 0.300000 0.333333 0.366667 0.400000 0.433333 0.466667 0.500000
0.533333 0.566667 0.600000 0.633333 0.666667 0.700000 0.733333 0.766667 0.800000 0.833333 0.866667 0.900000 0.933333 0.966667 1.000000 1.033333
1.066667 1.100000 1.133333 1.166667 1.200000 1.233333 1.266667 1.300000 1.333333 1.366667 1.400000 1.433333 1.466667 1.500000 1.533333 1.566667
1.600000 1.633333 1.666667 1.700000 1.733333 1.766667 1.800000 1.833333 1.866667 1.900000 1.933333 1.966667</float_array><technique_common><accessor source="#Spine2-Matrix-animation-input-array" count="60"><param name="TIME" type="float"/></accessor></technique_common></source><source id="Spine2-Matrix-animation-output-transform"><float_array id="Spine2-Matrix-animation-output-transform-array" count="960">

0.986184 0.053092 0.156915 -0.005300 -0.020480 0.979057 -0.202553 11.063000 -0.164382 0.196541 0.966618 0.000000 0.000000 0.000000 0.000000 1.000000
0.986184 0.053064 0.156923 -0.005300 -0.020467 0.979078 -0.202452 11.063000 -0.164383 0.196443 0.966638 0.000000 0.000000 0.000000 0.000000 1.000000
0.986185 0.052995 0.156941 -0.005300 -0.020432 0.979124 -0.202237 11.063000 -0.164382 0.196236 0.966680 0.000000 0.000000 0.000000 0.000000 1.000000
0.986204 0.052853 0.156870 -0.005300 -0.020362 0.979194 -0.201904 11.063000 -0.164278 0.195924 0.966761 -0.000000 0.000000 0.000000 0.000000 1.000000
0.986247 0.052629 0.156673 -0.005300 -0.020256 0.979290 -0.201448 11.063000 -0.164030 0.195504 0.966888 0.000000 0.000000 0.000000 0.000000 1.000000
0.986341 0.052236 0.156217 -0.005300 -0.020054 0.979411 -0.200880 11.063000 -0.163494 0.195003 0.967080 0.000000 0.000000 0.000000 0.000000 1.000000
0.986435 0.051839 0.155749 -0.005300 -0.019861 0.979546 -0.200238 11.063000 -0.162944 0.194429 0.967288 0.000000 0.000000 0.000000 0.000000 1.000000
0.986492 0.051509 0.155501 -0.005300 -0.019706 0.979699 -0.199506 11.063000 -0.162621 0.193746 0.967480 0.000000 0.000000 0.000000 0.000000 1.000000
0.986508 0.051242 0.155489 -0.005300 -0.019585 0.979872 -0.198663 11.063000 -0.162539 0.192938 0.967655 0.000000 0.000000 0.000000 0.000000 1.000000
0.986494 0.051018 0.155650 -0.005300 -0.019494 0.980071 -0.197690 11.063000 -0.162634 0.191985 0.967828 -0.000000 0.000000 0.000000 0.000000 1.000000
0.986465 0.050809 0.155901 -0.005300 -0.019409 0.980278 -0.196668 11.063000 -0.162819 0.190980 0.967996 0.000000 0.000000 0.000000 0.000000 1.000000
0.986433 0.050591 0.156173 -0.005300 -0.019301 0.980472 -0.195707 11.063000 -0.163024 0.190037 0.968147 0.000000 0.000000 0.000000 0.000000 1.000000
0.986418 0.050324 0.156357 -0.005300 -0.019145 0.980647 -0.194845 11.063000 -0.163137 0.189205 0.968291 0.000000 0.000000 0.000000 0.000000 1.000000
0.986440 0.049980 0.156330 -0.005300 -0.018944 0.980811 -0.194037 11.063000 -0.163028 0.188444 0.968458 0.000000 0.000000 0.000000 0.000000 1.000000
0.986502 0.049557 0.156070 -0.005300 -0.018714 0.980980 -0.193206 11.063000 -0.162676 0.187678 0.968666 -0.000000 0.000000 0.000000 0.000000 1.000000
0.986563 0.049129 0.155817 -0.005300 -0.018489 0.981162 -0.192298 11.063000 -0.162330 0.186834 0.968887 0.000000 0.000000 0.000000 0.000000 1.000000
0.986587 0.048753 0.155786 -0.005300 -0.018283 0.981355 -0.191332 11.063000 -0.162209 0.185917 0.969084 0.000000 0.000000 0.000000 0.000000 1.000000
0.986569 0.048478 0.155985 -0.005300 -0.018132 0.981545 -0.190370 11.063000 -0.162335 0.184985 0.969241 0.000000 0.000000 0.000000 0.000000 1.000000
0.986537 0.048268 0.156255 -0.005300 -0.018022 0.981720 -0.189475 11.063000 -0.162545 0.184108 0.969373 0.000000 0.000000 0.000000 0.000000 1.000000
0.986519 0.048061 0.156433 -0.005300 -0.017913 0.981872 -0.188699 11.063000 -0.162666 0.183353 0.969495 -0.000000 0.000000 0.000000 0.000000 1.000000
0.986527 0.047835 0.156452 -0.005300 -0.017802 0.982008 -0.187996 11.063000 -0.162630 0.182678 0.969629 0.000000 0.000000 0.000000 0.000000 1.000000
0.986550 0.047624 0.156368 -0.005300 -0.017719 0.982137 -0.187331 11.063000 -0.162497 0.182041 0.969771 -0.000000 0.000000 0.000000 0.000000 1.000000
0.986570 0.047449 0.156293 -0.005300 -0.017667 0.982262 -0.186682 11.063000 -0.162378 0.181413 0.969909 -0.000000 0.000000 0.000000 0.000000 1.000000
0.986578 0.047315 0.156287 -0.005300 -0.017636 0.982376 -0.186082 11.063000 -0.162337 0.180828 0.970025 0.000000 0.000000 0.000000 0.000000 1.000000
0.986575 0.047223 0.156333 -0.005300 -0.017618 0.982470 -0.185587 11.063000 -0.162356 0.180342 0.970112 -0.000000 0.000000 0.000000 0.000000 1.000000
0.986563 0.047189 0.156417 -0.005300 -0.017624 0.982532 -0.185256 11.063000 -0.162427 0.180010 0.970162 0.000000 0.000000 0.000000 0.000000 1.000000
0.986547 0.047238 0.156503 -0.005300 -0.017674 0.982550 -0.185158 11.063000 -0.162518 0.179901 0.970167 0.000000 0.000000 0.000000 0.000000 1.000000
0.986530 0.047379 0.156566 -0.005300 -0.017772 0.982514 -0.185339 11.063000 -0.162609 0.180060 0.970122 0.000000 0.000000 0.000000 0.000000 1.000000
0.986514 0.047577 0.156612 -0.005300 -0.017893 0.982435 -0.185746 11.063000 -0.162698 0.180439 0.970037 0.000000 0.000000 0.000000 0.000000 1.000000
0.986495 0.047802 0.156659 -0.005300 -0.018022 0.982336 -0.186257 11.063000 -0.162795 0.180918 0.969931 0.000000 0.000000 0.000000 0.000000 1.000000
0.986478 0.048017 0.156699 -0.005300 -0.018136 0.982228 -0.186815 11.063000 -0.162884 0.181447 0.969817 0.000000 0.000000 0.000000 0.000000 1.000000
0.986473 0.048209 0.156676 -0.005300 -0.018218 0.982099 -0.187484 11.063000 -0.162910 0.182094 0.969692 0.000000 0.000000 0.000000 0.000000 1.000000
0.986482 0.048378 0.156565 -0.005300 -0.018268 0.981940 -0.188310 11.063000 -0.162848 0.182904 0.969550 -0.000000 0.000000 0.000000 0.000000 1.000000
0.986498 0.048537 0.156414 -0.005300 -0.018310 0.981774 -0.189169 11.063000 -0.162745 0.183751 0.969407 0.000000 0.000000 0.000000 0.000000 1.000000
