<?xml version="1.0" encoding="utf-8"?>
<COLLADA xmlns="http://www.collada.org/2005/11/COLLADASchema" version="1.4.1">
  <asset><contributor><author>Mixamo</author><authoring_tool>COLLADA Mixamo exporter</authoring_tool><comments></comments></contributor><created>2018-10-30T15:34:29Z</created><modified>2018-10-30T15:34:29Z</modified><revision></revision><title></title><unit meter="0.010000"/><up_axis>Y_UP</up_axis></asset>
  <library_animations>
    <animation id="Hips-anim" name="Hips"><source id="Hips-Matrix-animation-input"><float_array id="Hips-Matrix-animation-input-array" count="118">

0.000000 0.033333 0.066667 0.100000 0.133333 0.166667 0.200000 0.233333 0.266667 0.300000 0.333333 0.366667 0.400000 0.433333 0.466667 0.500000
0.533333 0.566667 0.600000 0.633333 0.666667 0.700000 0.733333 0.766667 0.800000 0.833333 0.866667 0.900000 0.933333 0.966667 1.000000 1.033333
1.066667 1.100000 1.133333 1.166667 1.200000 1.233333 1.266667 1.300000 1.333333 1.366667 1.400000 1.433333 1.466667 1.500000 1.533333 1.566667
1.600000 1.633333 1.666667 1.700000 1.733333 1.766667 1.800000 1.833333 1.866667 1.900000 1.933333 1.966667 2.000000 2.033333 2.066667 2.100000
2.133333 2.166667 2.200000 2.233333 2.266667 2.300000 2.333333 2.366667 2.400000 2.433333 2.466667 2.500000 2.533333 2.566667 2.600000 2.633333
2.666667 2.700000 2.733333 2.766667 2.800000 2.833333 2.866667 2.900000 2.933333 2.966667 3.000000 3.033333 3.066667 3.100000 3.133333 3.166667
3.200000 3.233333 3.266667 3.300000 3.333333 3.366667 3.400000 3.433333 3.466667 3.500000 3.533333 3.566667 3.600000 3.633333 3.666667 3.700000
3.733333 3.766667 3.800000 3.833333 3.866667 3.900000</float_array><technique_common><accessor source="#Hips-Matrix-animation-input-array" count="118"><param name="TIME" type="float"/></accessor></technique_common></source><source id="Hips-Matrix-animation-output-transform"><float_array id="Hips-Matrix-animation-output-transform-array" count="1888">

0.579660 -0.118298 -0.806226 2.389651 -0.019978 0.987045 -0.159194 100.280830 0.814613 0.108385 0.569787 -1.452004 0.000000 0.000000 0.000000 1.000000
0.611559 -0.101246 -0.784694 1.934030 -0.007105 0.991036 -0.133407 100.199364 0.791167 0.087162 0.605357 -0.906959 0.000000 0.000000 0.000000 1.000000
0.651474 -0.079089 -0.754537 1.379331 0.009005 0.995288 -0.096549 100.119217 0.758618 0.056104 0.649116 -0.214907 0.000000 0.000000 0.000000 1.000000
0.701878 -0.049671 -0.710563 0.683525 0.014617 0.998360 -0.055350 100.307091 0.712147 0.028462 0.701453 0.379465 0.000000 0.000000 0.000000 1.000000
0.745082 -0.035878 -0.666007 0.247458 0.004385 0.998794 -0.048900 101.233429 0.666959 0.033514 0.744341 0.169769 0.000000 0.000000 0.000000 1.000000
0.775881 -0.056050 -0.628385 0.538120 -0.002058 0.995815 -0.091366 103.194336 0.630876 0.072182 0.772519 -1.826404 0.000000 0.000000 0.000000 1.000000
0.805216 -0.081563 -0.587345 1.366727 0.001752 0.990818 -0.135191 105.412621 0.592979 0.107829 0.797966 -5.219026 0.000000 0.000000 0.000000 1.000000
0.836930 -0.100274 -0.538045 2.400125 0.007709 0.985136 -0.171605 107.764244 0.547255 0.139473 0.825263 -9.272586 0.000000 0.000000 0.000000 1.000000
0.865397 -0.104158 -0.490141 3.296170 0.003189 0.979283 -0.202474 110.418465 0.501076 0.173657 0.847801 -12.396399 0.000000 0.000000 0.000000 1.000000
0.878027 -0.096112 -0.468862 3.839189 -0.008724 0.976253 -0.216459 112.572166 0.478532 0.194147 0.856338 -14.117867 0.000000 0.000000 0.000000 1.000000
0.874905 -0.080980 -0.477475 4.049533 -0.026171 0.976575 -0.213582 113.904541 0.483586 0.199360 0.852291 -14.631371 0.000000 0.000000 0.000000 1.000000
0.865450 -0.066430 -0.496571 4.127337 -0.043669 0.977395 -0.206861 114.860474 0.499088 0.200713 0.842986 -14.723273 0.000000 0.000000 0.000000 1.000000
0.861228 -0.057764 -0.504925 4.185370 -0.049159 0.979393 -0.195892 115.154678 0.505836 0.193529 0.840641 -14.427798 0.000000 0.000000 0.000000 1.000000
0.863698 -0.056142 -0.500874 4.265608 -0.043720 0.981685 -0.185425 115.179718 0.502110 0.182049 0.845425 -13.984994 0.000000 0.000000 0.000000 1.000000
0.867782 -0.056437 -0.493731 4.357188 -0.035716 0.983878 -0.175238 115.133949 0.495661 0.169702 0.851776 -13.511866 0.000000 0.000000 0.000000 1.000000
0.872083 -0.056571 -0.486078 4.466542 -0.028329 0.985794 -0.165554 115.045616 0.488538 0.158147 0.858091 -13.023767 0.000000 0.000000 0.000000 1.000000
0.876118 -0.056269 -0.478801 4.585219 -0.022169 0.987412 -0.156607 114.937355 0.481586 0.147821 0.863843 -12.528311 0.000000 0.000000 0.000000 1.000000
0.878179 -0.058203 -0.474778 4.666335 -0.017853 0.987890 -0.154127 114.945358 0.477999 0.143827 0.866505 -12.040586 0.000000 0.000000 0.000000 1.000000
0.877730 -0.060198 -0.475359 4.696613 -0.016930 0.987561 -0.156323 114.958664 0.478856 0.145258 0.865793 -11.517792 0.000000 0.000000 0.000000 1.000000
0.875732 -0.059959 -0.479059 4.676180 -0.018579 0.987338 -0.157537 114.858864 0.482439 0.146861 0.863530 -10.908369 0.000000 0.000000 0.000000 1.000000
0.873875 -0.058407 -0.482629 4.615071 -0.019608 0.987714 -0.155034 114.603577 0.485755 0.144944 0.861994 -10.232533 0.000000 0.000000 0.000000 1.000000
0.872417 -0.056869 -0.485442 4.537541 -0.019493 0.988369 -0.150819 114.272003 0.488373 0.141040 0.861162 -9.535378 0.000000 0.000000 0.000000 1.000000
0.871127 -0.055323 -0.487931 4.453730 -0.018965 0.989102 -0.146006 113.914398 0.490691 0.136443 0.860585 -8.826850 0.000000 0.000000 0.000000 1.000000
0.869903 -0.053768 -0.490283 4.369520 -0.018309 0.989835 -0.141039 113.546188 0.492883 0.131667 0.860076 -8.110879 0.000000 0.000000 0.000000 1.000000
0.868737 -0.052131 -0.492523 4.281466 -0.017628 0.990560 -0.135938 113.177696 0.494960 0.126777 0.859617 -7.388570 0.000000 0.000000 0.000000 1.000000
0.868471 -0.048935 -0.493319 4.136430 -0.017208 0.991541 -0.128651 112.768898 0.495442 0.120218 0.860282 -6.565242 0.000000 0.000000 0.000000 1.000000
0.872589 -0.045971 -0.486288 3.837594 -0.013900 0.992821 -0.118799 112.195595 0.488258 0.110422 0.865685 -5.412150 0.000000 0.000000 0.000000 1.000000
0.877771 -0.044228 -0.477034 3.495145 -0.008953 0.994041 -0.108638 111.595482 0.478997 0.099630 0.872144 -4.208403 0.000000 0.000000 0.000000 1.000000
0.883779 -0.042832 -0.465939 3.117616 -0.003461 0.995176 -0.098048 110.962753 0.467891 0.088266 0.879367 -2.945698 0.000000 0.000000 0.000000 1.000000
0.890355 -0.041642 -0.453359 2.710577 0.002334 0.996213 -0.086920 110.285019 0.455262 0.076331 0.887080 -1.626037 0.000000 0.000000 0.000000 1.000000
0.897281 -0.040255 -0.439622 2.280096 0.007916 0.997141 -0.075147 109.548119 0.441390 0.063948 0.895034 -0.252245 0.000000 0.000000 0.000000 1.000000
0.904378 -0.038235 -0.425016 1.833880 0.012756 0.997955 -0.062635 108.738838 0.426542 0.051224 0.903016 1.169719 0.000000 0.000000 0.000000 1.000000
0.911447 -0.035760 -0.409860 1.359528 0.017013 0.998639 -0.049297 107.813736 0.411065 0.037959 0.910815 2.623362 0.000000 0.000000 0.000000 1.000000
0.918337 -0.032469 -0.394466 0.862846 0.020270 0.999180 -0.035054 106.756851 0.395280 0.024195 0.918242 4.107008 0.000000 0.000000 0.000000 1.000000
0.925435 -0.028575 -0.377828 0.335694 0.022813 0.999545 -0.019718 105.597649 0.378219 0.009628 0.925666 5.620924 0.000000 0.000000 0.000000 1.000000
0.933011 -0.024376 -0.359022 -0.219834 0.024855 0.999686 -0.003280 104.387146 0.358989 -0.005863 0.933324 7.175362 0.000000 0.000000 0.000000 1.000000
0.940749 -0.020065 -0.338510 -0.797496 0.026378 0.999553 0.014059 103.118896 0.338077 -0.022156 0.940858 8.763046 0.000000 0.000000 0.000000 1.000000
0.948360 -0.015859 -0.316799 -1.397960 0.027426 0.999109 0.032087 101.782761 0.316008 -0.039119 0.947950 10.374216 0.000000 0.000000 0.000000 1.000000
0.955651 -0.011042 -0.294296 -1.993712 0.027113 0.998352 0.050583 100.339447 0.293252 -0.056319 0.954375 11.996166 0.000000 0.000000 0.000000 1.000000
0.962426 -0.005431 -0.271490 -2.572194 0.025182 0.997277 0.069318 98.790276 0.270374 -0.073550 0.959942 13.633730 0.000000 0.000000 0.000000 1.000000
0.968475 -0.000442 -0.249109 -3.169565 0.023104 0.995848 0.088052 97.195274 0.248036 -0.091032 0.964464 15.291346 0.000000 0.000000 0.000000 1.000000
0.973731 0.004472 -0.227658 -3.774152 0.020347 0.994098 0.106556 95.539680 0.226791 -0.108389 0.967893 16.966572 0.000000 0.000000 0.000000 1.000000
0.978120 0.009340 -0.207830 -4.385874 0.017002 0.992061 0.124602 93.798843 0.207343 -0.125409 0.970197 18.649677 0.000000 0.000000 0.000000 1.000000
0.981649 0.014485 -0.190148 -4.993244 0.012896 0.989786 0.141976 91.957481 0.190262 -0.141823 0.971435 20.341093 0.000000 0.000000 0.000000 1.000000
0.984322 0.019733 -0.175274 -5.594430 0.008426 0.987327 0.158477 89.978355 0.176180 -0.157470 0.971681 22.041935 0.000000 0.000000 0.000000 1.000000
0.985457 0.026545 -0.167837 -6.185699 0.002976 0.984876 0.173237 87.673141 0.169897 -0.171217 0.970474 23.804930 0.000000 0.000000 0.000000 1.000000
0.985021 0.036049 -0.168622 -6.714932 -0.004326 0.982761 0.184829 84.677391 0.172378 -0.181331 0.968197 26.002789 0.000000 0.000000 0.000000 1.000000
0.983524 0.047308 -0.174479 -7.146593 -0.012964 0.981125 0.192941 80.825363 0.180313 -0.187500 0.965573 28.871645 0.000000 0.000000 0.000000 1.000000
0.980461 0.059193 -0.187594 -7.527891 -0.021455 0.980140 0.197140 75.610466 0.195538 -0.189264 0.962260 32.646587 0.000000 0.000000 0.000000 1.000000
0.973546 0.072969 -0.216525 -7.886972 -0.030315 0.980508 0.194126 67.297249 0.226470 -0.182426 0.956782 38.269272 0.000000 0.000000 0.000000 1.000000
0.963440 0.084992 -0.254084 -8.017475 -0.037610 0.981862 0.185827 58.632370 0.265270 -0.169477 0.949163 44.185585 0.000000 0.000000 0.000000 1.000000
0.952445 0.089192 -0.291363 -7.610418 -0.039239 0.984141 0.172994 53.906143 0.302172 -0.153334 0.940840 48.146709 0.000000 0.000000 0.000000 1.000000
0.940861 0.084333 -0.328128 -6.590307 -0.034513 0.987343 0.154798 54.269855 0.337030 -0.134319 0.931863 49.640820 0.000000 0.000000 0.000000 1.000000
0.928960 0.078133 -0.361841 -5.233327 -0.030708 0.990368 0.135015 55.842125 0.368905 -0.114312 0.922411 50.377914 0.000000 0.000000 0.000000 1.000000
0.917259 0.073609 -0.391431 -3.855816 -0.029553 0.992643 0.117415 57.161087 0.397194 -0.096132 0.912686 50.940590 0.000000 0.000000 0.000000 1.000000
0.907385 0.074981 -0.413559 -2.907046 -0.032751 0.993580 0.108283 57.063866 0.419023 -0.084710 0.904015 51.567478 0.000000 0.000000 0.000000 1.000000
0.896669 0.076146 -0.436103 -2.325476 -0.034353 0.994094 0.102940 55.753277 0.441366 -0.077322 0.893989 52.307285 0.000000 0.000000 0.000000 1.000000
0.884902 0.081070 -0.458668 -1.887735 -0.038168 0.994046 0.102060 55.362106 0.464211 -0.072807 0.882727 53.101276 0.000000 0.000000 0.000000 1.000000
0.878371 0.091752 -0.469090 -1.526356 -0.048634 0.993466 0.103249 55.817425 0.475498 -0.067877 0.877094 53.712208 0.000000 0.000000 0.000000 1.000000
0.879527 0.104305 -0.464277 -1.334375 -0.063920 0.992735 0.101940 56.534424 0.471537 -0.059983 0.879804 54.085617 0.000000 0.000000 0.000000 1.000000
0.885586 0.114060 -0.450253 -1.324994 -0.076554 0.991965 0.100718 57.113758 0.458123 -0.054726 0.887203 54.326195 0.000000 0.000000 0.000000 1.000000
0.891941 0.121170 -0.435613 -1.465741 -0.083533 0.990998 0.104618 57.569172 0.444369 -0.056925 0.894034 54.609665 0.000000 0.000000 0.000000 1.000000
0.896317 0.128010 -0.424533 -1.623100 -0.091228 0.990177 0.105960 57.937420 0.433927 -0.056244 0.899191 55.009407 0.000000 0.000000 0.000000 1.000000
0.902358 0.130465 -0.410765 -1.746606 -0.097652 0.990186 0.099977 58.264153 0.419778 -0.050103 0.906243 55.399231 0.000000 0.000000 0.000000 1.000000
0.909154 0.127219 -0.396554 -1.904310 -0.101209 0.991147 0.085936 58.564739 0.403976 -0.037994 0.913980 55.815762 0.000000 0.000000 0.000000 1.000000
0.912965 0.120986 -0.389688 -2.125000 -0.101061 0.992321 0.071318 58.806755 0.395324 -0.025729 0.918181 56.296524 0.000000 0.000000 0.000000 1.000000
0.914894 0.115604 -0.386787 -2.464128 -0.100005 0.993159 0.060291 59.003586 0.391111 -0.016479 0.920196 56.820332 0.000000 0.000000 0.000000 1.000000
0.916665 0.109026 -0.384498 -2.886879 -0.099190 0.994033 0.045387 59.136307 0.387152 -0.003466 0.922009 57.386051 0.000000 0.000000 0.000000 1.000000
0.916571 0.103266 -0.386308 -3.389163 -0.098745 0.994611 0.031586 59.233902 0.387488 0.009195 0.921829 57.998428 0.000000 0.000000 0.000000 1.000000
0.916631 0.097848 -0.387574 -3.941604 -0.098875 0.994949 0.017345 59.309475 0.387313 0.022423 0.921676 58.605663 0.000000 0.000000 0.000000 1.000000
0.917850 0.090421 -0.386490 -4.485384 -0.097942 0.995192 0.000233 59.360634 0.384653 0.037639 0.922294 59.220558 0.000000 0.000000 0.000000 1.000000
0.919543 0.082157 -0.384306 -5.023010 -0.096274 0.995199 -0.017604 59.405838 0.381015 0.053187 0.923038 59.832783 0.000000 0.000000 0.000000 1.000000
0.922127 0.072438 -0.380045 -5.546812 -0.092698 0.995070 -0.035254 59.437767 0.375618 0.067738 0.924296 60.404144 0.000000 0.000000 0.000000 1.000000
0.926750 0.058767 -0.371054 -6.032228 -0.084433 0.995003 -0.053296 59.435184 0.366068 0.080721 0.927080 60.874687 0.000000 0.000000 0.000000 1.000000
0.931109 0.043480 -0.362140 -6.606875 -0.075481 0.994346 -0.074686 59.418034 0.356845 0.096876 0.929127 61.418800 0.000000 0.000000 0.000000 1.000000
0.935941 0.030219 -0.350858 -7.249636 -0.067990 0.993072 -0.095836 59.370960 0.345531 0.113552 0.931512 62.033333 0.000000 0.000000 0.000000 1.000000
0.941979 0.018575 -0.335158 -7.961458 -0.060861 0.991370 -0.116112 59.282986 0.330108 0.129773 0.934980 62.730091 0.000000 0.000000 0.000000 1.000000
0.947950 0.007561 -0.318329 -8.674697 -0.053701 0.989194 -0.136421 59.167328 0.313858 0.146415 0.938113 63.453037 0.000000 0.000000 0.000000 1.000000
0.953761 -0.003317 -0.300549 -9.395334 -0.046372 0.986343 -0.158043 59.001411 0.296969 0.164672 0.940581 64.257629 0.000000 0.000000 0.000000 1.000000
0.959423 -0.014116 -0.281617 -10.130404 -0.038756 0.982666 -0.181289 58.795235 0.279295 0.184847 0.942245 65.137383 0.000000 0.000000 0.000000 1.000000
0.965498 -0.024549 -0.259250 -10.904179 -0.031340 0.977357 -0.209265 58.500450 0.258517 0.210170 0.942867 66.151947 0.000000 0.000000 0.000000 1.000000
0.971538 -0.034252 -0.234395 -11.699776 -0.023694 0.970477 -0.240025 58.144936 0.235697 0.238748 0.942044 67.251526 0.000000 0.000000 0.000000 1.000000
0.977042 -0.043145 -0.208630 -12.499944 -0.015357 0.962469 -0.270958 57.774239 0.212491 0.267942 0.939710 68.372322 0.000000 0.000000 0.000000 1.000000
0.982040 -0.051163 -0.181605 -13.311769 -0.006276 0.953141 -0.302462 57.383820 0.188570 0.298169 0.935701 69.527061 0.000000 0.000000 0.000000 1.000000
0.986669 -0.057919 -0.152086 -14.142854 0.003534 0.941931 -0.335788 56.946480 0.162703 0.330774 0.929579 70.745781 0.000000 0.000000 0.000000 1.000000
0.991359 -0.062433 -0.115370 -15.035996 0.014588 0.926495 -0.376024 56.381981 0.130366 0.371092 0.919400 72.146515 0.000000 0.000000 0.000000 1.000000
0.995562 -0.068789 -0.064219 -16.143150 0.034062 0.899546 -0.435496 55.643162 0.087725 0.431376 0.897897 73.832146 0.000000 0.000000 0.000000 1.000000
0.997319 -0.072848 -0.006899 -17.314354 0.059648 0.863962 -0.500011 54.805737 0.042386 0.498259 0.865992 75.655640 0.000000 0.000000 0.000000 1.000000
0.995957 -0.072739 0.052718 -18.593960 0.089812 0.819340 -0.566230 53.725128 -0.002007 0.568675 0.822560 77.827278 0.000000 0.000000 0.000000 1.000000
0.991409 -0.067943 0.111766 -20.155975 0.123874 0.762063 -0.635543 52.094929 -0.041992 0.643928 0.763932 80.821335 0.000000 0.000000 0.000000 1.000000
0.983552 -0.057520 0.171223 -22.059582 0.163236 0.688883 -0.706254 49.963364 -0.077329 0.722587 0.686941 84.747368 0.000000 0.000000 0.000000 1.000000
0.969305 -0.036416 0.243151 -24.434103 0.217597 0.587458 -0.779451 47.010952 -0.114456 0.808435 0.577350 89.969025 0.000000 0.000000 0.000000 1.000000
0.950009 -0.008818 0.312098 -26.722124 0.278468 0.476003 -0.834192 42.986633 -0.141204 0.879399 0.454663 95.194633 0.000000 0.000000 0.000000 1.000000
0.925172 0.021527 0.378936 -28.756350 0.346818 0.357634 -0.867073 36.827682 -0.154186 0.933614 0.323407 100.054733 0.000000 0.000000 0.000000 1.000000
0.894458 0.041403 0.445232 -30.400387 0.422965 0.244705 -0.872479 29.031422 -0.145074 0.968713 0.201367 104.068848 0.000000 0.000000 0.000000 1.000000
0.863701 0.043160 0.502154 -31.745314 0.491622 0.147353 -0.858251 23.338520 -0.111036 0.988142 0.106050 107.413467 0.000000 0.000000 0.000000 1.000000
0.853135 0.025492 0.521067 -32.614635 0.519461 0.050720 -0.852988 22.106258 -0.048173 0.998388 0.030029 110.757408 0.000000 0.000000 0.000000 1.000000
0.875744 0.014125 0.482569 -32.587437 0.482689 -0.044498 -0.874660 23.194363 0.009118 0.998910 -0.045787 114.175049 0.000000 0.000000 0.000000 1.000000
0.895388 0.025431 0.444560 -32.136456 0.444835 -0.096082 -0.890444 24.126553 0.020070 0.995049 -0.097343 116.592766 0.000000 0.000000 0.000000 1.000000
0.901766 0.038770 0.430483 -31.855255 0.432052 -0.109070 -0.895229 24.711021 0.012245 0.993278 -0.115107 117.488403 0.000000 0.000000 0.000000 1.000000
0.907480 0.043238 0.417865 -31.713226 0.420013 -0.113092 -0.900444 24.920542 0.008324 0.992643 -0.120789 118.137070 0.000000 0.000000 0.000000 1.000000
0.912546 0.038406 0.407168 -31.588419 0.408844 -0.110820 -0.905851 24.655302 0.010332 0.993098 -0.116831 118.373558 0.000000 0.000000 0.000000 1.000000
0.918085 0.031901 0.395099 -31.419777 0.396170 -0.106624 -0.911965 24.254683 0.013034 0.993788 -0.110528 118.450287 0.000000 0.000000 0.000000 1.000000
0.925236 0.025931 0.378505 -31.135157 0.379095 -0.102664 -0.919645 23.788568 0.015012 0.994378 -0.104819 118.367188 0.000000 0.000000 0.000000 1.000000
0.936648 0.024688 0.349400 -30.507748 0.350065 -0.100145 -0.931357 23.182161 0.011997 0.994666 -0.102443 117.991966 0.000000 0.000000 0.000000 1.000000
0.947143 0.025173 0.319823 -29.901686 0.320760 -0.092289 -0.942654 22.771025 0.005787 0.995414 -0.095485 117.606094 0.000000 0.000000 0.000000 1.000000
0.954965 0.028524 0.295345 -29.552000 0.296706 -0.082102 -0.951433 22.685843 -0.002890 0.996216 -0.086868 117.162956 0.000000 0.000000 0.000000 1.000000
0.961139 0.034630 0.273885 -29.478018 0.275768 -0.074390 -0.958341 22.807928 -0.012813 0.996628 -0.081049 116.477684 0.000000 0.000000 0.000000 1.000000
0.965208 0.040987 0.258251 -29.720840 0.260662 -0.072586 -0.962698 22.983959 -0.020713 0.996520 -0.080744 115.434906 0.000000 0.000000 0.000000 1.000000
0.967555 0.045340 0.248560 -29.749477 0.251334 -0.072008 -0.965218 22.922638 -0.025864 0.996373 -0.081067 114.528061 0.000000 0.000000 0.000000 1.000000
0.968785 0.046840 0.243438 -29.556181 0.246258 -0.068866 -0.966755 22.735008 -0.028518 0.996526 -0.078251 114.162910 0.000000 0.000000 0.000000 1.000000
0.969447 0.048016 0.240557 -29.362785 0.243344 -0.064580 -0.967788 22.506496 -0.030934 0.996757 -0.074291 114.118332 0.000000 0.000000 0.000000 1.000000
0.969713 0.048016 0.239481 -29.292782 0.242150 -0.060798 -0.968332 22.345425 -0.031936 0.996995 -0.070584 114.228592 0.000000 0.000000 0.000000 1.000000
0.968696 0.049521 0.243260 -29.306736 0.245964 -0.058807 -0.967493 22.228317 -0.033605 0.997040 -0.069147 114.371437 0.000000 0.000000 0.000000 1.000000
0.965935 0.051065 0.253698 -29.468931 0.256604 -0.061972 -0.964528 22.218395 -0.033532 0.996771 -0.072964 114.620773 0.000000 0.000000 0.000000 1.000000
0.963113 0.051248 0.264172 -29.610142 0.267234 -0.066809 -0.961313 22.206493 -0.031616 0.996449 -0.078040 114.827599 0.000000 0.000000 0.000000 1.000000
0.960837 0.049708 0.272620 -29.744335 0.275690 -0.071848 -0.958558 22.125727 -0.028061 0.996176 -0.082738 115.017204 0.000000 0.000000 0.000000 1.000000
0.958582 0.047590 0.280811 -29.940985 0.283814 -0.077028 -0.955780 22.056137 -0.023855 0.995893 -0.087344 115.251915 0.000000 0.000000 0.000000 1.000000</float_array><technique_common><accessor source="#Hips-Matrix-animation-output-transform-array" count="118" stride="16"><param type="float4x4"/></accessor></technique_common></source><source id="Hips-Interpolations"><Name_array id="Hips-Interpolations-array" count="118">
 LINEAR LINEAR LINEAR LINEAR LINEAR LINEAR LINEAR LINEAR LINEAR LINEAR LINEAR
LINEAR LINEAR LINEAR LINEAR LINEAR LINEAR LINEAR LINEAR LINEAR LINEAR LINEAR LINEAR
LINEAR LINEAR LINEAR LINEAR LINEAR LINEAR LINEAR LINEAR LINEAR LINEAR LINEAR LINEAR
LINEAR LINEAR LINEAR LINEAR LINEAR LINEAR LINEAR LINEAR LINEAR LINEAR LINEAR LINEAR
LINEAR LINEAR LINEAR LINEAR LINEAR LINEAR LINEAR LINEAR LINEAR LINEAR LINEAR LINEAR
LINEAR LINEAR LINEAR LINEAR LINEAR LINEAR LINEAR LINEAR LINEAR LINEAR LINEAR LINEAR
LINEAR LINEAR LINEAR LINEAR LINEAR LINEAR LINEAR LINEAR LINEAR LINEAR LINEAR LINEAR
LINEAR LINEAR LINEAR LINEAR LINEAR LINEAR LINEAR LINEAR LINEAR LINEAR LINEAR LINEAR
LINEAR LINEAR LINEAR LINEAR LINEAR LINEAR LINEAR LINEAR LINEAR LINEAR LINEAR LINEAR
LINEAR LINEAR LINEAR LINEAR LINEAR LINEAR LINEAR LINEAR LINEAR LINEAR LINEAR</Name_array><technique_common><accessor source="#Hips-Interpolations-array" count="118"><param type="name"/></accessor></technique_common></source><sampler id="Hips-Matrix-animation-transform"><input semantic="INPUT" source="#Hips-Matrix-animation-input"/><input semantic="OUTPUT" source="#Hips-Matrix-animation-output-transform"/><input semantic="INTERPOLATION" source="#Hips-Interpolations"/></sampler><channel source="#Hips-Matrix-animation-transform" target="Hips/matrix"/></animation>
    <animation id="Spine-anim" name="Spine"><source id="Spine-Matrix-animation-input"><float_array id="Spine-Matrix-animation-input-array" count="118">

0.000000 0.033333 0.066667 0.100000 0.133333 0.166667 0.200000 0.233333 0.266667 0.300000 0.333333 0.366667 0.400000 0.433333 0.466667 0.500000
0.533333 0.566667 0.600000 0.633333 0.666667 0.700000 0.733333 0.766667 0.800000 0.833333 0.866667 0.900000 0.933333 0.966667 1.000000 1.033333
1.066667 1.100000 1.133333 1.166667 1.200000 1.233333 1.266667 1.300000 1.333333 1.366667 1.400000 1.433333 1.466667 1.500000 1.533333 1.566667
1.600000 1.633333 1.666667 1.700000 1.733333 1.766667 1.800000 1.833333 1.866667 1.900000 1.933333 1.966667 2.000000 2.033333 2.066667 2.100000
2.133333 2.166667 2.200000 2.233333 2.266667 2.300000 2.333333 2.366667 2.400000 2.433333 2.466667 2.500000 2.533333 2.566667 2.600000 2.633333
2.666667 2.700000 2.733333 2.766667 2.800000 2.833333 2.866667 2.900000 2.933333 2.966667 3.000000 3.033333 3.066667 3.100000 3.133333 3.166667
3.200000 3.233333 3.266667 3.300000 3.333333 3.366667 3.400000 3.433333 3.466667 3.500000 3.533333 3.566667 3.600000 3.633333 3.666667 3.700000
3.733333 3.766667 3.800000 3.833333 3.866667 3.900000</float_array><technique_common><accessor source="#Spine-Matrix-animation-input-array" count="118"><param name="TIME" type="float"/></accessor></technique_common></source><source id="Spine-Matrix-animation-output-transform"><float_array id="Spine-Matrix-animation-output-transform-array" count="1888">

0.996534 0.050027 0.066468 0.000000 -0.041178 0.990867 -0.128404 13.214800 -0.072284 0.125222 0.989492 0.000000 0.000000 0.000000 0.000000 1.000000
0.996994 0.051223 0.058136 -0.000000 -0.042706 0.989329 -0.139298 13.214800 -0.064651 0.136397 0.988542 0.000000 0.000000 0.000000 0.000000 1.000000
0.997717 0.053151 0.041661 0.000000 -0.045896 0.986202 -0.159057 13.214800 -0.049540 0.156782 0.986390 0.000000 0.000000 0.000000 0.000000 1.000000
0.998552 0.051700 0.014835 0.000000 -0.048090 0.981696 -0.184281 13.214800 -0.024091 0.183301 0.982762 0.000000 0.000000 0.000000 0.000000 1.000000
0.998574 0.052432 -0.010048 0.000000 -0.053377 0.977009 -0.206407 13.214800 -0.001006 0.206649 0.978415 0.000000 0.000000 0.000000 0.000000 1.000000
0.997663 0.064424 -0.022776 -0.000000 -0.067987 0.969277 -0.236390 13.214800 0.006847 0.237386 0.971391 -0.000000 0.000000 0.000000 0.000000 1.000000
0.996082 0.083224 -0.029908 0.000000 -0.088319 0.953475 -0.288244 13.214800 0.004528 0.289756 0.957090 0.000000 0.000000 0.000000 0.000000 1.000000
0.994627 0.094907 -0.041345 0.000000 -0.103417 0.928814 -0.355822 13.214800 0.004632 0.358186 0.933639 0.000000 0.000000 0.000000 0.000000 1.000000
0.994466 0.091623 -0.051405 0.000000 -0.104752 0.902091 -0.418639 13.214800 0.008015 0.421707 0.906697 0.000000 0.000000 0.000000 0.000000 1.000000
0.994905 0.087757 -0.049628 0.000000 -0.100757 0.882457 -0.459475 13.214800 0.003472 0.462134 0.886803 0.000000 0.000000 0.000000 0.000000 1.000000
0.995207 0.092832 -0.030740 0.000000 -0.096067 0.869391 -0.484696 13.214800 -0.018270 0.485326 0.874143 0.000000 0.000000 0.000000 0.000000 1.000000
0.994427 0.105306 -0.005001 0.000000 -0.093526 0.859302 -0.502845 13.214800 -0.048656 0.500510 0.864362 0.000000 0.000000 0.000000 0.000000 1.000000
0.993177 0.116061 0.011397 -0.000000 -0.093534 0.851129 -0.516557 13.214800 -0.069652 0.511966 0.856177 0.000000 0.000000 0.000000 0.000000 1.000000
0.992531 0.121209 0.013833 0.000000 -0.096016 0.846076 -0.524343 13.214800 -0.075259 0.519098 0.851395 0.000000 0.000000 0.000000 0.000000 1.000000
0.992106 0.124741 0.012833 -0.000000 -0.099006 0.841986 -0.530337 13.214800 -0.076960 0.524880 0.847690 0.000000 0.000000 0.000000 0.000000 1.000000
0.991857 0.126808 0.011800 0.000000 -0.100848 0.838617 -0.535305 13.214800 -0.077777 0.529756 0.844576 0.000000 0.000000 0.000000 0.000000 1.000000
0.991724 0.127867 0.011585 0.000000 -0.101470 0.835866 -0.539473 13.214800 -0.078664 0.533833 0.841923 0.000000 0.000000 0.000000 0.000000 1.000000
0.991675 0.128080 0.013263 0.000000 -0.100828 0.836459 -0.538674 13.214800 -0.080087 0.532852 0.842410 0.000000 0.000000 0.000000 0.000000 1.000000
0.991714 0.127441 0.016165 -0.000000 -0.099190 0.839614 -0.534050 13.214800 -0.081632 0.528021 0.845299 0.000000 0.000000 0.000000 0.000000 1.000000
0.991878 0.125885 0.018191 0.000000 -0.097342 0.843348 -0.528477 13.214800 -0.081869 0.522414 0.848752 0.000000 0.000000 0.000000 0.000000 1.000000
0.992103 0.124049 0.018533 -0.000000 -0.096006 0.846142 -0.524239 13.214800 -0.080712 0.518320 0.851369 0.000000 0.000000 0.000000 0.000000 1.000000
0.992318 0.122488 0.017341 -0.000000 -0.095604 0.848262 -0.520875 13.214800 -0.078511 0.515216 0.853457 0.000000 0.000000 0.000000 0.000000 1.000000
0.992522 0.121105 0.015285 0.000000 -0.095757 0.850136 -0.517783 13.214800 -0.075701 0.512447 0.855375 0.000000 0.000000 0.000000 0.000000 1.000000
0.992716 0.119773 0.012991 0.000000 -0.096050 0.851931 -0.514769 13.214800 -0.072722 0.509772 0.857230 -0.000000 0.000000 0.000000 0.000000 1.000000
0.992929 0.118237 0.010599 -0.000000 -0.096200 0.853741 -0.511735 13.214800 -0.069555 0.507097 0.859078 0.000000 0.000000 0.000000 0.000000 1.000000
0.993194 0.116172 0.008335 -0.000000 -0.095824 0.855722 -0.508486 13.214800 -0.066205 0.504227 0.861030 0.000000 0.000000 0.000000 0.000000 1.000000
0.993538 0.113336 0.006124 -0.000000 -0.094742 0.857831 -0.505124 13.214800 -0.062502 0.501280 0.863025 0.000000 0.000000 0.000000 0.000000 1.000000
0.993831 0.110854 0.003347 0.000000 -0.094227 0.859914 -0.501667 13.214800 -0.058491 0.498257 0.865054 0.000000 0.000000 0.000000 0.000000 1.000000
0.994134 0.108152 0.000581 0.000000 -0.093489 0.862023 -0.498172 13.214800 -0.054379 0.495196 0.867078 -0.000000 0.000000 0.000000 0.000000 1.000000
0.994431 0.105373 -0.002057 -0.000000 -0.092588 0.864117 -0.494701 13.214800 -0.050351 0.492137 0.869061 0.000000 0.000000 0.000000 0.000000 1.000000
0.994734 0.102396 -0.004336 0.000000 -0.091305 0.866181 -0.491319 13.214800 -0.046554 0.489127 0.870969 0.000000 0.000000 0.000000 0.000000 1.000000
0.995063 0.099060 -0.006057 0.000000 -0.089402 0.868203 -0.488088 13.214800 -0.043091 0.486220 0.872773 -0.000000 0.000000 0.000000 0.000000 1.000000
0.995372 0.095816 -0.007335 0.000000 -0.087332 0.870103 -0.485071 13.214800 -0.040095 0.483466 0.874444 -0.000000 0.000000 0.000000 0.000000 1.000000
0.995671 0.092606 -0.008000 0.000000 -0.084966 0.871861 -0.482326 13.214800 -0.037692 0.480918 0.875955 -0.000000 0.000000 0.000000 0.000000 1.000000
0.995964 0.089392 -0.008035 0.000000 -0.082264 0.873399 -0.480007 13.214800 -0.035891 0.478731 0.877228 0.000000 0.000000 0.000000 0.000000 1.000000
0.996270 0.085962 -0.007486 0.000000 -0.079066 0.874715 -0.478144 13.214800 -0.034554 0.476952 0.878250 -0.000000 0.000000 0.000000 0.000000 1.000000
0.996575 0.082434 -0.006499 0.000000 -0.075557 0.875861 -0.476612 13.214800 -0.033597 0.475471 0.879090 0.000000 0.000000 0.000000 0.000000 1.000000
0.996863 0.078970 -0.005224 0.000000 -0.071956 0.876883 -0.475288 13.214800 -0.032953 0.474173 0.879815 0.000000 0.000000 0.000000 0.000000 1.000000
0.997190 0.074836 -0.003471 0.000000 -0.067534 0.877902 -0.474054 13.214800 -0.032429 0.472956 0.880489 0.000000 0.000000 0.000000 0.000000 1.000000
0.997557 0.069852 -0.001285 0.000000 -0.062158 0.878983 -0.472784 13.214800 -0.031895 0.471709 0.881177 0.000000 0.000000 0.000000 0.000000 1.000000
0.997857 0.065428 0.000694 0.000000 -0.057377 0.880076 -0.471353 13.214800 -0.031451 0.470304 0.881944 0.000000 0.000000 0.000000 0.000000 1.000000
0.998130 0.061079 0.002569 0.000000 -0.052720 0.881280 -0.469644 13.214800 -0.030950 0.468630 0.882852 0.000000 0.000000 0.000000 0.000000 1.000000
0.998370 0.056914 0.004332 -0.000000 -0.048289 0.882653 -0.467539 13.214800 -0.030433 0.466567 0.883962 0.000000 0.000000 0.000000 0.000000 1.000000
0.998592 0.052714 0.005953 0.000000 -0.043907 0.884264 -0.464919 13.214800 -0.029772 0.464003 0.885333 0.000000 0.000000 0.000000 0.000000 1.000000
0.998782 0.048797 0.007276 0.000000 -0.039931 0.886153 -0.461668 13.214800 -0.028976 0.460816 0.887023 0.000000 0.000000 0.000000 0.000000 1.000000
0.998939 0.045328 0.008121 -0.000000 -0.036617 0.888823 -0.456785 13.214800 -0.027923 0.456003 0.889540 0.000000 0.000000 0.000000 0.000000 1.000000
0.999231 0.038065 0.009385 -0.000000 -0.029855 0.893957 -0.447157 13.214800 -0.025411 0.446533 0.894406 0.000000 0.000000 0.000000 0.000000 1.000000
0.999652 0.023613 0.011758 0.000000 -0.016265 0.902686 -0.429993 13.214800 -0.020767 0.429652 0.902756 0.000000 0.000000 0.000000 0.000000 1.000000
0.999868 -0.001494 0.016200 -0.000000 0.007846 0.916586 -0.399762 13.214800 -0.014251 0.399836 0.916476 0.000000 0.000000 0.000000 0.000000 1.000000
0.998549 -0.047628 0.025138 -0.000000 0.053467 0.932641 -0.356822 13.214800 -0.006450 0.357648 0.933834 0.000000 0.000000 0.000000 0.000000 1.000000
0.995268 -0.090995 0.034070 0.000000 0.097138 0.939941 -0.327223 13.214800 -0.002248 0.328984 0.944333 0.000000 0.000000 0.000000 0.000000 1.000000
0.993562 -0.106227 0.039364 0.000000 0.113225 0.942489 -0.314476 13.214800 -0.003694 0.316909 0.948449 0.000000 0.000000 0.000000 0.000000 1.000000
0.994522 -0.095066 0.043456 -0.000000 0.103886 0.944939 -0.310318 13.214800 -0.011562 0.313133 0.949639 0.000000 0.000000 0.000000 0.000000 1.000000
0.995684 -0.080434 0.046296 0.000000 0.090875 0.946223 -0.310489 13.214800 -0.018833 0.313356 0.949449 0.000000 0.000000 0.000000 0.000000 1.000000
0.996142 -0.074842 0.045824 0.000000 0.085534 0.944804 -0.316275 13.214800 -0.019624 0.318974 0.947560 0.000000 0.000000 0.000000 0.000000 1.000000
0.996271 -0.076599 0.039702 0.000000 0.085356 0.942135 -0.324185 13.214800 -0.012573 0.326365 0.945160 -0.000000 0.000000 0.000000 0.000000 1.000000
0.996490 -0.077449 0.031771 0.000000 0.083599 0.940456 -0.329474 13.214800 -0.004361 0.330974 0.943630 0.000000 0.000000 0.000000 0.000000 1.000000
0.996835 -0.075099 0.026094 0.000000 0.079502 0.939992 -0.331806 13.214800 0.000390 0.332830 0.942987 0.000000 0.000000 0.000000 0.000000 1.000000
0.997142 -0.071961 0.023002 0.000000 0.075511 0.939823 -0.333213 13.214800 0.002361 0.333998 0.942571 0.000000 0.000000 0.000000 0.000000 1.000000
0.997440 -0.067931 0.022323 0.000000 0.071484 0.939630 -0.334644 13.214800 0.001757 0.335383 0.942080 0.000000 0.000000 0.000000 0.000000 1.000000
0.997838 -0.060409 0.025895 0.000000 0.065609 0.938937 -0.337777 13.214800 -0.003909 0.338745 0.940870 0.000000 0.000000 0.000000 0.000000 1.000000
0.998141 -0.050466 0.034158 0.000000 0.059118 0.937907 -0.341811 13.214800 -0.014788 0.343195 0.939148 0.000000 0.000000 0.000000 0.000000 1.000000
0.998231 -0.043320 0.040721 0.000000 0.054690 0.937699 -0.343118 13.214800 -0.023320 0.344738 0.938409 0.000000 0.000000 0.000000 0.000000 1.000000
0.998331 -0.041022 0.040650 -0.000000 0.052402 0.939306 -0.339056 13.214800 -0.024274 0.340620 0.939888 -0.000000 0.000000 0.000000 0.000000 1.000000
0.998490 -0.040126 0.037514 0.000000 0.050324 0.941975 -0.331889 13.214800 -0.022020 0.333276 0.942572 -0.000000 0.000000 0.000000 0.000000 1.000000
0.998617 -0.037282 0.037077 0.000000 0.047336 0.944433 -0.325277 13.214800 -0.022890 0.326582 0.944892 0.000000 0.000000 0.000000 0.000000 1.000000
0.998709 -0.032506 0.039031 -0.000000 0.043319 0.946322 -0.320311 13.214800 -0.026524 0.321588 0.946508 0.000000 0.000000 0.000000 0.000000 1.000000
0.998808 -0.026631 0.040896 0.000000 0.038227 0.947857 -0.316395 13.214800 -0.030337 0.317581 0.947746 -0.000000 0.000000 0.000000 0.000000 1.000000
0.998898 -0.019779 0.042557 -0.000000 0.032120 0.949304 -0.312713 13.214800 -0.034215 0.313736 0.948894 0.000000 0.000000 0.000000 0.000000 1.000000
0.998937 -0.012900 0.044257 0.000000 0.025980 0.950603 -0.309319 13.214800 -0.038081 0.310140 0.949928 0.000000 0.000000 0.000000 0.000000 1.000000
0.998960 -0.007176 0.045038 0.000000 0.020621 0.951903 -0.305704 13.214800 -0.040678 0.306315 0.951061 0.000000 0.000000 0.000000 0.000000 1.000000
0.999010 -0.002498 0.044413 0.000000 0.015826 0.953052 -0.302393 13.214800 -0.041573 0.302797 0.952148 0.000000 0.000000 0.000000 0.000000 1.000000
0.999051 0.002426 0.043493 0.000000 0.010783 0.953601 -0.300880 13.214800 -0.042205 0.301064 0.952670 0.000000 0.000000 0.000000 0.000000 1.000000
0.998966 0.008416 0.044675 0.000000 0.005375 0.953950 -0.299917 13.214800 -0.045142 0.299848 0.952918 0.000000 0.000000 0.000000 0.000000 1.000000
0.998669 0.015168 0.049297 0.000000 0.000180 0.954751 -0.297408 13.214800 -0.051578 0.297021 0.953477 0.000000 0.000000 0.000000 0.000000 1.000000
0.998167 0.021865 0.056439 0.000000 -0.004366 0.956049 -0.293175 13.214800 -0.060368 0.292391 0.954391 0.000000 0.000000 0.000000 0.000000 1.000000
0.997574 0.027937 0.063758 0.000000 -0.008324 0.957236 -0.289190 13.214800 -0.069110 0.287957 0.955146 0.000000 0.000000 0.000000 0.000000 1.000000
0.997008 0.033521 0.069652 -0.000000 -0.012201 0.958027 -0.286419 13.214800 -0.076329 0.284713 0.955569 -0.000000 0.000000 0.000000 0.000000 1.000000
0.996539 0.038919 0.073456 -0.000000 -0.016429 0.958413 -0.284913 13.214800 -0.081490 0.282720 0.955735 0.000000 0.000000 0.000000 0.000000 1.000000
0.996235 0.044351 0.074486 0.000000 -0.021352 0.958286 -0.285013 13.214800 -0.084019 0.282350 0.955625 0.000000 0.000000 0.000000 0.000000 1.000000
0.996123 0.049512 0.072720 -0.000000 -0.026669 0.957646 -0.286709 13.214800 -0.083836 0.283658 0.955254 0.000000 0.000000 0.000000 0.000000 1.000000
0.996132 0.054502 0.068924 -0.000000 -0.032302 0.956604 -0.289594 13.214800 -0.081717 0.286247 0.954665 -0.000000 0.000000 0.000000 0.000000 1.000000
0.996164 0.059472 0.064195 0.000000 -0.038151 0.955341 -0.293033 13.214800 -0.078756 0.289459 0.953945 0.000000 0.000000 0.000000 0.000000 1.000000
0.996187 0.064384 0.058870 0.000000 -0.044104 0.953883 -0.296920 13.214800 -0.075272 0.293191 0.953086 0.000000 0.000000 0.000000 0.000000 1.000000
0.996243 0.068928 0.052424 -0.000000 -0.050000 0.952102 -0.301665 13.214800 -0.070707 0.297910 0.951972 0.000000 0.000000 0.000000 0.000000 1.000000
0.996385 0.071755 0.045483 0.000000 -0.054439 0.950279 -0.306603 13.214800 -0.065222 0.303019 0.950750 0.000000 0.000000 0.000000 0.000000 1.000000
0.996477 0.074091 0.039293 -0.000000 -0.058477 0.949679 -0.307719 13.214800 -0.060115 0.304337 0.950666 0.000000 0.000000 0.000000 0.000000 1.000000
0.996494 0.076606 0.033625 -0.000000 -0.062639 0.949609 -0.307115 13.214800 -0.055458 0.303932 0.951078 0.000000 0.000000 0.000000 0.000000 1.000000
0.996528 0.078732 0.027067 0.000000 -0.066838 0.950407 -0.303741 13.214800 -0.049639 0.300878 0.952370 -0.000000 0.000000 0.000000 0.000000 1.000000
0.996627 0.080202 0.017375 0.000000 -0.071558 0.952998 -0.294403 13.214800 -0.040170 0.292167 0.955523 0.000000 0.000000 0.000000 0.000000 1.000000
0.996765 0.080331 0.002703 0.000000 -0.076387 0.957220 -0.279096 13.214800 -0.025007 0.277986 0.960259 0.000000 0.000000 0.000000 0.000000 1.000000
0.996709 0.078722 -0.019352 0.000000 -0.081043 0.961882 -0.261182 13.214800 -0.001946 0.261890 0.965096 0.000000 0.000000 0.000000 0.000000 1.000000
0.996184 0.075104 -0.044459 -0.000000 -0.083643 0.967007 -0.240625 13.214800 0.024920 0.243426 0.969599 0.000000 0.000000 0.000000 0.000000 1.000000
0.995511 0.067184 -0.066670 0.000000 -0.080235 0.972667 -0.217904 13.214800 0.050208 0.222275 0.973690 0.000000 0.000000 0.000000 0.000000 1.000000
0.996045 0.057876 -0.067420 0.000000 -0.070744 0.975649 -0.207618 13.214800 0.053762 0.211566 0.975884 0.000000 0.000000 0.000000 0.000000 1.000000
0.997195 0.060243 -0.044408 0.000000 -0.068440 0.974137 -0.215346 13.214800 0.030286 0.217781 0.975528 0.000000 0.000000 0.000000 0.000000 1.000000
0.994849 0.099221 -0.020747 0.000000 -0.101356 0.970576 -0.218427 13.214800 -0.001536 0.219404 0.975633 -0.000000 0.000000 0.000000 0.000000 1.000000
0.986321 0.162991 -0.024605 0.000000 -0.164768 0.970510 -0.175958 13.214800 -0.004800 0.177605 0.984090 -0.000000 0.000000 0.000000 0.000000 1.000000
0.980470 0.195437 -0.021958 0.000000 -0.196635 0.972174 -0.127326 13.214800 -0.003537 0.129157 0.991618 0.000000 0.000000 0.000000 0.000000 1.000000
0.980593 0.195506 -0.014629 -0.000000 -0.195882 0.973904 -0.114633 13.214800 -0.008164 0.115274 0.993300 0.000000 0.000000 0.000000 0.000000 1.000000
0.980384 0.196579 -0.014249 0.000000 -0.196926 0.973994 -0.112052 13.214800 -0.008149 0.112660 0.993600 0.000000 0.000000 0.000000 0.000000 1.000000
0.979510 0.200312 -0.020844 0.000000 -0.201377 0.972844 -0.114113 13.214800 -0.002580 0.115972 0.993249 0.000000 0.000000 0.000000 0.000000 1.000000
0.978469 0.204325 -0.029142 -0.000000 -0.206346 0.971452 -0.117058 13.214800 0.004392 0.120551 0.992697 0.000000 0.000000 0.000000 0.000000 1.000000
0.977238 0.208807 -0.037499 -0.000000 -0.211833 0.970035 -0.118987 13.214800 0.011530 0.124222 0.992187 0.000000 0.000000 0.000000 0.000000 1.000000
0.976105 0.212518 -0.045326 -0.000000 -0.216472 0.969180 -0.117605 13.214800 0.018936 0.124606 0.992026 0.000000 0.000000 0.000000 0.000000 1.000000
0.975672 0.212434 -0.054195 0.000000 -0.217579 0.968588 -0.120400 13.214800 0.026915 0.129262 0.991245 -0.000000 0.000000 0.000000 0.000000 1.000000
0.976016 0.208131 -0.063825 -0.000000 -0.214813 0.968333 -0.127228 13.214800 0.035324 0.137887 0.989818 0.000000 0.000000 0.000000 0.000000 1.000000
0.976750 0.202129 -0.071437 0.000000 -0.210134 0.968682 -0.132286 13.214800 0.042461 0.144222 0.988634 -0.000000 0.000000 0.000000 0.000000 1.000000
0.977273 0.198034 -0.075628 0.000000 -0.206632 0.969574 -0.131263 13.214800 0.047333 0.143907 0.988459 -0.000000 0.000000 0.000000 0.000000 1.000000
0.977998 0.194239 -0.076102 -0.000000 -0.202732 0.970945 -0.127147 13.214800 0.049194 0.139778 0.988960 0.000000 0.000000 0.000000 0.000000 1.000000
0.978828 0.190542 -0.074769 0.000000 -0.198869 0.971758 -0.127031 13.214800 0.048453 0.139211 0.989077 0.000000 0.000000 0.000000 0.000000 1.000000
0.979674 0.186592 -0.073636 -0.000000 -0.194936 0.972156 -0.130052 13.214800 0.047319 0.141763 0.988769 -0.000000 0.000000 0.000000 0.000000 1.000000
0.980201 0.183948 -0.073279 0.000000 -0.192435 0.972157 -0.133713 13.214800 0.046643 0.145167 0.988307 0.000000 0.000000 0.000000 0.000000 1.000000
0.980615 0.181192 -0.074584 -0.000000 -0.190078 0.972083 -0.137566 13.214800 0.047576 0.149076 0.987681 0.000000 0.000000 0.000000 0.000000 1.000000
0.980788 0.178831 -0.077935 0.000000 -0.188370 0.972057 -0.140080 13.214800 0.050707 0.152069 0.987068 0.000000 0.000000 0.000000 0.000000 1.000000
