<?xml version="1.0" encoding="utf-8"?>
<COLLADA xmlns="http://www.collada.org/2005/11/COLLADASchema" version="1.4.1">
  <asset><contributor><author>Mixamo</author><authoring_tool>COLLADA Mixamo exporter</authoring_tool><comments></comments></contributor><created>2018-10-30T12:33:35Z</created><modified>2018-10-30T12:33:35Z</modified><revision></revision><title></title><unit meter="0.010000"/><up_axis>Y_UP</up_axis></asset>
  <library_animations>
    <animation id="Zombie_Hips-anim" name="Zombie_Hips"><source id="Zombie_Hips-Matrix-animation-input"><float_array id="Zombie_Hips-Matrix-animation-input-array" count="25">

0.000000 0.033333 0.066667 0.100000 0.133333 0.166667 0.200000 0.233333 0.266667 0.300000 0.333333 0.366667 0.400000 0.433333 0.466667 0.500000
0.533333 0.566667 0.600000 0.633333 0.666667 0.700000 0.733333 0.766667 0.800000</float_array><technique_common><accessor source="#Zombie_Hips-Matrix-animation-input-array" count="25"><param name="TIME" type="float"/></accessor></technique_common></source><source id="Zombie_Hips-Matrix-animation-output-transform"><float_array id="Zombie_Hips-Matrix-animation-output-transform-array" count="400">

0.998795 -0.034952 -0.034438 0.356615 0.036534 0.998254 0.046412 79.903946 0.032756 -0.047614 0.998329 -0.051701 0.000000 0.000000 0.000000 1.000000
0.995278 -0.058598 -0.077387 0.233336 0.060658 0.997857 0.024542 80.809174 0.075783 -0.029120 0.996699 -0.582489 0.000000 0.000000 0.000000 1.000000
0.990593 -0.079581 -0.111318 0.411036 0.079447 0.996823 -0.005646 81.897095 0.111414 -0.003251 0.993769 -0.947902 0.000000 0.000000 0.000000 1.000000
0.987096 -0.091002 -0.131758 0.793399 0.085989 0.995356 -0.043263 83.001617 0.135083 0.031375 0.990337 -0.877561 0.000000 0.000000 0.000000 1.000000
0.986048 -0.091751 -0.138891 1.377979 0.079859 0.992833 -0.088908 83.807167 0.146053 0.076576 0.986309 -0.189263 0.000000 0.000000 0.000000 1.000000
0.986151 -0.088569 -0.140221 2.109016 0.072384 0.990538 -0.116598 84.065125 0.149221 0.104833 0.983231 1.085173 0.000000 0.000000 0.000000 1.000000
0.985747 -0.085239 -0.145040 2.859416 0.067476 0.990077 -0.123270 83.720970 0.154108 0.111726 0.981717 2.376256 0.000000 0.000000 0.000000 1.000000
0.984319 -0.083016 -0.155643 3.655539 0.066176 0.991679 -0.110426 82.850143 0.163515 0.098394 0.981622 3.373752 0.000000 0.000000 0.000000 1.000000
0.983380 -0.080355 -0.162810 4.520422 0.066949 0.994024 -0.086227 81.926117 0.168766 0.073894 0.982882 3.681190 0.000000 0.000000 0.000000 1.000000
0.985524 -0.079284 -0.149853 5.447884 0.070194 0.995412 -0.065016 81.063606 0.154320 0.053556 0.986568 3.547112 0.000000 0.000000 0.000000 1.000000
0.991431 -0.079990 -0.103280 6.290008 0.073854 0.995344 -0.061935 80.089386 0.107753 0.053777 0.992722 2.541948 0.000000 0.000000 0.000000 1.000000
0.996773 -0.075991 -0.025868 7.120614 0.074771 0.996174 -0.045234 79.293602 0.029206 0.043154 0.998641 1.511595 0.000000 0.000000 0.000000 1.000000
0.996264 -0.064626 0.057282 7.589119 0.066416 0.997344 -0.029901 79.197327 -0.055197 0.033594 0.997910 0.108232 0.000000 0.000000 0.000000 1.000000
0.991641 -0.048688 0.119486 7.893611 0.050461 0.998656 -0.011854 79.638878 -0.118748 0.017784 0.992765 -1.002544 0.000000 0.000000 0.000000 1.000000
0.988247 -0.033034 0.149250 7.923064 0.032999 0.999452 0.002710 80.518753 -0.149258 0.002247 0.988796 -1.818699 0.000000 0.000000 0.000000 1.000000
0.989257 -0.020252 0.144776 7.673551 0.018533 0.999741 0.013213 81.733253 -0.145006 -0.010388 0.989376 -2.079385 0.000000 0.000000 0.000000 1.000000
0.990894 -0.014698 0.133842 7.205254 0.011491 0.999629 0.024705 82.699463 -0.134155 -0.022942 0.990695 -1.672557 0.000000 0.000000 0.000000 1.000000
0.991785 -0.014368 0.127108 6.370636 0.009823 0.999292 0.036308 83.034912 -0.127540 -0.034761 0.991224 -0.593521 0.000000 0.000000 0.000000 1.000000
0.991960 -0.013734 0.125806 5.355392 0.008802 0.999174 0.039673 82.673096 -0.126246 -0.038247 0.991261 0.635898 0.000000 0.000000 0.000000 1.000000
0.992537 -0.010655 0.121479 4.201165 0.004325 0.998624 0.052254 81.628983 -0.121869 -0.051338 0.991218 1.653017 0.000000 0.000000 0.000000 1.000000
0.994140 -0.007219 0.107860 2.990750 0.000546 0.998091 0.061764 80.607368 -0.108100 -0.061343 0.992246 1.974699 0.000000 0.000000 0.000000 1.000000
0.996446 -0.002272 0.084203 1.808323 -0.002966 0.998070 0.062032 79.655197 -0.084181 -0.062062 0.994516 1.924302 0.000000 0.000000 0.000000 1.000000
0.998674 -0.002741 0.051410 1.043561 -0.000455 0.998073 0.062050 79.279411 -0.051481 -0.061991 0.996748 1.371652 0.000000 0.000000 0.000000 1.000000
0.999855 -0.013184 0.010793 0.527261 0.012517 0.998138 0.059696 79.358543 -0.011560 -0.059552 0.998158 0.699748 0.000000 0.000000 0.000000 1.000000
0.998832 -0.033900 -0.034417 0.356158 0.035502 0.998261 0.047060 79.903694 0.032762 -0.048227 0.998299 -0.049339 0.000000 0.000000 0.000000 1.000000</float_array><technique_common><accessor source="#Zombie_Hips-Matrix-animation-output-transform-array" count="25" stride="16"><param type="float4x4"/></accessor></technique_common></source><source id="Zombie_Hips-Interpolations"><Name_array id="Zombie_Hips-Interpolations-array" count="25">
 LINEAR LINEAR LINEAR LINEAR LINEAR LINEAR LINEAR LINEAR LINEAR LINEAR LINEAR
LINEAR LINEAR LINEAR LINEAR LINEAR LINEAR LINEAR LINEAR LINEAR LINEAR LINEAR LINEAR
LINEAR LINEAR</Name_array><technique_common><accessor source="#Zombie_Hips-Interpolations-array" count="25"><param type="name"/></accessor></technique_common></source><sampler id="Zombie_Hips-Matrix-animation-transform"><input semantic="INPUT" source="#Zombie_Hips-Matrix-animation-input"/><input semantic="OUTPUT" source="#Zombie_Hips-Matrix-animation-output-transform"/><input semantic="INTERPOLATION" source="#Zombie_Hips-Interpolations"/></sampler><channel source="#Zombie_Hips-Matrix-animation-transform" target="Zombie_Hips/matrix"/></animation>
    <animation id="Zombie_Spine-anim" name="Zombie_Spine"><source id="Zombie_Spine-Matrix-animation-input"><float_array id="Zombie_Spine-Matrix-animation-input-array" count="25">

0.000000 0.033333 0.066667 0.100000 0.133333 0.166667 0.200000 0.233333 0.266667 0.300000 0.333333 0.366667 0.400000 0.433333 0.466667 0.500000
0.533333 0.566667 0.600000 0.633333 0.666667 0.700000 0.733333 0.766667 0.800000</float_array><technique_common><accessor source="#Zombie_Spine-Matrix-animation-input-array" count="25"><param name="TIME" type="float"/></accessor></technique_common></source><source id="Zombie_Spine-Matrix-animation-output-transform"><float_array id="Zombie_Spine-Matrix-animation-output-transform-array" count="400">

0.988885 -0.145022 0.032785 -0.000000 0.131228 0.747657 -0.650990 9.226300 0.069896 0.648057 0.758378 1.577100 0.000000 0.000000 0.000000 1.000000
0.992629 -0.096328 0.073539 0.000000 0.121088 0.763447 -0.634419 9.226300 0.004970 0.638647 0.769484 1.577100 0.000000 0.000000 0.000000 1.000000
0.992895 -0.044715 0.110275 0.000000 0.102690 0.790201 -0.604184 9.226300 -0.060123 0.611215 0.789178 1.577100 0.000000 0.000000 0.000000 1.000000
0.989748 0.004374 0.142761 -0.000000 0.077133 0.824878 -0.560024 9.226300 -0.120210 0.565294 0.816084 1.577100 0.000000 0.000000 0.000000 1.000000
0.983649 0.050142 0.172975 0.000000 0.044040 0.864331 -0.500991 9.226300 -0.174628 0.500417 0.847990 1.577100 0.000000 0.000000 0.000000 1.000000
0.974943 0.100632 0.198392 0.000000 0.000106 0.891619 -0.452786 9.226300 -0.222455 0.441461 0.869267 1.577100 0.000000 0.000000 0.000000 1.000000
0.963768 0.156117 0.216286 0.000000 -0.051025 0.903764 -0.424979 9.226300 -0.261818 0.398545 0.878984 1.577100 0.000000 0.000000 0.000000 1.000000
0.951653 0.209878 0.224296 -0.000000 -0.098506 0.900135 -0.424328 9.226300 -0.290953 0.381719 0.877290 1.577100 0.000000 0.000000 0.000000 1.000000
0.941970 0.252283 0.221462 0.000000 -0.130646 0.883202 -0.450428 9.226300 -0.309231 0.395356 0.864910 1.577100 0.000000 0.000000 0.000000 1.000000
0.939999 0.275699 0.200975 0.000000 -0.146751 0.858516 -0.491340 9.226300 -0.308002 0.432366 0.847463 1.577100 0.000000 0.000000 0.000000 1.000000
0.949596 0.270870 0.157785 -0.000000 -0.151629 0.837435 -0.525082 9.226300 -0.274364 0.474691 0.836297 1.577100 0.000000 0.000000 0.000000 1.000000
0.968605 0.229002 0.096758 0.000000 -0.136010 0.813927 -0.564822 9.226300 -0.208100 0.533930 0.819520 1.577100 0.000000 0.000000 0.000000 1.000000
0.986860 0.157188 0.037417 0.000000 -0.104828 0.799064 -0.592037 9.226300 -0.122960 0.580335 0.805041 1.577100 0.000000 0.000000 0.000000 1.000000
0.996850 0.078563 -0.010827 -0.000000 -0.068646 0.786410 -0.613878 9.226300 -0.039714 0.612688 0.789326 1.577100 0.000000 0.000000 0.000000 1.000000
0.998758 0.011499 -0.048487 0.000000 -0.039367 0.778630 -0.626247 9.226300 0.030552 0.627378 0.778116 1.577100 0.000000 0.000000 0.000000 1.000000
0.996010 -0.037654 -0.080913 0.000000 -0.021112 0.781489 -0.623562 9.226300 0.086713 0.622782 0.777575 1.577100 0.000000 0.000000 0.000000 1.000000
0.989889 -0.083428 -0.114712 0.000000 -0.003589 0.793741 -0.608245 9.226300 0.141796 0.602507 0.785417 1.577100 0.000000 0.000000 0.000000 1.000000
0.981496 -0.127564 -0.142806 0.000000 0.019744 0.809231 -0.587159 9.226300 0.190463 0.573474 0.796775 1.577100 0.000000 0.000000 0.000000 1.000000
0.973020 -0.167387 -0.158786 0.000000 0.049540 0.823743 -0.564794 9.226300 0.225338 0.541690 0.809811 1.577100 0.000000 0.000000 0.000000 1.000000
0.967373 -0.198601 -0.157312 0.000000 0.076774 0.821506 -0.565007 9.226300 0.241444 0.534495 0.809950 1.577100 0.000000 0.000000 0.000000 1.000000
0.966769 -0.214218 -0.139531 -0.000000 0.095202 0.808193 -0.581171 9.226300 0.237266 0.548575 0.801730 1.577100 0.000000 0.000000 0.000000 1.000000
0.970546 -0.216229 -0.106233 0.000000 0.109763 0.789406 -0.603978 9.226300 0.214459 0.574528 0.789889 1.577100 0.000000 0.000000 0.000000 1.000000
0.976795 -0.205138 -0.061569 0.000000 0.121261 0.766646 -0.630515 9.226300 0.176544 0.608418 0.773731 1.577100 0.000000 0.000000 0.000000 1.000000
0.983462 -0.180672 -0.012644 0.000000 0.129227 0.748916 -0.649942 9.226300 0.126896 0.637559 0.759879 1.577100 0.000000 0.000000 0.000000 1.000000
0.988886 -0.145014 0.032779 0.000000 0.131218 0.747658 -0.650991 9.226300 0.069896 0.648057 0.758377 1.577100 0.000000 0.000000 0.000000 1.000000</float_array><technique_common><accessor source="#Zombie_Spine-Matrix-animation-output-transform-array" count="25" stride="16"><param type="float4x4"/></accessor></technique_common></source><source id="Zombie_Spine-Interpolations"><Name_array id="Zombie_Spine-Interpolations-array" count="25">
 LINEAR LINEAR LINEAR LINEAR LINEAR LINEAR LINEAR LINEAR LINEAR LINEAR LINEAR
LINEAR LINEAR LINEAR LINEAR LINEAR LINEAR LINEAR LINEAR LINEAR LINEAR LINEAR LINEAR
LINEAR LINEAR</Name_array><technique_common><accessor source="#Zombie_Spine-Interpolations-array" count="25"><param type="name"/></accessor></technique_common></source><sampler id="Zombie_Spine-Matrix-animation-transform"><input semantic="INPUT" source="#Zombie_Spine-Matrix-animation-input"/><input semantic="OUTPUT" source="#Zombie_Spine-Matrix-animation-output-transform"/><input semantic="INTERPOLATION" source="#Zombie_Spine-Interpolations"/></sampler><channel source="#Zombie_Spine-Matrix-animation-transform" target="Zombie_Spine/matrix"/></animation>
    <animation id="Zombie_Spine1-anim" name="Zombie_Spine1"><source id="Zombie_Spine1-Matrix-animation-input"><float_array id="Zombie_Spine1-Matrix-animation-input-array" count="25">

0.000000 0.033333 0.066667 0.100000 0.133333 0.166667 0.200000 0.233333 0.266667 0.300000 0.333333 0.366667 0.400000 0.433333 0.466667 0.500000
0.533333 0.566667 0.600000 0.633333 0.666667 0.700000 0.733333 0.766667 0.800000</float_array><technique_common><accessor source="#Zombie_Spine1-Matrix-animation-input-array" count="25"><param name="TIME" type="float"/></accessor></technique_common></source><source id="Zombie_Spine1-Matrix-animation-output-transform"><float_array id="Zombie_Spine1-Matrix-animation-output-transform-array" count="400">

0.999098 -0.037454 -0.020009 0.000000 0.034595 0.991179 -0.127936 16.254000 0.024624 0.127129 0.991581 -0.165600 0.000000 0.000000 0.000000 1.000000
0.999644 -0.026048 -0.005750 0.000000 0.025197 0.992819 -0.116941 16.254000 0.008755 0.116754 0.993122 -0.165600 0.000000 0.000000 0.000000 1.000000
0.999900 -0.011867 0.007701 0.000000 0.012615 0.994321 -0.105674 16.254000 -0.006404 0.105760 0.994371 -0.165600 0.000000 0.000000 0.000000 1.000000
0.999786 0.003902 0.020328 -0.000000 -0.001957 0.995491 -0.094838 16.254000 -0.020606 0.094777 0.995285 -0.165600 0.000000 0.000000 0.000000 1.000000
0.999298 0.018802 0.032402 0.000000 -0.015954 0.996166 -0.086012 16.254000 -0.033895 0.085435 0.995767 -0.165600 0.000000 0.000000 0.000000 1.000000
0.998577 0.030892 0.043467 0.000000 -0.027231 0.996225 -0.082427 16.254000 -0.045849 0.081126 0.995649 -0.165600 0.000000 0.000000 0.000000 1.000000
0.997880 0.039098 0.052035 0.000000 -0.034495 0.995645 -0.086608 16.254000 -0.055195 0.084629 0.994883 -0.165600 0.000000 0.000000 0.000000 1.000000
0.997445 0.043281 0.056831 0.000000 -0.037599 0.994524 -0.097506 16.254000 -0.060740 0.095120 0.993611 -0.165600 0.000000 0.000000 0.000000 1.000000
0.997471 0.042826 0.056727 0.000000 -0.036267 0.993047 -0.111992 16.254000 -0.061129 0.109652 0.992089 -0.165600 0.000000 0.000000 0.000000 1.000000
0.998051 0.036844 0.050368 0.000000 -0.030220 0.991511 -0.126463 16.254000 -0.054600 0.124694 0.990692 -0.165600 0.000000 0.000000 0.000000 1.000000
0.998983 0.025385 0.037273 -0.000000 -0.019970 0.990081 -0.139075 16.254000 -0.040434 0.138189 0.989580 -0.165600 0.000000 0.000000 0.000000 1.000000
0.999756 0.011148 0.019052 -0.000000 -0.008157 0.988590 -0.150411 16.254000 -0.020511 0.150219 0.988440 -0.165600 0.000000 0.000000 0.000000 1.000000
0.999997 -0.002273 -0.000457 -0.000000 0.002171 0.987119 -0.159976 16.254000 0.000815 0.159974 0.987121 -0.165600 0.000000 0.000000 0.000000 1.000000
0.999742 -0.012697 -0.018856 0.000000 0.009407 0.986197 -0.165310 16.254000 0.020694 0.165090 0.986061 -0.165600 0.000000 0.000000 0.000000 1.000000
0.999183 -0.018433 -0.035963 0.000000 0.012222 0.986073 -0.165862 16.254000 0.038519 0.165287 0.985493 -0.165600 0.000000 0.000000 0.000000 1.000000
0.998465 -0.019165 -0.051956 -0.000000 0.010464 0.986597 -0.162842 16.254000 0.054381 0.162048 0.985283 -0.165600 0.000000 0.000000 0.000000 1.000000
0.997497 -0.019187 -0.068049 0.000000 0.008203 0.987381 -0.158149 16.254000 0.070225 0.157195 0.985068 -0.165600 0.000000 0.000000 0.000000 1.000000
0.996416 -0.020910 -0.081963 0.000000 0.008120 0.988134 -0.153381 16.254000 0.084198 0.152165 0.984762 -0.165600 0.000000 0.000000 0.000000 1.000000
0.995625 -0.025200 -0.089979 0.000000 0.011429 0.988560 -0.150393 16.254000 0.092739 0.148707 0.984523 -0.165600 0.000000 0.000000 0.000000 1.000000
0.995451 -0.031476 -0.089921 0.000000 0.017729 0.988561 -0.149776 16.254000 0.093607 0.147501 0.984622 -0.165600 0.000000 0.000000 0.000000 1.000000
0.995847 -0.038538 -0.082481 0.000000 0.025767 0.988253 -0.150641 16.254000 0.087318 0.147890 0.985142 -0.165600 0.000000 0.000000 0.000000 1.000000
0.996608 -0.044275 -0.069368 0.000000 0.033432 0.988069 -0.150337 16.254000 0.075196 0.147508 0.986198 -0.165600 0.000000 0.000000 0.000000 1.000000
0.997505 -0.047100 -0.052583 0.000000 0.038948 0.988442 -0.146511 16.254000 0.058876 0.144097 0.987811 -0.165600 0.000000 0.000000 0.000000 1.000000
0.998346 -0.045513 -0.035131 0.000000 0.040228 0.989510 -0.138751 16.254000 0.041077 0.137109 0.989704 -0.165600 0.000000 0.000000 0.000000 1.000000
0.999098 -0.037454 -0.020009 0.000000 0.034594 0.991179 -0.127936 16.254000 0.024624 0.127129 0.991581 -0.165600 0.000000 0.000000 0.000000 1.000000</float_array><technique_common><accessor source="#Zombie_Spine1-Matrix-animation-output-transform-array" count="25" stride="16"><param type="float4x4"/></accessor></technique_common></source><source id="Zombie_Spine1-Interpolations"><Name_array id="Zombie_Spine1-Interpolations-array" count="25">
 LINEAR LINEAR LINEAR LINEAR LINEAR LINEAR LINEAR LINEAR LINEAR LINEAR LINEAR
LINEAR LINEAR LINEAR LINEAR LINEAR LINEAR LINEAR LINEAR LINEAR LINEAR LINEAR LINEAR
LINEAR LINEAR</Name_array><technique_common><accessor source="#Zombie_Spine1-Interpolations-array" count="25"><param type="name"/></accessor></technique_common></source><sampler id="Zombie_Spine1-Matrix-animation-transform"><input semantic="INPUT" source="#Zombie_Spine1-Matrix-animation-input"/><input semantic="OUTPUT" source="#Zombie_Spine1-Matrix-animation-output-transform"/><input semantic="INTERPOLATION" source="#Zombie_Spine1-Interpolations"/></sampler><channel source="#Zombie_Spine1-Matrix-animation-transform" target="Zombie_Spine1/matrix"/></animation>
    <animation id="Zombie_Spine2-anim" name="Zombie_Spine2"><source id="Zombie_Spine2-Matrix-animation-input"><float_array id="Zombie_Spine2-Matrix-animation-input-array" count="25">

0.000000 0.033333 0.066667 0.100000 0.133333 0.166667 0.200000 0.233333 0.266667 0.300000 0.333333 0.366667 0.400000 0.433333 0.466667 0.500000
0.533333 0.566667 0.600000 0.633333 0.666667 0.700000 0.733333 0.766667 0.800000</float_array><technique_common><accessor source="#Zombie_Spine2-Matrix-animation-input-array" count="25"><param name="TIME" type="float"/></accessor></technique_common></source><source id="Zombie_Spine2-Matrix-animation-output-transform"><float_array id="Zombie_Spine2-Matrix-animation-output-transform-array" count="400">

0.999250 -0.034265 -0.018063 0.000000 0.031662 0.991176 -0.128717 13.639600 0.022314 0.128049 0.991517 -1.292300 0.000000 0.000000 0.000000 1.000000
0.999724 -0.023124 -0.004100 0.000000 0.022481 0.992801 -0.117650 13.639600 0.006791 0.117525 0.993047 -1.292300 0.000000 0.000000 0.000000 1.000000
0.999919 -0.009263 0.008727 0.000000 0.010138 0.994280 -0.106327 13.639600 -0.007692 0.106407 0.994293 -1.292300 0.000000 0.000000 0.000000 1.000000
0.999772 0.006094 0.020465 -0.000000 -0.004112 0.995422 -0.095486 13.639600 -0.020953 0.095380 0.995220 -1.292300 0.000000 0.000000 0.000000 1.000000
0.999286 0.020582 0.031682 -0.000000 -0.017766 0.996072 -0.086742 13.639600 -0.033343 0.086118 0.995727 -1.292300 0.000000 0.000000 0.000000 1.000000
0.998590 0.032282 0.042151 0.000000 -0.028685 0.996111 -0.083308 13.639600 -0.044676 0.081982 0.995632 -1.292300 0.000000 0.000000 0.000000 1.000000
0.997918 0.040133 0.050482 0.000000 -0.035604 0.995517 -0.087623 13.639600 -0.053772 0.085644 0.994874 -1.292300 0.000000 0.000000 0.000000 1.000000
0.997489 0.044162 0.055372 -0.000000 -0.038556 0.994388 -0.098518 13.639600 -0.059412 0.096136 0.993594 -1.292300 0.000000 0.000000 0.000000 1.000000
0.997479 0.043961 0.055708 -0.000000 -0.037463 0.992916 -0.112754 13.639600 -0.060270 0.110383 0.992060 -1.292300 0.000000 0.000000 0.000000 1.000000
0.997992 0.038674 0.050155 -0.000000 -0.032048 0.991415 -0.126767 13.639600 -0.054627 0.124905 0.990664 -1.292300 0.000000 0.000000 0.000000 1.000000
0.998877 0.028151 0.038117 0.000000 -0.022601 0.990046 -0.138921 13.639600 -0.041649 0.137904 0.989570 -1.292300 0.000000 0.000000 0.000000 1.000000
0.999668 0.014959 0.020958 0.000000 -0.011648 0.988615 -0.150012 13.639600 -0.022963 0.149719 0.988462 -1.292300 0.000000 0.000000 0.000000 1.000000
0.999994 0.002732 0.002247 0.000000 -0.002338 0.987170 -0.159654 13.639600 -0.002654 0.159648 0.987170 -1.292300 0.000000 0.000000 0.000000 1.000000
0.999852 -0.006574 -0.015886 0.000000 0.003858 0.986230 -0.165332 13.639600 0.016754 0.165246 0.986110 -1.292300 0.000000 0.000000 0.000000 1.000000
0.999372 -0.011641 -0.033475 0.000000 0.005918 0.986066 -0.166248 13.639600 0.034944 0.165946 0.985516 -1.292300 0.000000 0.000000 0.000000 1.000000
0.998642 -0.012093 -0.050671 -0.000000 0.003654 0.986548 -0.163433 13.639600 0.051966 0.163026 0.985252 -1.292300 0.000000 0.000000 0.000000 1.000000
0.997617 -0.012182 -0.067908 -0.000000 0.001249 0.987315 -0.158767 13.639600 0.068981 0.158304 0.984978 -1.292300 0.000000 0.000000 0.000000 1.000000
0.996485 -0.014097 -0.082573 0.000000 0.001216 0.988069 -0.154005 13.639600 0.083759 0.153363 0.984614 -1.292300 0.000000 0.000000 0.000000 1.000000
0.995671 -0.018609 -0.091066 0.000000 0.004660 0.988515 -0.151051 13.639600 0.092831 0.149972 0.984322 -1.292300 0.000000 0.000000 0.000000 1.000000
0.995503 -0.025302 -0.091284 0.000000 0.011329 0.988553 -0.150450 13.639600 0.094046 0.148740 0.984394 -1.292300 0.000000 0.000000 0.000000 1.000000
0.995936 -0.033152 -0.083741 -0.000000 0.020174 0.988279 -0.151320 13.639600 0.087776 0.149016 0.984931 -1.292300 0.000000 0.000000 0.000000 1.000000
0.996750 -0.039841 -0.070012 0.000000 0.028886 0.988105 -0.151046 13.639600 0.075197 0.148533 0.986044 -1.292300 0.000000 0.000000 0.000000 1.000000
0.997702 -0.043285 -0.052128 0.000000 0.035186 0.988460 -0.147336 13.639600 0.057903 0.145163 0.987712 -1.292300 0.000000 0.000000 0.000000 1.000000
0.998555 -0.041977 -0.033546 -0.000000 0.036905 0.989512 -0.139656 13.639600 0.039057 0.138216 0.989632 -1.292300 0.000000 0.000000 0.000000 1.000000
0.999250 -0.034265 -0.018063 -0.000000 0.031662 0.991176 -0.128717 13.639600 0.022314 0.128049 0.991517 -1.292300 0.000000 0.000000 0.000000 1.000000</float_array><technique_common><accessor source="#Zombie_Spine2-Matrix-animation-output-transform-array" count="25" stride="16"><param type="float4x4"/></accessor></technique_common></source><source id="Zombie_Spine2-Interpolations"><Name_array id="Zombie_Spine2-Interpolations-array" count="25">
 LINEAR LINEAR LINEAR LINEAR LINEAR LINEAR LINEAR LINEAR LINEAR LINEAR LINEAR
LINEAR LINEAR LINEAR LINEAR LINEAR LINEAR LINEAR LINEAR LINEAR LINEAR LINEAR LINEAR
LINEAR LINEAR</Name_array><technique_common><accessor source="#Zombie_Spine2-Interpolations-array" count="25"><param type="name"/></accessor></technique_common></source><sampler id="Zombie_Spine2-Matrix-animation-transform"><input semantic="INPUT" source="#Zombie_Spine2-Matrix-animation-input"/><input semantic="OUTPUT" source="#Zombie_Spine2-Matrix-animation-output-transform"/><input semantic="INTERPOLATION" source="#Zombie_Spine2-Interpolations"/></sampler><channel source="#Zombie_Spine2-Matrix-animation-transform" target="Zombie_Spine2/matrix"/></animation>
    <animation id="Zombie_Neck-anim" name="Zombie_Neck"><source id="Zombie_Neck-Matrix-animation-input"><float_array id="Zombie_Neck-Matrix-animation-input-array" count="25">

0.000000 0.033333 0.066667 0.100000 0.133333 0.166667 0.200000 0.233333 0.266667 0.300000 0.333333 0.366667 0.400000 0.433333 0.466667 0.500000
0.533333 0.566667 0.600000 0.633333 0.666667 0.700000 0.733333 0.766667 0.800000</float_array><technique_common><accessor source="#Zombie_Neck-Matrix-animation-input-array" count="25"><param name="TIME" type="float"/></accessor></technique_common></source><source id="Zombie_Neck-Matrix-animation-output-transform"><float_array id="Zombie_Neck-Matrix-animation-output-transform-array" count="400">

0.999529 0.018581 0.024432 0.000000 -0.019785 0.998554 0.049983 13.877400 -0.023468 -0.050443 0.998451 -4.354200 0.000000 0.000000 0.000000 1.000000
0.999474 0.025150 0.020479 0.000000 -0.025941 0.998891 0.039287 13.877400 -0.019468 -0.039797 0.999018 -4.354200 0.000000 0.000000 0.000000 1.000000
0.999377 0.031255 0.016404 -0.000000 -0.031718 0.999083 0.028758 13.877400 -0.015490 -0.029260 0.999452 -4.354200 0.000000 0.000000 0.000000 1.000000
0.999235 0.037057 0.012491 0.000000 -0.037311 0.999089 0.020716 13.877400 -0.011712 -0.021166 0.999707 -4.354200 0.000000 0.000000 0.000000 1.000000
0.999034 0.043045 0.008793 -0.000000 -0.043186 0.998930 0.016517 13.877400 -0.008073 -0.016881 0.999825 -4.354200 0.000000 0.000000 0.000000 1.000000
0.998751 0.049666 0.005442 0.000000 -0.049752 0.998619 0.016896 13.877400 -0.004595 -0.017146 0.999842 -4.354200 0.000000 0.000000 0.000000 1.000000
0.998376 0.056911 0.002611 0.000000 -0.056955 0.998129 0.022240 13.877400 -0.001340 -0.022352 0.999749 -4.354200 0.000000 0.000000 0.000000 1.000000
0.997940 0.064151 -0.000020 -0.000000 -0.064119 0.997459 0.031059 13.877400 0.002012 -0.030994 0.999518 -4.354200 0.000000 0.000000 0.000000 1.000000
0.997492 0.070723 -0.002729 -0.000000 -0.070553 0.996678 0.040696 13.877400 0.005598 -0.040401 0.999168 -4.354200 0.000000 0.000000 0.000000 1.000000
0.997117 0.075709 -0.004998 0.000000 -0.075382 0.995991 0.048159 13.877400 0.008624 -0.047643 0.998827 -4.354200 0.000000 0.000000 0.000000 1.000000
0.996936 0.077991 -0.006000 -0.000000 -0.077584 0.995670 0.051205 13.877400 0.009968 -0.050583 0.998670 -4.354200 0.000000 0.000000 0.000000 1.000000
0.997087 0.076062 -0.005741 0.000000 -0.075691 0.995925 0.049037 13.877400 0.009447 -0.048460 0.998780 -4.354200 0.000000 0.000000 0.000000 1.000000
0.997548 0.069821 -0.004751 0.000000 -0.069559 0.996681 0.042293 13.877400 0.007688 -0.041859 0.999094 -4.354200 0.000000 0.000000 0.000000 1.000000
0.998137 0.060938 -0.002972 -0.000000 -0.060815 0.997657 0.031345 13.877400 0.004875 -0.031106 0.999504 -4.354200 0.000000 0.000000 0.000000 1.000000
0.998709 0.050793 0.000120 0.000000 -0.050787 0.998541 0.018337 13.877400 0.000811 -0.018319 0.999832 -4.354200 0.000000 0.000000 0.000000 1.000000
0.999199 0.039679 0.005155 -0.000000 -0.039717 0.999184 0.007396 13.877400 -0.004857 -0.007595 0.999959 -4.354200 0.000000 0.000000 0.000000 1.000000
0.999497 0.029600 0.011408 -0.000000 -0.029589 0.999561 -0.001172 13.877400 -0.011438 0.000834 0.999934 -4.354200 0.000000 0.000000 0.000000 1.000000
0.999608 0.021482 0.017940 0.000000 -0.021426 0.999765 -0.003295 13.877400 -0.018007 0.002910 0.999834 -4.354200 0.000000 0.000000 0.000000 1.000000
0.999596 0.015454 0.023839 0.000000 -0.015542 0.999873 0.003512 13.877400 -0.023781 -0.003881 0.999710 -4.354200 0.000000 0.000000 0.000000 1.000000
0.999530 0.011254 0.028526 0.000000 -0.011777 0.999764 0.018229 13.877400 -0.028314 -0.018557 0.999427 -4.354200 0.000000 0.000000 0.000000 1.000000
0.999460 0.008918 0.031629 -0.000000 -0.010071 0.999284 0.036461 13.877400 -0.031281 -0.036760 0.998834 -4.354200 0.000000 0.000000 0.000000 1.000000
0.999433 0.008574 0.032554 0.000000 -0.010261 0.998593 0.052026 13.877400 -0.032062 -0.052331 0.998115 -4.354200 0.000000 0.000000 0.000000 1.000000
0.999466 0.010321 0.031002 -0.000000 -0.012166 0.998128 0.059931 13.877400 -0.030326 -0.060276 0.997721 -4.354200 0.000000 0.000000 0.000000 1.000000
0.999516 0.013892 0.027823 0.000000 -0.015509 0.998152 0.058758 13.877400 -0.026955 -0.059161 0.997884 -4.354200 0.000000 0.000000 0.000000 1.000000
0.999529 0.018581 0.024433 -0.000000 -0.019785 0.998554 0.049983 13.877400 -0.023469 -0.050443 0.998451 -4.354200 0.000000 0.000000 0.000000 1.000000</float_array><technique_common><accessor source="#Zombie_Neck-Matrix-animation-output-transform-array" count="25" stride="16"><param type="float4x4"/></accessor></technique_common></source><source id="Zombie_Neck-Interpolations"><Name_array id="Zombie_Neck-Interpolations-array" count="25">
 LINEAR LINEAR LINEAR LINEAR LINEAR LINEAR LINEAR LINEAR LINEAR LINEAR LINEAR
LINEAR LINEAR LINEAR LINEAR LINEAR LINEAR LINEAR LINEAR LINEAR LINEAR LINEAR LINEAR
LINEAR LINEAR</Name_array><technique_common><accessor source="#Zombie_Neck-Interpolations-array" count="25"><param type="name"/></accessor></technique_common></source><sampler id="Zombie_Neck-Matrix-animation-transform"><input semantic="INPUT" source="#Zombie_Neck-Matrix-animation-input"/><input semantic="OUTPUT" source="#Zombie_Neck-Matrix-animation-output-transform"/><input semantic="INTERPOLATION" source="#Zombie_Neck-Interpolations"/></sampler><channel source="#Zombie_Neck-Matrix-animation-transform" target="Zombie_Neck/matrix"/></animation>
    <animation id="Zombie_Neck1-anim" name="Zombie_Neck1"><source id="Zombie_Neck1-Matrix-animation-input"><float_array id="Zombie_Neck1-Matrix-animation-input-array" count="25">

0.000000 0.033333 0.066667 0.100000 0.133333 0.166667 0.200000 0.233333 0.266667 0.300000 0.333333 0.366667 0.400000 0.433333 0.466667 0.500000
0.533333 0.566667 0.600000 0.633333 0.666667 0.700000 0.733333 0.766667 0.800000</float_array><technique_common><accessor source="#Zombie_Neck1-Matrix-animation-input-array" count="25"><param name="TIME" type="float"/></accessor></technique_common></source><source id="Zombie_Neck1-Matrix-animation-output-transform"><float_array id="Zombie_Neck1-Matrix-animation-output-transform-array" count="400">

0.999529 0.018581 0.024432 0.000000 -0.019785 0.998554 0.049984 4.340000 -0.023468 -0.050444 0.998451 0.926900 0.000000 0.000000 0.000000 1.000000
0.999474 0.025150 0.020479 0.000000 -0.025940 0.998891 0.039287 4.340000 -0.019468 -0.039797 0.999018 0.926900 0.000000 0.000000 0.000000 1.000000
0.999377 0.031255 0.016404 0.000000 -0.031718 0.999083 0.028758 4.340000 -0.015490 -0.029261 0.999452 0.926900 0.000000 0.000000 0.000000 1.000000
0.999235 0.037057 0.012492 0.000000 -0.037311 0.999089 0.020716 4.340000 -0.011712 -0.021166 0.999707 0.926900 0.000000 0.000000 0.000000 1.000000
0.999034 0.043046 0.008793 0.000000 -0.043186 0.998930 0.016518 4.340000 -0.008073 -0.016881 0.999825 0.926900 0.000000 0.000000 0.000000 1.000000
0.998751 0.049666 0.005442 -0.000000 -0.049752 0.998619 0.016896 4.340000 -0.004595 -0.017145 0.999842 0.926900 0.000000 0.000000 0.000000 1.000000
0.998376 0.056911 0.002611 0.000000 -0.056955 0.998129 0.022239 4.340000 -0.001340 -0.022352 0.999749 0.926900 0.000000 0.000000 0.000000 1.000000
0.997940 0.064151 -0.000020 0.000000 -0.064119 0.997459 0.031060 4.340000 0.002012 -0.030995 0.999518 0.926900 0.000000 0.000000 0.000000 1.000000
0.997492 0.070722 -0.002729 0.000000 -0.070553 0.996678 0.040695 4.340000 0.005598 -0.040400 0.999168 0.926900 0.000000 0.000000 0.000000 1.000000
0.997118 0.075708 -0.004998 0.000000 -0.075381 0.995991 0.048162 4.340000 0.008624 -0.047646 0.998827 0.926900 0.000000 0.000000 0.000000 1.000000
0.996936 0.077991 -0.006000 0.000000 -0.077584 0.995670 0.051205 4.340000 0.009968 -0.050583 0.998670 0.926900 0.000000 0.000000 0.000000 1.000000
0.997087 0.076062 -0.005741 0.000000 -0.075691 0.995925 0.049038 4.340000 0.009447 -0.048461 0.998780 0.926900 0.000000 0.000000 0.000000 1.000000
0.997548 0.069821 -0.004750 0.000000 -0.069559 0.996681 0.042294 4.340000 0.007688 -0.041860 0.999094 0.926900 0.000000 0.000000 0.000000 1.000000
0.998137 0.060938 -0.002972 0.000000 -0.060815 0.997657 0.031346 4.340000 0.004875 -0.031107 0.999504 0.926900 0.000000 0.000000 0.000000 1.000000
0.998709 0.050793 0.000120 -0.000000 -0.050787 0.998541 0.018338 4.340000 0.000811 -0.018320 0.999832 0.926900 0.000000 0.000000 0.000000 1.000000
0.999199 0.039679 0.005155 -0.000000 -0.039717 0.999184 0.007396 4.340000 -0.004857 -0.007595 0.999959 0.926900 0.000000 0.000000 0.000000 1.000000
0.999497 0.029600 0.011408 0.000000 -0.029588 0.999561 -0.001172 4.340000 -0.011438 0.000834 0.999934 0.926900 0.000000 0.000000 0.000000 1.000000
0.999608 0.021482 0.017940 -0.000000 -0.021426 0.999765 -0.003293 4.340000 -0.018007 0.002907 0.999834 0.926900 0.000000 0.000000 0.000000 1.000000
0.999596 0.015454 0.023839 0.000000 -0.015542 0.999873 0.003513 4.340000 -0.023781 -0.003882 0.999710 0.926900 0.000000 0.000000 0.000000 1.000000
0.999530 0.011254 0.028526 0.000000 -0.011777 0.999764 0.018230 4.340000 -0.028314 -0.018557 0.999427 0.926900 0.000000 0.000000 0.000000 1.000000
0.999460 0.008919 0.031629 0.000000 -0.010071 0.999284 0.036461 4.340000 -0.031281 -0.036760 0.998834 0.926900 0.000000 0.000000 0.000000 1.000000
0.999433 0.008574 0.032554 0.000000 -0.010261 0.998593 0.052026 4.340000 -0.032062 -0.052331 0.998115 0.926900 0.000000 0.000000 0.000000 1.000000
0.999466 0.010321 0.031002 0.000000 -0.012166 0.998128 0.059931 4.340000 -0.030326 -0.060277 0.997721 0.926900 0.000000 0.000000 0.000000 1.000000
0.999516 0.013893 0.027823 0.000000 -0.015509 0.998152 0.058759 4.340000 -0.026955 -0.059162 0.997884 0.926900 0.000000 0.000000 0.000000 1.000000
0.999529 0.018581 0.024433 0.000000 -0.019785 0.998554 0.049985 4.340000 -0.023468 -0.050444 0.998451 0.926900 0.000000 0.000000 0.000000 1.000000</float_array><technique_common><accessor source="#Zombie_Neck1-Matrix-animation-output-transform-array" count="25" stride="16"><param type="float4x4"/></accessor></technique_common></source><source id="Zombie_Neck1-Interpolations"><Name_array id="Zombie_Neck1-Interpolations-array" count="25">
 LINEAR LINEAR LINEAR LINEAR LINEAR LINEAR LINEAR LINEAR LINEAR LINEAR LINEAR
LINEAR LINEAR LINEAR LINEAR LINEAR LINEAR LINEAR LINEAR LINEAR LINEAR LINEAR LINEAR
LINEAR LINEAR</Name_array><technique_common><accessor source="#Zombie_Neck1-Interpolations-array" count="25"><param type="name"/></accessor></technique_common></source><sampler id="Zombie_Neck1-Matrix-animation-transform"><input semantic="INPUT" source="#Zombie_Neck1-Matrix-animation-input"/><input semantic="OUTPUT" source="#Zombie_Neck1-Matrix-animation-output-transform"/><input semantic="INTERPOLATION" source="#Zombie_Neck1-Interpolations"/></sampler><channel source="#Zombie_Neck1-Matrix-animation-transform" target="Zombie_Neck1/matrix"/></animation>
    <animation id="Zombie_Head-anim" name="Zombie_Head"><source id="Zombie_Head-Matrix-animation-input"><float_array id="Zombie_Head-Matrix-animation-input-array" count="25">

0.000000 0.033333 0.066667 0.100000 0.133333 0.166667 0.200000 0.233333 0.266667 0.300000 0.333333 0.366667 0.400000 0.433333 0.466667 0.500000
0.533333 0.566667 0.600000 0.633333 0.666667 0.700000 0.733333 0.766667 0.800000</float_array><technique_common><accessor source="#Zombie_Head-Matrix-animation-input-array" count="25"><param name="TIME" type="float"/></accessor></technique_common></source><source id="Zombie_Head-Matrix-animation-output-transform"><float_array id="Zombie_Head-Matrix-animation-output-transform-array" count="400">

0.999529 0.018581 0.024432 0.000000 -0.019785 0.998554 0.049983 4.026600 -0.023468 -0.050443 0.998451 0.858500 0.000000 0.000000 0.000000 1.000000
0.999474 0.025150 0.020479 0.000000 -0.025940 0.998891 0.039286 4.026600 -0.019468 -0.039797 0.999018 0.858500 0.000000 0.000000 0.000000 1.000000
0.999377 0.031254 0.016404 -0.000000 -0.031717 0.999083 0.028757 4.026600 -0.015490 -0.029259 0.999452 0.858500 0.000000 0.000000 0.000000 1.000000
0.999235 0.037057 0.012491 0.000000 -0.037311 0.999089 0.020716 4.026600 -0.011712 -0.021166 0.999707 0.858500 0.000000 0.000000 0.000000 1.000000
0.999034 0.043045 0.008793 0.000000 -0.043186 0.998931 0.016516 4.026600 -0.008073 -0.016880 0.999825 0.858500 0.000000 0.000000 0.000000 1.000000
0.998751 0.049666 0.005442 -0.000000 -0.049752 0.998619 0.016896 4.026600 -0.004595 -0.017146 0.999842 0.858500 0.000000 0.000000 0.000000 1.000000
0.998376 0.056911 0.002611 0.000000 -0.056955 0.998129 0.022240 4.026600 -0.001340 -0.022353 0.999749 0.858500 0.000000 0.000000 0.000000 1.000000
0.997940 0.064151 -0.000020 0.000000 -0.064119 0.997459 0.031059 4.026600 0.002012 -0.030993 0.999518 0.858500 0.000000 0.000000 0.000000 1.000000
0.997492 0.070723 -0.002729 0.000000 -0.070554 0.996677 0.040696 4.026600 0.005598 -0.040401 0.999168 0.858500 0.000000 0.000000 0.000000 1.000000
0.997117 0.075710 -0.004998 0.000000 -0.075383 0.995991 0.048156 4.026600 0.008624 -0.047641 0.998827 0.858500 0.000000 0.000000 0.000000 1.000000
0.996936 0.077991 -0.006001 0.000000 -0.077584 0.995670 0.051205 4.026600 0.009968 -0.050583 0.998670 0.858500 0.000000 0.000000 0.000000 1.000000
0.997087 0.076062 -0.005741 -0.000000 -0.075691 0.995925 0.049037 4.026600 0.009447 -0.048460 0.998780 0.858500 0.000000 0.000000 0.000000 1.000000
0.997548 0.069820 -0.004751 0.000000 -0.069558 0.996681 0.042293 4.026600 0.007688 -0.041859 0.999094 0.858500 0.000000 0.000000 0.000000 1.000000
0.998137 0.060938 -0.002972 0.000000 -0.060815 0.997657 0.031346 4.026600 0.004875 -0.031107 0.999504 0.858500 0.000000 0.000000 0.000000 1.000000
0.998709 0.050794 0.000120 0.000000 -0.050787 0.998541 0.018336 4.026600 0.000811 -0.018319 0.999832 0.858500 0.000000 0.000000 0.000000 1.000000
0.999199 0.039679 0.005155 -0.000000 -0.039717 0.999184 0.007396 4.026600 -0.004857 -0.007595 0.999959 0.858500 0.000000 0.000000 0.000000 1.000000
0.999497 0.029600 0.011408 -0.000000 -0.029589 0.999561 -0.001173 4.026600 -0.011438 0.000835 0.999934 0.858500 0.000000 0.000000 0.000000 1.000000
0.999608 0.021482 0.017940 0.000000 -0.021426 0.999765 -0.003299 4.026600 -0.018007 0.002913 0.999834 0.858500 0.000000 0.000000 0.000000 1.000000
0.999596 0.015454 0.023839 -0.000000 -0.015542 0.999873 0.003512 4.026600 -0.023781 -0.003881 0.999710 0.858500 0.000000 0.000000 0.000000 1.000000
0.999530 0.011254 0.028526 -0.000000 -0.011777 0.999764 0.018229 4.026600 -0.028314 -0.018557 0.999427 0.858500 0.000000 0.000000 0.000000 1.000000
0.999460 0.008918 0.031629 0.000000 -0.010070 0.999284 0.036461 4.026600 -0.031281 -0.036760 0.998834 0.858500 0.000000 0.000000 0.000000 1.000000
0.999433 0.008574 0.032554 0.000000 -0.010261 0.998593 0.052026 4.026600 -0.032062 -0.052331 0.998115 0.858500 0.000000 0.000000 0.000000 1.000000
0.999466 0.010320 0.031002 0.000000 -0.012165 0.998128 0.059932 4.026600 -0.030326 -0.060277 0.997721 0.858500 0.000000 0.000000 0.000000 1.000000
0.999516 0.013892 0.027823 -0.000000 -0.015509 0.998152 0.058757 4.026600 -0.026955 -0.059160 0.997885 0.858500 0.000000 0.000000 0.000000 1.000000
0.999529 0.018581 0.024433 0.000000 -0.019785 0.998554 0.049982 4.026600 -0.023469 -0.050442 0.998451 0.858500 0.000000 0.000000 0.000000 1.000000</float_array><technique_common><accessor source="#Zombie_Head-Matrix-animation-output-transform-array" count="25" stride="16"><param type="float4x4"/></accessor></technique_common></source><source id="Zombie_Head-Interpolations"><Name_array id="Zombie_Head-Interpolations-array" count="25">
 LINEAR LINEAR LINEAR LINEAR LINEAR LINEAR LINEAR LINEAR LINEAR LINEAR LINEAR
LINEAR LINEAR LINEAR LINEAR LINEAR LINEAR LINEAR LINEAR LINEAR LINEAR LINEAR LINEAR
LINEAR LINEAR</Name_array><technique_common><accessor source="#Zombie_Head-Interpolations-array" count="25"><param type="name"/></accessor></technique_common></source><sampler id="Zombie_Head-Matrix-animation-transform"><input semantic="INPUT" source="#Zombie_Head-Matrix-animation-input"/><input semantic="OUTPUT" source="#Zombie_Head-Matrix-animation-output-transform"/><input semantic="INTERPOLATION" source="#Zombie_Head-Interpolations"/></sampler><channel source="#Zombie_Head-Matrix-animation-transform" target="Zombie_Head/matrix"/></animation>
    <animation id="Zombie_Jaw-anim" name="Zombie_Jaw"><source id="Zombie_Jaw-Matrix-animation-input"><float_array id="Zombie_Jaw-Matrix-animation-input-array" count="25">

0.000000 0.033333 0.066667 0.100000 0.133333 0.166667 0.200000 0.233333 0.266667 0.300000 0.333333 0.366667 0.400000 0.433333 0.466667 0.500000
0.533333 0.566667 0.600000 0.633333 0.666667 0.700000 0.733333 0.766667 0.800000</float_array><technique_common><accessor source="#Zombie_Jaw-Matrix-animation-input-array" count="25"><param name="TIME" type="float"/></accessor></technique_common></source><source id="Zombie_Jaw-Matrix-animation-output-transform"><float_array id="Zombie_Jaw-Matrix-animation-output-transform-array" count="400">

1.000000 -0.000000 0.000000 0.000000 -0.000000 1.000000 -0.000000 0.101800 0.000000 -0.000000 1.000000 5.370100 0.000000 0.000000 0.000000 1.000000
1.000000 -0.000000 -0.000000 0.000000 -0.000000 1.000000 -0.000000 0.101800 0.000000 0.000000 1.000000 5.370100 0.000000 0.000000 0.000000 1.000000
1.000000 0.000000 -0.000000 0.000000 -0.000000 1.000000 0.000000 0.101800 -0.000000 -0.000000 1.000000 5.370100 0.000000 0.000000 0.000000 1.000000
1.000000 -0.000000 -0.000000 -0.000000 0.000000 1.000000 0.000000 0.101800 0.000000 0.000000 1.000000 5.370100 0.000000 0.000000 0.000000 1.000000
