<?xml version="1.0" encoding="utf-8"?>
<COLLADA xmlns="http://www.collada.org/2005/11/COLLADASchema" version="1.4.1">
  <asset><contributor><author>Mixamo</author><authoring_tool>COLLADA Mixamo exporter</authoring_tool><comments></comments></contributor><created>2018-10-21T16:27:18Z</created><modified>2018-10-21T16:27:18Z</modified><revision></revision><title></title><unit meter="0.010000"/><up_axis>Y_UP</up_axis></asset>
  <library_animations>
    <animation id="Hips-anim" name="Hips"><source id="Hips-Matrix-animation-input"><float_array id="Hips-Matrix-animation-input-array" count="77">

0.000000 0.033333 0.066667 0.100000 0.133333 0.166667 0.200000 0.233333 0.266667 0.300000 0.333333 0.366667 0.400000 0.433333 0.466667 0.500000
0.533333 0.566667 0.600000 0.633333 0.666667 0.700000 0.733333 0.766667 0.800000 0.833333 0.866667 0.900000 0.933333 0.966667 1.000000 1.033333
1.066667 1.100000 1.133333 1.166667 1.200000 1.233333 1.266667 1.300000 1.333333 1.366667 1.400000 1.433333 1.466667 1.500000 1.533333 1.566667
1.600000 1.633333 1.666667 1.700000 1.733333 1.766667 1.800000 1.833333 1.866667 1.900000 1.933333 1.966667 2.000000 2.033333 2.066667 2.100000
2.133333 2.166667 2.200000 2.233333 2.266667 2.300000 2.333333 2.366667 2.400000 2.433333 2.466667 2.500000 2.533333</float_array><technique_common><accessor source="#Hips-Matrix-animation-input-array" count="77"><param name="TIME" type="float"/></accessor></technique_common></source><source id="Hips-Matrix-animation-output-transform"><float_array id="Hips-Matrix-animation-output-transform-array" count="1232">

0.579660 -0.118296 -0.806226 2.389686 -0.019982 0.987045 -0.159194 100.280518 0.814613 0.108388 0.569787 -1.451825 0.000000 0.000000 0.000000 1.000000
0.578634 -0.117121 -0.807134 2.393673 -0.020156 0.987280 -0.157711 100.321907 0.815338 0.107525 0.568913 -1.414585 0.000000 0.000000 0.000000 1.000000
0.578576 -0.116071 -0.807327 2.419016 -0.020520 0.987438 -0.156672 100.366867 0.815370 0.107213 0.568926 -1.391939 0.000000 0.000000 0.000000 1.000000
0.576918 -0.114787 -0.808696 2.423813 -0.020881 0.987680 -0.155089 100.424232 0.816535 0.106360 0.567413 -1.352072 0.000000 0.000000 0.000000 1.000000
0.576522 -0.116127 -0.808788 2.420570 -0.020945 0.987423 -0.156706 100.500603 0.816813 0.107285 0.566838 -1.328096 0.000000 0.000000 0.000000 1.000000
0.576748 -0.116777 -0.808532 2.444547 -0.021132 0.987266 -0.157666 100.569443 0.816649 0.108020 0.566936 -1.311800 0.000000 0.000000 0.000000 1.000000
0.575659 -0.116890 -0.809292 2.465141 -0.021325 0.987247 -0.157762 100.636093 0.817412 0.108075 0.565825 -1.280936 0.000000 0.000000 0.000000 1.000000
0.574691 -0.116185 -0.810081 2.487738 -0.021851 0.987339 -0.157110 100.704582 0.818079 0.107991 0.564877 -1.251559 0.000000 0.000000 0.000000 1.000000
0.574461 -0.116242 -0.810236 2.513575 -0.022335 0.987270 -0.157476 100.771919 0.818227 0.108560 0.564552 -1.223089 0.000000 0.000000 0.000000 1.000000
0.573972 -0.116952 -0.810480 2.542127 -0.022436 0.987131 -0.158332 100.840729 0.818567 0.109062 0.563962 -1.194609 0.000000 0.000000 0.000000 1.000000
0.573533 -0.116787 -0.810815 2.571607 -0.022829 0.987122 -0.158330 100.904503 0.818864 0.109318 0.563481 -1.166939 0.000000 0.000000 0.000000 1.000000
0.573496 -0.116451 -0.810889 2.600324 -0.023629 0.987082 -0.158466 100.964264 0.818868 0.110040 0.563336 -1.149688 0.000000 0.000000 0.000000 1.000000
0.573252 -0.116265 -0.811089 2.627061 -0.023868 0.987092 -0.158363 101.022697 0.819032 0.110141 0.563077 -1.128801 0.000000 0.000000 0.000000 1.000000
0.572809 -0.116476 -0.811371 2.650995 -0.024466 0.986982 -0.158958 101.083557 0.819324 0.110903 0.562503 -1.119441 0.000000 0.000000 0.000000 1.000000
0.572589 -0.116681 -0.811497 2.671794 -0.024838 0.986897 -0.159427 101.148163 0.819466 0.111442 0.562188 -1.110589 0.000000 0.000000 0.000000 1.000000
0.572263 -0.117098 -0.811667 2.689276 -0.025225 0.986771 -0.160146 101.198334 0.819682 0.112120 0.561739 -1.111268 0.000000 0.000000 0.000000 1.000000
0.571969 -0.114028 -0.812311 2.724402 -0.026071 0.987263 -0.156944 101.221405 0.819861 0.110945 0.561711 -1.110571 0.000000 0.000000 0.000000 1.000000
0.571563 -0.112521 -0.812807 2.752206 -0.026520 0.987503 -0.155353 101.244934 0.820130 0.110350 0.561436 -1.118552 0.000000 0.000000 0.000000 1.000000
0.572169 -0.113288 -0.812274 2.770676 -0.026569 0.987333 -0.156419 101.260948 0.819705 0.111080 0.561912 -1.133017 0.000000 0.000000 0.000000 1.000000
0.573136 -0.114943 -0.811359 2.784591 -0.026439 0.987005 -0.158502 101.266945 0.819034 0.112295 0.562649 -1.149608 0.000000 0.000000 0.000000 1.000000
0.573609 -0.115984 -0.810876 2.796741 -0.026287 0.986808 -0.159744 101.262413 0.818707 0.112946 0.562993 -1.160464 0.000000 0.000000 0.000000 1.000000
0.574006 -0.115856 -0.810614 2.814759 -0.026082 0.986851 -0.159513 101.247665 0.818436 0.112704 0.563437 -1.166479 0.000000 0.000000 0.000000 1.000000
0.574242 -0.115322 -0.810523 2.829790 -0.025962 0.986966 -0.158819 101.225258 0.818274 0.112243 0.563763 -1.172586 0.000000 0.000000 0.000000 1.000000
0.574928 -0.115319 -0.810037 2.847756 -0.025957 0.986949 -0.158928 101.192749 0.817792 0.112398 0.564431 -1.186321 0.000000 0.000000 0.000000 1.000000
0.575169 -0.116411 -0.809709 2.874492 -0.025327 0.986814 -0.159864 101.152763 0.817643 0.112456 0.564636 -1.205494 0.000000 0.000000 0.000000 1.000000
0.575322 -0.116252 -0.809623 2.895110 -0.025246 0.986852 -0.159640 101.100090 0.817537 0.112284 0.564823 -1.231786 0.000000 0.000000 0.000000 1.000000
0.575888 -0.116090 -0.809244 2.919310 -0.024995 0.986903 -0.159364 101.041382 0.817147 0.112003 0.565444 -1.263774 0.000000 0.000000 0.000000 1.000000
0.576889 -0.116918 -0.808411 2.952011 -0.024643 0.986761 -0.160298 100.972382 0.816451 0.112396 0.566371 -1.316316 0.000000 0.000000 0.000000 1.000000
0.577054 -0.116940 -0.808291 2.974329 -0.023557 0.986901 -0.159599 100.892273 0.816366 0.111138 0.566740 -1.363053 0.000000 0.000000 0.000000 1.000000
0.577732 -0.116668 -0.807846 2.988699 -0.023193 0.986986 -0.159125 100.824890 0.815897 0.110668 0.567507 -1.421289 0.000000 0.000000 0.000000 1.000000
0.578714 -0.116024 -0.807235 2.994878 -0.022834 0.987135 -0.158251 100.765930 0.815211 0.110014 0.568620 -1.467698 0.000000 0.000000 0.000000 1.000000
0.579532 -0.115840 -0.806674 2.982106 -0.022480 0.987197 -0.157914 100.721237 0.814639 0.109650 0.569508 -1.508277 0.000000 0.000000 0.000000 1.000000
0.580112 -0.115812 -0.806261 2.958807 -0.022254 0.987218 -0.157816 100.684387 0.814232 0.109494 0.570120 -1.546916 0.000000 0.000000 0.000000 1.000000
0.580727 -0.115705 -0.805834 2.938308 -0.022038 0.987252 -0.157635 100.652367 0.813800 0.109302 0.570774 -1.577114 0.000000 0.000000 0.000000 1.000000
0.581687 -0.115200 -0.805214 2.935599 -0.021727 0.987367 -0.156955 100.618416 0.813123 0.108793 0.571835 -1.584720 0.000000 0.000000 0.000000 1.000000
0.581464 -0.114526 -0.805471 2.932753 -0.021526 0.987530 -0.155951 100.590523 0.813287 0.108019 0.571748 -1.567654 0.000000 0.000000 0.000000 1.000000
0.581048 -0.114330 -0.805799 2.932059 -0.021365 0.987600 -0.155530 100.570679 0.813589 0.107586 0.571401 -1.544105 0.000000 0.000000 0.000000 1.000000
0.580020 -0.114223 -0.806554 2.936747 -0.021371 0.987646 -0.155238 100.557922 0.814322 0.107278 0.570414 -1.508704 0.000000 0.000000 0.000000 1.000000
0.579894 -0.113672 -0.806723 2.954949 -0.021382 0.987753 -0.154551 100.555931 0.814411 0.106872 0.570362 -1.480510 0.000000 0.000000 0.000000 1.000000
0.579468 -0.113818 -0.807008 2.968051 -0.021412 0.987732 -0.154682 100.574196 0.814713 0.106913 0.569922 -1.450535 0.000000 0.000000 0.000000 1.000000
0.579001 -0.114183 -0.807292 2.983692 -0.021272 0.987692 -0.154956 100.603737 0.815049 0.106893 0.569446 -1.415363 0.000000 0.000000 0.000000 1.000000
0.577522 -0.114259 -0.808340 2.995217 -0.021413 0.987697 -0.154910 100.649574 0.816094 0.106773 0.567970 -1.363516 0.000000 0.000000 0.000000 1.000000
0.575715 -0.114230 -0.809632 3.005429 -0.021704 0.987709 -0.154789 100.706192 0.817362 0.106687 0.566160 -1.304454 0.000000 0.000000 0.000000 1.000000
0.574325 -0.114395 -0.810596 3.016472 -0.022217 0.987645 -0.155122 100.770966 0.818326 0.107100 0.564687 -1.241770 0.000000 0.000000 0.000000 1.000000
0.573756 -0.114680 -0.810958 3.036714 -0.022926 0.987512 -0.155867 100.835693 0.818705 0.108022 0.563962 -1.170727 0.000000 0.000000 0.000000 1.000000
0.572410 -0.115022 -0.811860 3.045392 -0.023552 0.987398 -0.156497 100.909988 0.819629 0.108702 0.562487 -1.090059 0.000000 0.000000 0.000000 1.000000
0.570870 -0.114772 -0.812979 3.053363 -0.024286 0.987388 -0.156447 100.986168 0.820681 0.109055 0.560882 -1.010781 0.000000 0.000000 0.000000 1.000000
0.569726 -0.113756 -0.813923 3.065825 -0.025257 0.987483 -0.155692 101.053047 0.821446 0.109259 0.559722 -0.927444 0.000000 0.000000 0.000000 1.000000
0.569920 -0.114540 -0.813678 3.074205 -0.025728 0.987264 -0.156997 101.130348 0.821297 0.110410 0.559714 -0.865021 0.000000 0.000000 0.000000 1.000000
0.569106 -0.114797 -0.814211 3.085119 -0.026399 0.987145 -0.157631 101.194794 0.821840 0.111203 0.558760 -0.815908 0.000000 0.000000 0.000000 1.000000
0.568915 -0.115025 -0.814313 3.092700 -0.027138 0.987005 -0.158378 101.256378 0.821949 0.112203 0.558400 -0.773504 0.000000 0.000000 0.000000 1.000000
0.568691 -0.115518 -0.814399 3.097063 -0.027753 0.986831 -0.159357 101.323647 0.822083 0.113227 0.557996 -0.739606 0.000000 0.000000 0.000000 1.000000
0.568341 -0.115632 -0.814628 3.100072 -0.028222 0.986753 -0.159754 101.381310 0.822309 0.113785 0.557549 -0.718089 0.000000 0.000000 0.000000 1.000000
0.568223 -0.116243 -0.814623 3.104645 -0.028718 0.986567 -0.160811 101.421165 0.822373 0.114771 0.557252 -0.720279 0.000000 0.000000 0.000000 1.000000
0.568790 -0.116415 -0.814202 3.105790 -0.029168 0.986455 -0.161420 101.446030 0.821966 0.115562 0.557690 -0.736919 0.000000 0.000000 0.000000 1.000000
0.570011 -0.116860 -0.813284 3.104012 -0.029292 0.986314 -0.162253 101.458359 0.821115 0.116309 0.558787 -0.771456 0.000000 0.000000 0.000000 1.000000
0.570974 -0.117029 -0.812584 3.088116 -0.029573 0.986213 -0.162816 101.460464 0.820435 0.116994 0.559641 -0.820236 0.000000 0.000000 0.000000 1.000000
0.571949 -0.116623 -0.811956 3.067363 -0.029687 0.986250 -0.162570 101.452415 0.819751 0.117087 0.560623 -0.872169 0.000000 0.000000 0.000000 1.000000
0.572893 -0.116853 -0.811258 3.040738 -0.029444 0.986212 -0.162846 101.433861 0.819101 0.117179 0.561553 -0.927617 0.000000 0.000000 0.000000 1.000000
0.573667 -0.117157 -0.810667 3.010719 -0.029072 0.986182 -0.163095 101.401314 0.818573 0.117130 0.562334 -0.987704 0.000000 0.000000 0.000000 1.000000
0.574977 -0.117220 -0.809729 2.981783 -0.028615 0.986197 -0.163086 101.355125 0.817669 0.116941 0.563686 -1.042727 0.000000 0.000000 0.000000 1.000000
0.576313 -0.117911 -0.808678 2.957987 -0.027716 0.986147 -0.163539 101.287071 0.816759 0.116663 0.565062 -1.098348 0.000000 0.000000 0.000000 1.000000
0.577325 -0.118214 -0.807911 2.931458 -0.027133 0.986140 -0.163682 101.207138 0.816063 0.116418 0.566116 -1.160399 0.000000 0.000000 0.000000 1.000000
0.578215 -0.118427 -0.807244 2.885729 -0.026490 0.986163 -0.163650 101.136368 0.815454 0.116009 0.567077 -1.212035 0.000000 0.000000 0.000000 1.000000
0.578825 -0.119030 -0.806717 2.848658 -0.025372 0.986181 -0.163715 101.054207 0.815057 0.115230 0.567807 -1.274868 0.000000 0.000000 0.000000 1.000000
0.579638 -0.119046 -0.806132 2.805845 -0.024597 0.986264 -0.163334 100.968102 0.814503 0.114503 0.568748 -1.335045 0.000000 0.000000 0.000000 1.000000
0.580146 -0.118201 -0.805890 2.748695 -0.024029 0.986500 -0.161990 100.886757 0.814158 0.113342 0.569473 -1.385155 0.000000 0.000000 0.000000 1.000000
0.580539 -0.117653 -0.805687 2.691014 -0.023547 0.986666 -0.161048 100.810844 0.813892 0.112467 0.570028 -1.440499 0.000000 0.000000 0.000000 1.000000
0.581089 -0.117738 -0.805278 2.631849 -0.023037 0.986704 -0.160887 100.735153 0.813514 0.112041 0.570650 -1.483096 0.000000 0.000000 0.000000 1.000000
0.581686 -0.118094 -0.804795 2.585873 -0.022368 0.986708 -0.160955 100.658562 0.813106 0.111627 0.571313 -1.521327 0.000000 0.000000 0.000000 1.000000
0.581915 -0.118580 -0.804558 2.546362 -0.021800 0.986683 -0.161190 100.580818 0.812958 0.111338 0.571580 -1.556475 0.000000 0.000000 0.000000 1.000000
0.582130 -0.117880 -0.804505 2.510317 -0.020940 0.986933 -0.159762 100.512115 0.812826 0.109849 0.572056 -1.565425 0.000000 0.000000 0.000000 1.000000
0.581929 -0.117814 -0.804661 2.471794 -0.020507 0.987010 -0.159343 100.461960 0.812981 0.109228 0.571953 -1.564778 0.000000 0.000000 0.000000 1.000000
0.581529 -0.117779 -0.804955 2.447181 -0.019979 0.987098 -0.158864 100.409561 0.813281 0.108466 0.571673 -1.552138 0.000000 0.000000 0.000000 1.000000
0.581083 -0.117871 -0.805263 2.429371 -0.019623 0.987139 -0.158654 100.358765 0.813608 0.107993 0.571297 -1.522568 0.000000 0.000000 0.000000 1.000000
0.580837 -0.117810 -0.805449 2.408027 -0.019421 0.987184 -0.158398 100.314888 0.813788 0.107646 0.571106 -1.482706 0.000000 0.000000 0.000000 1.000000
0.579855 -0.118271 -0.806089 2.390215 -0.019981 0.987045 -0.159194 100.280518 0.814475 0.108416 0.569980 -1.448496 0.000000 0.000000 0.000000 1.000000</float_array><technique_common><accessor source="#Hips-Matrix-animation-output-transform-array" count="77" stride="16"><param type="float4x4"/></accessor></technique_common></source><source id="Hips-Interpolations"><Name_array id="Hips-Interpolations-array" count="77">
 LINEAR LINEAR LINEAR LINEAR LINEAR LINEAR LINEAR LINEAR LINEAR LINEAR LINEAR
LINEAR LINEAR LINEAR LINEAR LINEAR LINEAR LINEAR LINEAR LINEAR LINEAR LINEAR LINEAR
LINEAR LINEAR LINEAR LINEAR LINEAR LINEAR LINEAR LINEAR LINEAR LINEAR LINEAR LINEAR
LINEAR LINEAR LINEAR LINEAR LINEAR LINEAR LINEAR LINEAR LINEAR LINEAR LINEAR LINEAR
LINEAR LINEAR LINEAR LINEAR LINEAR LINEAR LINEAR LINEAR LINEAR LINEAR LINEAR LINEAR
LINEAR LINEAR LINEAR LINEAR LINEAR LINEAR LINEAR LINEAR LINEAR LINEAR LINEAR LINEAR
LINEAR LINEAR LINEAR LINEAR LINEAR LINEAR</Name_array><technique_common><accessor source="#Hips-Interpolations-array" count="77"><param type="name"/></accessor></technique_common></source><sampler id="Hips-Matrix-animation-transform"><input semantic="INPUT" source="#Hips-Matrix-animation-input"/><input semantic="OUTPUT" source="#Hips-Matrix-animation-output-transform"/><input semantic="INTERPOLATION" source="#Hips-Interpolations"/></sampler><channel source="#Hips-Matrix-animation-transform" target="Hips/matrix"/></animation>
    <animation id="Spine-anim" name="Spine"><source id="Spine-Matrix-animation-input"><float_array id="Spine-Matrix-animation-input-array" count="77">

0.000000 0.033333 0.066667 0.100000 0.133333 0.166667 0.200000 0.233333 0.266667 0.300000 0.333333 0.366667 0.400000 0.433333 0.466667 0.500000
0.533333 0.566667 0.600000 0.633333 0.666667 0.700000 0.733333 0.766667 0.800000 0.833333 0.866667 0.900000 0.933333 0.966667 1.000000 1.033333
1.066667 1.100000 1.133333 1.166667 1.200000 1.233333 1.266667 1.300000 1.333333 1.366667 1.400000 1.433333 1.466667 1.500000 1.533333 1.566667
1.600000 1.633333 1.666667 1.700000 1.733333 1.766667 1.800000 1.833333 1.866667 1.900000 1.933333 1.966667 2.000000 2.033333 2.066667 2.100000
2.133333 2.166667 2.200000 2.233333 2.266667 2.300000 2.333333 2.366667 2.400000 2.433333 2.466667 2.500000 2.533333</float_array><technique_common><accessor source="#Spine-Matrix-animation-input-array" count="77"><param name="TIME" type="float"/></accessor></technique_common></source><source id="Spine-Matrix-animation-output-transform"><float_array id="Spine-Matrix-animation-output-transform-array" count="1232">

0.996534 0.050024 0.066469 0.000000 -0.041174 0.990867 -0.128404 13.214800 -0.072286 0.125222 0.989492 0.000000 0.000000 0.000000 0.000000 1.000000
0.996493 0.049932 0.067153 0.000000 -0.040935 0.990767 -0.129250 13.214800 -0.072986 0.126048 0.989336 -0.000000 0.000000 0.000000 0.000000 1.000000
0.996524 0.049603 0.066932 0.000000 -0.040508 0.990556 -0.130986 13.214800 -0.072797 0.127819 0.989122 -0.000000 0.000000 0.000000 0.000000 1.000000
0.996494 0.049867 0.067173 0.000000 -0.040703 0.990483 -0.131477 13.214800 -0.073090 0.128282 0.989041 0.000000 0.000000 0.000000 0.000000 1.000000
0.996485 0.050607 0.066756 -0.000000 -0.041650 0.990725 -0.129344 13.214800 -0.072683 0.126109 0.989350 0.000000 0.000000 0.000000 0.000000 1.000000
0.996538 0.050994 0.065658 -0.000000 -0.042280 0.990889 -0.127873 13.214800 -0.071581 0.124655 0.989615 0.000000 0.000000 0.000000 0.000000 1.000000
0.996541 0.051327 0.065359 -0.000000 -0.042631 0.990843 -0.128113 13.214800 -0.071336 0.124883 0.989604 0.000000 0.000000 0.000000 0.000000 1.000000
0.996554 0.051423 0.065081 -0.000000 -0.042716 0.990757 -0.128746 13.214800 -0.071100 0.125523 0.989540 0.000000 0.000000 0.000000 0.000000 1.000000
0.996603 0.051436 0.064322 -0.000000 -0.042850 0.990797 -0.128395 13.214800 -0.070334 0.125202 0.989635 0.000000 0.000000 0.000000 0.000000 1.000000
0.996594 0.051772 0.064186 0.000000 -0.043260 0.990885 -0.127573 13.214800 -0.070205 0.124362 0.989750 0.000000 0.000000 0.000000 0.000000 1.000000
0.996602 0.051711 0.064115 0.000000 -0.043210 0.990892 -0.127537 13.214800 -0.070126 0.124333 0.989759 0.000000 0.000000 0.000000 0.000000 1.000000
0.996663 0.051300 0.063485 -0.000000 -0.042838 0.990831 -0.128133 13.214800 -0.069476 0.124986 0.989723 0.000000 0.000000 0.000000 0.000000 1.000000
0.996680 0.051269 0.063246 0.000000 -0.042800 0.990765 -0.128660 13.214800 -0.069258 0.125526 0.989670 0.000000 0.000000 0.000000 0.000000 1.000000
0.996694 0.050999 0.063244 0.000000 -0.042533 0.990776 -0.128658 13.214800 -0.069222 0.125543 0.989670 -0.000000 0.000000 0.000000 0.000000 1.000000
0.996734 0.050728 0.062839 0.000000 -0.042341 0.990836 -0.128263 13.214800 -0.068770 0.125183 0.989747 0.000000 0.000000 0.000000 0.000000 1.000000
0.996739 0.050710 0.062770 -0.000000 -0.042336 0.990843 -0.128214 13.214800 -0.068697 0.125138 0.989758 0.000000 0.000000 0.000000 0.000000 1.000000
0.996766 0.049931 0.062959 -0.000000 -0.041268 0.990379 -0.132084 13.214800 -0.068948 0.129059 0.989237 0.000000 0.000000 0.000000 0.000000 1.000000
0.996788 0.049287 0.063129 0.000000 -0.040367 0.989955 -0.135496 13.214800 -0.069173 0.132512 0.988765 0.000000 0.000000 0.000000 0.000000 1.000000
0.996801 0.049239 0.062958 0.000000 -0.040424 0.990110 -0.134340 13.214800 -0.068950 0.131365 0.988933 0.000000 0.000000 0.000000 0.000000 1.000000
0.996835 0.049225 0.062418 -0.000000 -0.040648 0.990426 -0.131925 13.214800 -0.068314 0.128970 0.989293 -0.000000 0.000000 0.000000 0.000000 1.000000
0.996821 0.049244 0.062637 0.000000 -0.040714 0.990567 -0.130840 13.214800 -0.068489 0.127874 0.989423 -0.000000 0.000000 0.000000 0.000000 1.000000
0.996809 0.049065 0.062965 -0.000000 -0.040466 0.990525 -0.131237 13.214800 -0.068808 0.128270 0.989349 -0.000000 0.000000 0.000000 0.000000 1.000000
0.996862 0.048487 0.062573 -0.000000 -0.039888 0.990445 -0.132014 13.214800 -0.068376 0.129104 0.989271 0.000000 0.000000 0.000000 0.000000 1.000000
0.996884 0.048115 0.062505 -0.000000 -0.039514 0.990434 -0.132206 13.214800 -0.068269 0.129324 0.989250 0.000000 0.000000 0.000000 0.000000 1.000000
0.996866 0.048094 0.062818 0.000000 -0.039477 0.990484 -0.131845 13.214800 -0.068561 0.128952 0.989278 0.000000 0.000000 0.000000 0.000000 1.000000
0.996883 0.047747 0.062801 0.000000 -0.039107 0.990445 -0.132246 13.214800 -0.068515 0.129378 0.989226 0.000000 0.000000 0.000000 0.000000 1.000000
0.996911 0.047330 0.062677 0.000000 -0.038671 0.990388 -0.132803 13.214800 -0.068360 0.129969 0.989159 -0.000000 0.000000 0.000000 0.000000 1.000000
0.996914 0.047284 0.062669 0.000000 -0.038635 0.990408 -0.132661 13.214800 -0.068341 0.129831 0.989178 0.000000 0.000000 0.000000 0.000000 1.000000
0.996885 0.047611 0.062878 0.000000 -0.038901 0.990334 -0.133139 13.214800 -0.068609 0.130279 0.989101 0.000000 0.000000 0.000000 0.000000 1.000000
0.996875 0.047525 0.063095 -0.000000 -0.038734 0.990237 -0.133906 13.214800 -0.068843 0.131044 0.988983 -0.000000 0.000000 0.000000 0.000000 1.000000
0.996885 0.047195 0.063192 -0.000000 -0.038353 0.990173 -0.134483 13.214800 -0.068918 0.131640 0.988899 0.000000 0.000000 0.000000 0.000000 1.000000
0.996892 0.047040 0.063192 0.000000 -0.038205 0.990192 -0.134390 13.214800 -0.068894 0.131558 0.988912 0.000000 0.000000 0.000000 0.000000 1.000000
0.996897 0.046968 0.063162 -0.000000 -0.038185 0.990284 -0.133711 13.214800 -0.068828 0.130884 0.989006 0.000000 0.000000 0.000000 0.000000 1.000000
0.996915 0.046765 0.063032 0.000000 -0.038039 0.990367 -0.133140 13.214800 -0.068651 0.130332 0.989091 -0.000000 0.000000 0.000000 0.000000 1.000000
0.996961 0.046229 0.062707 -0.000000 -0.037537 0.990361 -0.133329 13.214800 -0.068266 0.130569 0.989086 0.000000 0.000000 0.000000 0.000000 1.000000
0.996990 0.045703 0.062619 0.000000 -0.037001 0.990333 -0.133687 13.214800 -0.068124 0.130968 0.989043 0.000000 0.000000 0.000000 0.000000 1.000000
0.996977 0.045410 0.063052 0.000000 -0.036666 0.990370 -0.133500 13.214800 -0.068507 0.130784 0.989041 -0.000000 0.000000 0.000000 0.000000 1.000000
0.996958 0.045073 0.063586 0.000000 -0.036249 0.990361 -0.133684 13.214800 -0.068998 0.130973 0.988982 0.000000 0.000000 0.000000 0.000000 1.000000
0.996965 0.044801 0.063666 0.000000 -0.035931 0.990302 -0.134205 13.214800 -0.069061 0.131510 0.988906 0.000000 0.000000 0.000000 0.000000 1.000000
0.996969 0.044833 0.063578 0.000000 -0.035976 0.990303 -0.134185 13.214800 -0.068977 0.131491 0.988915 -0.000000 0.000000 0.000000 0.000000 1.000000
0.996955 0.045212 0.063532 0.000000 -0.036370 0.990312 -0.134015 13.214800 -0.068975 0.131296 0.988941 0.000000 0.000000 0.000000 0.000000 1.000000
0.996888 0.045703 0.064225 0.000000 -0.036752 0.990270 -0.134218 13.214800 -0.069735 0.131440 0.988868 0.000000 0.000000 0.000000 0.000000 1.000000
0.996802 0.046201 0.065207 0.000000 -0.037100 0.990224 -0.134459 13.214800 -0.070782 0.131610 0.988771 -0.000000 0.000000 0.000000 0.000000 1.000000
0.996773 0.046514 0.065427 0.000000 -0.037402 0.990250 -0.134185 13.214800 -0.071031 0.131304 0.988794 0.000000 0.000000 0.000000 0.000000 1.000000
0.996803 0.046630 0.064881 -0.000000 -0.037632 0.990323 -0.133584 13.214800 -0.070482 0.130716 0.988911 0.000000 0.000000 0.000000 0.000000 1.000000
0.996772 0.047193 0.064947 -0.000000 -0.038220 0.990370 -0.133063 13.214800 -0.070601 0.130151 0.988977 0.000000 0.000000 0.000000 0.000000 1.000000
0.996725 0.047732 0.065280 -0.000000 -0.038689 0.990309 -0.133384 13.214800 -0.071014 0.130422 0.988912 0.000000 0.000000 0.000000 0.000000 1.000000
0.996714 0.047936 0.065297 0.000000 -0.038809 0.990153 -0.134499 13.214800 -0.071101 0.131523 0.988760 -0.000000 0.000000 0.000000 0.000000 1.000000
0.996724 0.048566 0.064670 0.000000 -0.039544 0.990174 -0.134132 13.214800 -0.070549 0.131135 0.988851 0.000000 0.000000 0.000000 0.000000 1.000000
0.996694 0.049417 0.064490 0.000000 -0.040444 0.990197 -0.133692 13.214800 -0.070465 0.130642 0.988922 0.000000 0.000000 0.000000 0.000000 1.000000
0.996655 0.050121 0.064550 0.000000 -0.041150 0.990195 -0.133495 13.214800 -0.070608 0.130393 0.988945 -0.000000 0.000000 0.000000 0.000000 1.000000
0.996623 0.050612 0.064668 -0.000000 -0.041663 0.990248 -0.132937 13.214800 -0.070765 0.129793 0.989013 0.000000 0.000000 0.000000 0.000000 1.000000
0.996551 0.051161 0.065328 -0.000000 -0.042126 0.990236 -0.132881 13.214800 -0.071488 0.129671 0.988977 0.000000 0.000000 0.000000 0.000000 1.000000
0.996497 0.051685 0.065746 0.000000 -0.042596 0.990224 -0.132823 13.214800 -0.071968 0.129557 0.988957 0.000000 0.000000 0.000000 0.000000 1.000000
0.996476 0.051846 0.065935 0.000000 -0.042738 0.990231 -0.132728 13.214800 -0.072172 0.129443 0.988957 -0.000000 0.000000 0.000000 0.000000 1.000000
0.996448 0.051960 0.066266 0.000000 -0.042833 0.990270 -0.132402 13.214800 -0.072501 0.129094 0.988978 0.000000 0.000000 0.000000 0.000000 1.000000
0.996417 0.052070 0.066650 0.000000 -0.042891 0.990265 -0.132422 13.214800 -0.072897 0.129089 0.988950 0.000000 0.000000 0.000000 0.000000 1.000000
0.996395 0.052164 0.066907 -0.000000 -0.042911 0.990191 -0.132969 13.214800 -0.073187 0.129618 0.988859 0.000000 0.000000 0.000000 0.000000 1.000000
0.996370 0.052185 0.067264 0.000000 -0.042888 0.990197 -0.132931 13.214800 -0.073542 0.129564 0.988840 0.000000 0.000000 0.000000 0.000000 1.000000
0.996386 0.051813 0.067308 -0.000000 -0.042532 0.990247 -0.132674 13.214800 -0.073526 0.129332 0.988872 -0.000000 0.000000 0.000000 0.000000 1.000000
0.996412 0.051529 0.067143 0.000000 -0.042278 0.990271 -0.132576 13.214800 -0.073321 0.129262 0.988896 -0.000000 0.000000 0.000000 0.000000 1.000000
0.996431 0.051474 0.066899 0.000000 -0.042273 0.990305 -0.132319 13.214800 -0.073061 0.129019 0.988947 0.000000 0.000000 0.000000 0.000000 1.000000
0.996479 0.051013 0.066532 -0.000000 -0.041887 0.990363 -0.132010 13.214800 -0.072625 0.128758 0.989013 0.000000 0.000000 0.000000 0.000000 1.000000
0.996488 0.050785 0.066580 0.000000 -0.041680 0.990420 -0.131649 13.214800 -0.072628 0.128412 0.989058 0.000000 0.000000 0.000000 0.000000 1.000000
0.996450 0.051091 0.066911 0.000000 -0.041940 0.990408 -0.131658 13.214800 -0.072996 0.128384 0.989034 -0.000000 0.000000 0.000000 0.000000 1.000000
0.996469 0.050916 0.066765 -0.000000 -0.041779 0.990403 -0.131744 13.214800 -0.072832 0.128489 0.989033 0.000000 0.000000 0.000000 0.000000 1.000000
0.996477 0.050702 0.066804 -0.000000 -0.041554 0.990399 -0.131841 13.214800 -0.072847 0.128601 0.989017 0.000000 0.000000 0.000000 0.000000 1.000000
0.996452 0.050812 0.067091 0.000000 -0.041637 0.990415 -0.131699 13.214800 -0.073139 0.128438 0.989017 0.000000 0.000000 0.000000 0.000000 1.000000
0.996445 0.050840 0.067173 -0.000000 -0.041734 0.990554 -0.130614 13.214800 -0.073179 0.127347 0.989155 -0.000000 0.000000 0.000000 0.000000 1.000000
0.996429 0.050883 0.067382 -0.000000 -0.041857 0.990739 -0.129167 13.214800 -0.073331 0.125885 0.989331 0.000000 0.000000 0.000000 0.000000 1.000000
0.996399 0.051029 0.067719 -0.000000 -0.041998 0.990799 -0.128660 13.214800 -0.073661 0.125352 0.989374 0.000000 0.000000 0.000000 0.000000 1.000000
0.996402 0.051071 0.067637 0.000000 -0.042011 0.990730 -0.129189 13.214800 -0.073607 0.125883 0.989311 0.000000 0.000000 0.000000 0.000000 1.000000
0.996432 0.050812 0.067390 0.000000 -0.041775 0.990722 -0.129322 13.214800 -0.073336 0.126045 0.989310 0.000000 0.000000 0.000000 0.000000 1.000000
0.996434 0.050665 0.067478 0.000000 -0.041609 0.990714 -0.129440 13.214800 -0.073410 0.126170 0.989289 0.000000 0.000000 0.000000 0.000000 1.000000
0.996457 0.050575 0.067195 0.000000 -0.041548 0.990705 -0.129527 13.214800 -0.073122 0.126276 0.989296 0.000000 0.000000 0.000000 0.000000 1.000000
0.996489 0.050468 0.066798 0.000000 -0.041496 0.990714 -0.129478 13.214800 -0.072713 0.126252 0.989330 0.000000 0.000000 0.000000 0.000000 1.000000
0.996534 0.050024 0.066469 0.000000 -0.041175 0.990867 -0.128404 13.214800 -0.072285 0.125222 0.989492 0.000000 0.000000 0.000000 0.000000 1.000000</float_array><technique_common><accessor source="#Spine-Matrix-animation-output-transform-array" count="77" stride="16"><param type="float4x4"/></accessor></technique_common></source><source id="Spine-Interpolations"><Name_array id="Spine-Interpolations-array" count="77">
 LINEAR LINEAR LINEAR LINEAR LINEAR LINEAR LINEAR LINEAR LINEAR LINEAR LINEAR
LINEAR LINEAR LINEAR LINEAR LINEAR LINEAR LINEAR LINEAR LINEAR LINEAR LINEAR LINEAR
LINEAR LINEAR LINEAR LINEAR LINEAR LINEAR LINEAR LINEAR LINEAR LINEAR LINEAR LINEAR
LINEAR LINEAR LINEAR LINEAR LINEAR LINEAR LINEAR LINEAR LINEAR LINEAR LINEAR LINEAR
LINEAR LINEAR LINEAR LINEAR LINEAR LINEAR LINEAR LINEAR LINEAR LINEAR LINEAR LINEAR
LINEAR LINEAR LINEAR LINEAR LINEAR LINEAR LINEAR LINEAR LINEAR LINEAR LINEAR LINEAR
LINEAR LINEAR LINEAR LINEAR LINEAR LINEAR</Name_array><technique_common><accessor source="#Spine-Interpolations-array" count="77"><param type="name"/></accessor></technique_common></source><sampler id="Spine-Matrix-animation-transform"><input semantic="INPUT" source="#Spine-Matrix-animation-input"/><input semantic="OUTPUT" source="#Spine-Matrix-animation-output-transform"/><input semantic="INTERPOLATION" source="#Spine-Interpolations"/></sampler><channel source="#Spine-Matrix-animation-transform" target="Spine/matrix"/></animation>
    <animation id="Spine1-anim" name="Spine1"><source id="Spine1-Matrix-animation-input"><float_array id="Spine1-Matrix-animation-input-array" count="77">

0.000000 0.033333 0.066667 0.100000 0.133333 0.166667 0.200000 0.233333 0.266667 0.300000 0.333333 0.366667 0.400000 0.433333 0.466667 0.500000
0.533333 0.566667 0.600000 0.633333 0.666667 0.700000 0.733333 0.766667 0.800000 0.833333 0.866667 0.900000 0.933333 0.966667 1.000000 1.033333
1.066667 1.100000 1.133333 1.166667 1.200000 1.233333 1.266667 1.300000 1.333333 1.366667 1.400000 1.433333 1.466667 1.500000 1.533333 1.566667
1.600000 1.633333 1.666667 1.700000 1.733333 1.766667 1.800000 1.833333 1.866667 1.900000 1.933333 1.966667 2.000000 2.033333 2.066667 2.100000
2.133333 2.166667 2.200000 2.233333 2.266667 2.300000 2.333333 2.366667 2.400000 2.433333 2.466667 2.500000 2.533333</float_array><technique_common><accessor source="#Spine1-Matrix-animation-input-array" count="77"><param name="TIME" type="float"/></accessor></technique_common></source><source id="Spine1-Matrix-animation-output-transform"><float_array id="Spine1-Matrix-animation-output-transform-array" count="1232">

0.998869 -0.040583 0.024755 -0.007800 0.041109 0.998932 -0.021097 9.224200 -0.023873 0.022091 0.999471 -0.000000 0.000000 0.000000 0.000000 1.000000
0.998870 -0.040538 0.024789 -0.007800 0.041114 0.998886 -0.023174 9.224200 -0.023822 0.024167 0.999424 0.000000 0.000000 0.000000 0.000000 1.000000
0.998873 -0.040493 0.024778 -0.007800 0.041125 0.998827 -0.025554 9.224200 -0.023715 0.026544 0.999366 -0.000000 0.000000 0.000000 0.000000 1.000000
0.998873 -0.040491 0.024776 -0.007800 0.041184 0.998756 -0.028124 9.224200 -0.023606 0.029113 0.999297 -0.000000 0.000000 0.000000 0.000000 1.000000
0.998873 -0.040488 0.024771 -0.007800 0.041238 0.998682 -0.030562 9.224200 -0.023501 0.031549 0.999226 0.000000 0.000000 0.000000 0.000000 1.000000
0.998873 -0.040489 0.024767 -0.007800 0.041290 0.998612 -0.032712 9.224200 -0.023408 0.033698 0.999158 0.000000 0.000000 0.000000 0.000000 1.000000
0.998873 -0.040498 0.024766 -0.007800 0.041340 0.998549 -0.034503 9.224200 -0.023333 0.035488 0.999098 0.000000 0.000000 0.000000 0.000000 1.000000
0.998872 -0.040504 0.024799 -0.007800 0.041377 0.998502 -0.035796 9.224200 -0.023312 0.036782 0.999051 0.000000 0.000000 0.000000 0.000000 1.000000
0.998871 -0.040508 0.024829 -0.007800 0.041398 0.998478 -0.036447 9.224200 -0.023315 0.037434 0.999027 0.000000 0.000000 0.000000 0.000000 1.000000
0.998870 -0.040527 0.024810 -0.007800 0.041415 0.998479 -0.036403 9.224200 -0.023297 0.037390 0.999029 0.000000 0.000000 0.000000 0.000000 1.000000
0.998872 -0.040569 0.024679 -0.007800 0.041438 0.998499 -0.035802 9.224200 -0.023190 0.036785 0.999054 0.000000 0.000000 0.000000 0.000000 1.000000
0.998874 -0.040629 0.024477 -0.007800 0.041467 0.998535 -0.034752 9.224200 -0.023030 0.035728 0.999096 0.000000 0.000000 0.000000 0.000000 1.000000
0.998875 -0.040687 0.024368 -0.007800 0.041485 0.998588 -0.033193 9.224200 -0.022983 0.034167 0.999152 0.000000 0.000000 0.000000 0.000000 1.000000
0.998875 -0.040758 0.024258 -0.007800 0.041508 0.998649 -0.031252 9.224200 -0.022952 0.032223 0.999217 0.000000 0.000000 0.000000 0.000000 1.000000
0.998874 -0.040845 0.024138 -0.007800 0.041539 0.998715 -0.029019 9.224200 -0.022921 0.029989 0.999287 0.000000 0.000000 0.000000 0.000000 1.000000
0.998872 -0.040957 0.024008 -0.007800 0.041590 0.998783 -0.026502 9.224200 -0.022893 0.027470 0.999360 0.000000 0.000000 0.000000 0.000000 1.000000
0.998870 -0.041091 0.023890 -0.007800 0.041668 0.998838 -0.024198 9.224200 -0.022868 0.025166 0.999422 0.000000 0.000000 0.000000 0.000000 1.000000
0.998867 -0.041230 0.023768 -0.007800 0.041750 0.998890 -0.021824 9.224200 -0.022842 0.022792 0.999479 -0.000000 0.000000 0.000000 0.000000 1.000000
0.998864 -0.041380 0.023629 -0.007800 0.041832 0.998944 -0.018986 9.224200 -0.022818 0.019953 0.999540 -0.000000 0.000000 0.000000 0.000000 1.000000
0.998862 -0.041503 0.023483 -0.007800 0.041886 0.998993 -0.016049 9.224200 -0.022793 0.017014 0.999595 0.000000 0.000000 0.000000 0.000000 1.000000
0.998861 -0.041614 0.023349 -0.007800 0.041934 0.999030 -0.013402 9.224200 -0.022768 0.014365 0.999638 -0.000000 0.000000 0.000000 0.000000 1.000000
0.998860 -0.041713 0.023228 -0.007800 0.041978 0.999057 -0.011052 9.224200 -0.022745 0.012015 0.999669 0.000000 0.000000 0.000000 0.000000 1.000000
0.998859 -0.041798 0.023114 -0.007800 0.042013 0.999078 -0.008883 9.224200 -0.022721 0.009844 0.999693 0.000000 0.000000 0.000000 0.000000 1.000000
0.998858 -0.041858 0.023015 -0.007800 0.042031 0.999091 -0.007067 9.224200 -0.022699 0.008026 0.999710 0.000000 0.000000 0.000000 0.000000 1.000000
0.998859 -0.041886 0.022935 -0.007800 0.042027 0.999100 -0.005706 9.224200 -0.022676 0.006663 0.999721 0.000000 0.000000 0.000000 0.000000 1.000000
0.998861 -0.041873 0.022874 -0.007800 0.041994 0.999106 -0.004811 9.224200 -0.022652 0.005766 0.999727 0.000000 0.000000 0.000000 0.000000 1.000000
0.998866 -0.041779 0.022828 -0.007800 0.041889 0.999113 -0.004380 9.224200 -0.022625 0.005331 0.999730 0.000000 0.000000 0.000000 0.000000 1.000000
0.998877 -0.041531 0.022791 -0.007800 0.041643 0.999123 -0.004458 9.224200 -0.022586 0.005403 0.999730 -0.000000 0.000000 0.000000 0.000000 1.000000
0.998891 -0.041207 0.022773 -0.007800 0.041333 0.999132 -0.005089 9.224200 -0.022544 0.006024 0.999728 0.000000 0.000000 0.000000 0.000000 1.000000
0.998904 -0.040883 0.022776 -0.007800 0.041032 0.999139 -0.006090 9.224200 -0.022507 0.007018 0.999722 0.000000 0.000000 0.000000 0.000000 1.000000
0.998918 -0.040533 0.022793 -0.007800 0.040711 0.999144 -0.007398 9.224200 -0.022473 0.008318 0.999713 0.000000 0.000000 0.000000 0.000000 1.000000
0.998931 -0.040205 0.022826 -0.007800 0.040417 0.999143 -0.008937 9.224200 -0.022447 0.009850 0.999700 -0.000000 0.000000 0.000000 0.000000 1.000000
0.998939 -0.039958 0.022881 -0.007800 0.040210 0.999135 -0.010644 9.224200 -0.022436 0.011553 0.999682 0.000000 0.000000 0.000000 0.000000 1.000000
0.998944 -0.039797 0.022959 -0.007800 0.040091 0.999118 -0.012493 9.224200 -0.022441 0.013401 0.999658 0.000000 0.000000 0.000000 0.000000 1.000000
0.998945 -0.039715 0.023057 -0.007800 0.040055 0.999093 -0.014470 9.224200 -0.022462 0.015378 0.999629 0.000000 0.000000 0.000000 0.000000 1.000000
0.998944 -0.039667 0.023170 -0.007800 0.040055 0.999061 -0.016530 9.224200 -0.022493 0.017441 0.999595 0.000000 0.000000 0.000000 0.000000 1.000000
0.998943 -0.039638 0.023295 -0.007800 0.040075 0.999023 -0.018608 9.224200 -0.022534 0.019522 0.999555 -0.000000 0.000000 0.000000 0.000000 1.000000
0.998940 -0.039615 0.023428 -0.007800 0.040103 0.998981 -0.020707 9.224200 -0.022584 0.021625 0.999511 0.000000 0.000000 0.000000 0.000000 1.000000
0.998936 -0.039626 0.023576 -0.007800 0.040165 0.998932 -0.022826 9.224200 -0.022646 0.023748 0.999461 0.000000 0.000000 0.000000 0.000000 1.000000
0.998932 -0.039644 0.023733 -0.007800 0.040234 0.998879 -0.024932 9.224200 -0.022718 0.025860 0.999407 0.000000 0.000000 0.000000 0.000000 1.000000
0.998927 -0.039664 0.023898 -0.007800 0.040305 0.998823 -0.026980 9.224200 -0.022799 0.027914 0.999350 0.000000 0.000000 0.000000 0.000000 1.000000
0.998920 -0.039671 0.024192 -0.007800 0.040366 0.998766 -0.028948 9.224200 -0.023013 0.029893 0.999288 0.000000 0.000000 0.000000 0.000000 1.000000
0.998911 -0.039678 0.024531 -0.007800 0.040426 0.998708 -0.030782 9.224200 -0.023278 0.031740 0.999225 0.000000 0.000000 0.000000 0.000000 1.000000
0.998905 -0.039723 0.024708 -0.007800 0.040515 0.998653 -0.032425 9.224200 -0.023386 0.033391 0.999169 0.000000 0.000000 0.000000 0.000000 1.000000
0.998901 -0.039764 0.024816 -0.007800 0.040592 0.998603 -0.033825 9.224200 -0.023436 0.034795 0.999120 0.000000 0.000000 0.000000 0.000000 1.000000
0.998898 -0.039798 0.024887 -0.007800 0.040655 0.998562 -0.034936 9.224200 -0.023461 0.035909 0.999080 0.000000 0.000000 0.000000 0.000000 1.000000
0.998895 -0.039834 0.024928 -0.007800 0.040711 0.998532 -0.035732 9.224200 -0.023468 0.036707 0.999050 0.000000 0.000000 0.000000 0.000000 1.000000
0.998894 -0.039860 0.024941 -0.007800 0.040747 0.998517 -0.036117 9.224200 -0.023464 0.037094 0.999036 0.000000 0.000000 0.000000 0.000000 1.000000
0.998893 -0.039893 0.024931 -0.007800 0.040777 0.998520 -0.035986 9.224200 -0.023458 0.036963 0.999041 -0.000000 0.000000 0.000000 0.000000 1.000000
0.998892 -0.039928 0.024915 -0.007800 0.040802 0.998533 -0.035590 9.224200 -0.023457 0.036567 0.999056 0.000000 0.000000 0.000000 0.000000 1.000000
0.998891 -0.039965 0.024898 -0.007800 0.040821 0.998558 -0.034858 9.224200 -0.023469 0.035836 0.999082 0.000000 0.000000 0.000000 0.000000 1.000000
0.998890 -0.040009 0.024879 -0.007800 0.040834 0.998601 -0.033603 9.224200 -0.023500 0.034582 0.999126 0.000000 0.000000 0.000000 0.000000 1.000000
0.998888 -0.040050 0.024888 -0.007800 0.040837 0.998654 -0.031964 9.224200 -0.023575 0.032945 0.999179 0.000000 0.000000 0.000000 0.000000 1.000000
0.998886 -0.040093 0.024895 -0.007800 0.040834 0.998715 -0.030030 9.224200 -0.023659 0.031013 0.999239 0.000000 0.000000 0.000000 0.000000 1.000000
0.998884 -0.040134 0.024900 -0.007800 0.040825 0.998778 -0.027865 9.224200 -0.023751 0.028850 0.999302 0.000000 0.000000 0.000000 0.000000 1.000000
0.998882 -0.040176 0.024897 -0.007800 0.040809 0.998842 -0.025496 9.224200 -0.023844 0.026484 0.999365 0.000000 0.000000 0.000000 0.000000 1.000000
0.998881 -0.040215 0.024876 -0.007800 0.040789 0.998902 -0.023047 9.224200 -0.023922 0.024036 0.999425 0.000000 0.000000 0.000000 0.000000 1.000000
0.998881 -0.040250 0.024842 -0.007800 0.040764 0.998958 -0.020535 9.224200 -0.023989 0.021525 0.999480 0.000000 0.000000 0.000000 0.000000 1.000000
0.998882 -0.040255 0.024798 -0.007800 0.040706 0.999010 -0.017966 9.224200 -0.024050 0.018956 0.999531 0.000000 0.000000 0.000000 0.000000 1.000000
0.998883 -0.040255 0.024761 -0.007800 0.040647 0.999053 -0.015551 9.224200 -0.024112 0.016540 0.999572 0.000000 0.000000 0.000000 0.000000 1.000000
0.998883 -0.040256 0.024742 -0.007800 0.040592 0.999088 -0.013218 9.224200 -0.024187 0.014208 0.999606 0.000000 0.000000 0.000000 0.000000 1.000000
0.998883 -0.040266 0.024740 -0.007800 0.040548 0.999117 -0.010994 9.224200 -0.024275 0.011985 0.999633 0.000000 0.000000 0.000000 0.000000 1.000000
0.998882 -0.040276 0.024748 -0.007800 0.040510 0.999138 -0.009023 9.224200 -0.024364 0.010016 0.999653 0.000000 0.000000 0.000000 0.000000 1.000000
0.998882 -0.040285 0.024736 -0.007800 0.040479 0.999153 -0.007414 9.224200 -0.024417 0.008407 0.999667 -0.000000 0.000000 0.000000 0.000000 1.000000
0.998882 -0.040289 0.024723 -0.007800 0.040456 0.999161 -0.006303 9.224200 -0.024449 0.007296 0.999674 0.000000 0.000000 0.000000 0.000000 1.000000
0.998882 -0.040286 0.024718 -0.007800 0.040439 0.999166 -0.005743 9.224200 -0.024466 0.006736 0.999678 0.000000 0.000000 0.000000 0.000000 1.000000
0.998883 -0.040276 0.024722 -0.007800 0.040429 0.999166 -0.005717 9.224200 -0.024471 0.006711 0.999678 0.000000 0.000000 0.000000 0.000000 1.000000
0.998883 -0.040261 0.024735 -0.007800 0.040426 0.999163 -0.006202 9.224200 -0.024464 0.007195 0.999675 -0.000000 0.000000 0.000000 0.000000 1.000000
0.998883 -0.040263 0.024745 -0.007800 0.040451 0.999156 -0.007174 9.224200 -0.024435 0.008167 0.999668 -0.000000 0.000000 0.000000 0.000000 1.000000
0.998883 -0.040267 0.024740 -0.007800 0.040488 0.999144 -0.008475 9.224200 -0.024377 0.009467 0.999658 0.000000 0.000000 0.000000 0.000000 1.000000
