<?xml version="1.0" encoding="utf-8"?>
<COLLADA xmlns="http://www.collada.org/2005/11/COLLADASchema" version="1.4.1">
  <asset><contributor><author>Mixamo</author><authoring_tool>COLLADA Mixamo exporter</authoring_tool><comments></comments></contributor><created>2018-10-15T20:04:44Z</created><modified>2018-10-15T20:04:44Z</modified><revision></revision><title></title><unit meter="0.010000"/><up_axis>Y_UP</up_axis></asset>
  <library_animations>
    <animation id="Hips-anim" name="Hips"><source id="Hips-Matrix-animation-input"><float_array id="Hips-Matrix-animation-input-array" count="29">

0.000000 0.033333 0.066667 0.100000 0.133333 0.166667 0.200000 0.233333 0.266667 0.300000 0.333333 0.366667 0.400000 0.433333 0.466667 0.500000
0.533333 0.566667 0.600000 0.633333 0.666667 0.700000 0.733333 0.766667 0.800000 0.833333 0.866667 0.900000 0.933333</float_array><technique_common><accessor source="#Hips-Matrix-animation-input-array" count="29"><param name="TIME" type="float"/></accessor></technique_common></source><source id="Hips-Matrix-animation-output-transform"><float_array id="Hips-Matrix-animation-output-transform-array" count="464">

0.991910 0.069623 -0.106146 0.176023 -0.062927 0.995888 0.065178 117.174393 0.110247 -0.057971 0.992212 -1.929208 0.000000 0.000000 0.000000 1.000000
0.997473 0.059239 -0.039212 -0.174375 -0.057184 0.997028 0.051616 116.941666 0.042153 -0.049243 0.997897 -2.840957 0.000000 0.000000 0.000000 1.000000
0.997969 0.053681 0.034291 -0.716520 -0.055101 0.997602 0.041882 116.598618 -0.031961 -0.043686 0.998534 -3.767360 0.000000 0.000000 0.000000 1.000000
0.993134 0.047291 0.106999 -1.471200 -0.051423 0.998021 0.036191 116.538162 -0.105076 -0.041445 0.993600 -4.814936 0.000000 0.000000 0.000000 1.000000
0.984113 0.040879 0.172772 -2.376873 -0.047447 0.998293 0.034058 116.704910 -0.171085 -0.041715 0.984373 -5.905090 0.000000 0.000000 0.000000 1.000000
0.972509 0.037074 0.229897 -3.321219 -0.046258 0.998327 0.034687 116.760834 -0.228226 -0.044368 0.972597 -6.961797 0.000000 0.000000 0.000000 1.000000
0.959684 0.037316 0.278592 -4.212195 -0.049532 0.998089 0.036937 116.570198 -0.276681 -0.049247 0.959699 -7.960880 0.000000 0.000000 0.000000 1.000000
0.945874 0.040436 0.322006 -5.005329 -0.055982 0.997663 0.039161 116.244629 -0.319670 -0.055068 0.945927 -8.928043 0.000000 0.000000 0.000000 1.000000
0.929642 0.043361 0.365905 -5.705136 -0.062789 0.997169 0.041359 115.901863 -0.363076 -0.061424 0.929733 -9.880077 0.000000 0.000000 0.000000 1.000000
0.910825 0.043288 0.410516 -6.273591 -0.067982 0.996637 0.045742 115.669235 -0.407156 -0.069570 0.910705 -10.769121 0.000000 0.000000 0.000000 1.000000
0.892078 0.038772 0.450215 -6.609809 -0.069925 0.996156 0.052766 115.664482 -0.446438 -0.078552 0.891360 -11.567055 0.000000 0.000000 0.000000 1.000000
0.875477 0.031810 0.482212 -6.608053 -0.069462 0.995753 0.060425 115.773964 -0.478242 -0.086396 0.873968 -12.350565 0.000000 0.000000 0.000000 1.000000
0.859417 0.023352 0.510742 -6.373478 -0.066887 0.995506 0.067033 115.818390 -0.506882 -0.091771 0.857117 -13.182509 0.000000 0.000000 0.000000 1.000000
0.839917 0.007128 0.542668 -6.223581 -0.055086 0.995869 0.072179 115.510468 -0.539912 -0.090518 0.836840 -13.920542 0.000000 0.000000 0.000000 1.000000
0.813561 -0.008627 0.581416 -6.270677 -0.045464 0.995885 0.078392 114.969032 -0.579700 -0.090210 0.809821 -14.452851 0.000000 0.000000 0.000000 1.000000
0.778458 -0.019032 0.627408 -6.388129 -0.045022 0.995273 0.086052 114.590767 -0.626080 -0.095235 0.773921 -14.762212 0.000000 0.000000 0.000000 1.000000
0.731555 -0.023957 0.681361 -6.572693 -0.052182 0.994483 0.090992 114.593117 -0.679783 -0.102121 0.726269 -14.785645 0.000000 0.000000 0.000000 1.000000
0.674711 -0.029262 0.737502 -6.773505 -0.058832 0.993902 0.093259 114.851166 -0.735734 -0.106312 0.668875 -14.476485 0.000000 0.000000 0.000000 1.000000
0.612710 -0.036214 0.789477 -6.839715 -0.064712 0.993296 0.095785 115.245255 -0.787654 -0.109777 0.606259 -13.907514 0.000000 0.000000 0.000000 1.000000
0.543095 -0.040597 0.838689 -6.794049 -0.074961 0.992498 0.096584 115.743195 -0.836319 -0.115323 0.535977 -13.128214 0.000000 0.000000 0.000000 1.000000
0.460709 -0.045898 0.886364 -6.648204 -0.083766 0.991956 0.094905 116.148560 -0.883590 -0.117971 0.453158 -12.115644 0.000000 0.000000 0.000000 1.000000
0.366281 -0.056044 0.928815 -6.315774 -0.084954 0.992001 0.093359 116.325394 -0.926618 -0.113103 0.358590 -10.838024 0.000000 0.000000 0.000000 1.000000
0.264008 -0.069585 0.962007 -5.728514 -0.079063 0.992476 0.093487 116.180367 -0.961275 -0.100741 0.256520 -9.274898 0.000000 0.000000 0.000000 1.000000
0.153232 -0.082000 0.984782 -4.936042 -0.067298 0.993372 0.093186 115.775169 -0.985896 -0.080553 0.146698 -7.495697 0.000000 0.000000 0.000000 1.000000
0.030797 -0.087989 0.995645 -4.129880 -0.059055 0.994217 0.089690 115.585548 -0.997780 -0.061560 0.025423 -5.725928 0.000000 0.000000 0.000000 1.000000
-0.098154 -0.091078 0.990995 -3.390082 -0.055051 0.994775 0.085973 115.812920 -0.993647 -0.046117 -0.102655 -4.055339 0.000000 0.000000 0.000000 1.000000
-0.222610 -0.093628 0.970401 -2.693924 -0.054022 0.995033 0.083612 116.311729 -0.973410 -0.033810 -0.226562 -2.396560 0.000000 0.000000 0.000000 1.000000
-0.336647 -0.092780 0.937049 -2.105392 -0.057777 0.995294 0.077790 116.802124 -0.939857 -0.027952 -0.340424 -0.733462 0.000000 0.000000 0.000000 1.000000
-0.440911 -0.086330 0.893389 -1.720723 -0.062927 0.995888 0.065178 117.174377 -0.895342 -0.027481 -0.444530 0.889912 0.000000 0.000000 0.000000 1.000000</float_array><technique_common><accessor source="#Hips-Matrix-animation-output-transform-array" count="29" stride="16"><param type="float4x4"/></accessor></technique_common></source><source id="Hips-Interpolations"><Name_array id="Hips-Interpolations-array" count="29">
 LINEAR LINEAR LINEAR LINEAR LINEAR LINEAR LINEAR LINEAR LINEAR LINEAR LINEAR
LINEAR LINEAR LINEAR LINEAR LINEAR LINEAR LINEAR LINEAR LINEAR LINEAR LINEAR LINEAR
LINEAR LINEAR LINEAR LINEAR LINEAR LINEAR</Name_array><technique_common><accessor source="#Hips-Interpolations-array" count="29"><param type="name"/></accessor></technique_common></source><sampler id="Hips-Matrix-animation-transform"><input semantic="INPUT" source="#Hips-Matrix-animation-input"/><input semantic="OUTPUT" source="#Hips-Matrix-animation-output-transform"/><input semantic="INTERPOLATION" source="#Hips-Interpolations"/></sampler><channel source="#Hips-Matrix-animation-transform" target="Hips/matrix"/></animation>
    <animation id="Spine-anim" name="Spine"><source id="Spine-Matrix-animation-input"><float_array id="Spine-Matrix-animation-input-array" count="29">

0.000000 0.033333 0.066667 0.100000 0.133333 0.166667 0.200000 0.233333 0.266667 0.300000 0.333333 0.366667 0.400000 0.433333 0.466667 0.500000
0.533333 0.566667 0.600000 0.633333 0.666667 0.700000 0.733333 0.766667 0.800000 0.833333 0.866667 0.900000 0.933333</float_array><technique_common><accessor source="#Spine-Matrix-animation-input-array" count="29"><param name="TIME" type="float"/></accessor></technique_common></source><source id="Spine-Matrix-animation-output-transform"><float_array id="Spine-Matrix-animation-output-transform-array" count="464">

0.998329 -0.051094 0.027011 0.000000 0.052577 0.996966 -0.057396 13.214800 -0.023997 0.058721 0.997986 -0.000000 0.000000 0.000000 0.000000 1.000000
0.998145 -0.052263 0.031230 0.000000 0.054046 0.996777 -0.059284 13.214800 -0.028030 0.060862 0.997753 0.000000 0.000000 0.000000 0.000000 1.000000
0.997803 -0.056466 0.034659 0.000000 0.058516 0.996403 -0.061290 13.214800 -0.031074 0.063184 0.997518 0.000000 0.000000 0.000000 0.000000 1.000000
0.997709 -0.056148 0.037726 -0.000000 0.058467 0.996268 -0.063488 13.214800 -0.034021 0.065548 0.997269 0.000000 0.000000 0.000000 0.000000 1.000000
0.997845 -0.051304 0.040911 0.000000 0.053913 0.996398 -0.065454 13.214800 -0.037405 0.067519 0.997017 0.000000 0.000000 0.000000 0.000000 1.000000
0.997961 -0.045741 0.044524 0.000000 0.048634 0.996619 -0.066221 13.214800 -0.041344 0.068251 0.996811 -0.000000 0.000000 0.000000 0.000000 1.000000
0.997861 -0.043426 0.048864 -0.000000 0.046564 0.996797 -0.065017 13.214800 -0.045884 0.067153 0.996687 0.000000 0.000000 0.000000 0.000000 1.000000
0.997638 -0.044292 0.052495 0.000000 0.047524 0.996943 -0.062012 13.214800 -0.049588 0.064360 0.996694 -0.000000 0.000000 0.000000 0.000000 1.000000
0.997529 -0.045642 0.053412 -0.000000 0.048749 0.997103 -0.058388 13.214800 -0.050592 0.060848 0.996864 0.000000 0.000000 0.000000 0.000000 1.000000
0.997508 -0.045748 0.053716 0.000000 0.048727 0.997267 -0.055535 13.214800 -0.051029 0.058014 0.997011 0.000000 0.000000 0.000000 0.000000 1.000000
0.997489 -0.042869 0.056370 -0.000000 0.045887 0.997519 -0.053385 13.214800 -0.053942 0.055837 0.996982 -0.000000 0.000000 0.000000 0.000000 1.000000
0.997316 -0.039872 0.061408 0.000000 0.043007 0.997792 -0.050602 13.214800 -0.059255 0.053107 0.996829 0.000000 0.000000 0.000000 0.000000 1.000000
0.997083 -0.039899 0.065070 0.000000 0.043052 0.997929 -0.047797 13.214800 -0.063028 0.050459 0.996735 -0.000000 0.000000 0.000000 0.000000 1.000000
0.997421 -0.032288 0.064099 -0.000000 0.035357 0.998253 -0.047347 13.214800 -0.062458 0.049491 0.996820 -0.000000 0.000000 0.000000 0.000000 1.000000
0.997944 -0.023873 0.059485 0.000000 0.026819 0.998427 -0.049238 13.214800 -0.058216 0.050732 0.997014 0.000000 0.000000 0.000000 0.000000 1.000000
0.998316 -0.022439 0.053494 0.000000 0.025211 0.998344 -0.051710 13.214800 -0.052245 0.052972 0.997228 -0.000000 0.000000 0.000000 0.000000 1.000000
0.998530 -0.027253 0.046850 0.000000 0.029712 0.998172 -0.052623 13.214800 -0.045330 0.053938 0.997515 0.000000 0.000000 0.000000 0.000000 1.000000
0.998695 -0.029272 0.041840 0.000000 0.031509 0.998051 -0.053861 13.214800 -0.040182 0.055109 0.997672 -0.000000 0.000000 0.000000 0.000000 1.000000
0.998795 -0.028755 0.039772 -0.000000 0.030997 0.997895 -0.056956 13.214800 -0.038050 0.058120 0.997584 0.000000 0.000000 0.000000 0.000000 1.000000
0.998810 -0.031569 0.037183 0.000000 0.033752 0.997649 -0.059648 13.214800 -0.035212 0.060832 0.997527 -0.000000 0.000000 0.000000 0.000000 1.000000
0.998928 -0.034219 0.031188 0.000000 0.036094 0.997444 -0.061672 13.214800 -0.028998 0.062731 0.997609 -0.000000 0.000000 0.000000 0.000000 1.000000
0.999230 -0.031557 0.023303 0.000000 0.032994 0.997399 -0.064080 13.214800 -0.021220 0.064799 0.997673 -0.000000 0.000000 0.000000 0.000000 1.000000
0.999619 -0.022512 0.015955 0.000000 0.023518 0.997543 -0.065990 13.214800 -0.014430 0.066340 0.997693 0.000000 0.000000 0.000000 0.000000 1.000000
0.999928 -0.008294 0.008661 0.000000 0.008847 0.997786 -0.065922 13.214800 -0.008095 0.065994 0.997787 0.000000 0.000000 0.000000 0.000000 1.000000
0.999995 -0.002865 0.001172 -0.000000 0.002934 0.997936 -0.064149 13.214800 -0.000986 0.064153 0.997940 0.000000 0.000000 0.000000 0.000000 1.000000
0.999953 -0.009349 -0.002733 -0.000000 0.009158 0.997975 -0.062949 13.214800 0.003316 0.062921 0.998013 -0.000000 0.000000 0.000000 0.000000 1.000000
0.999761 -0.021792 0.001667 0.000000 0.021854 0.997803 -0.062540 13.214800 -0.000300 0.062561 0.998041 0.000000 0.000000 0.000000 0.000000 1.000000
0.999244 -0.036355 0.013748 0.000000 0.037129 0.997447 -0.061003 13.214800 -0.011495 0.061467 0.998043 0.000000 0.000000 0.000000 0.000000 1.000000
0.998329 -0.051094 0.027010 0.000000 0.052577 0.996966 -0.057396 13.214800 -0.023996 0.058721 0.997986 0.000000 0.000000 0.000000 0.000000 1.000000</float_array><technique_common><accessor source="#Spine-Matrix-animation-output-transform-array" count="29" stride="16"><param type="float4x4"/></accessor></technique_common></source><source id="Spine-Interpolations"><Name_array id="Spine-Interpolations-array" count="29">
 LINEAR LINEAR LINEAR LINEAR LINEAR LINEAR LINEAR LINEAR LINEAR LINEAR LINEAR
LINEAR LINEAR LINEAR LINEAR LINEAR LINEAR LINEAR LINEAR LINEAR LINEAR LINEAR LINEAR
LINEAR LINEAR LINEAR LINEAR LINEAR LINEAR</Name_array><technique_common><accessor source="#Spine-Interpolations-array" count="29"><param type="name"/></accessor></technique_common></source><sampler id="Spine-Matrix-animation-transform"><input semantic="INPUT" source="#Spine-Matrix-animation-input"/><input semantic="OUTPUT" source="#Spine-Matrix-animation-output-transform"/><input semantic="INTERPOLATION" source="#Spine-Interpolations"/></sampler><channel source="#Spine-Matrix-animation-transform" target="Spine/matrix"/></animation>
    <animation id="Spine1-anim" name="Spine1"><source id="Spine1-Matrix-animation-input"><float_array id="Spine1-Matrix-animation-input-array" count="29">

0.000000 0.033333 0.066667 0.100000 0.133333 0.166667 0.200000 0.233333 0.266667 0.300000 0.333333 0.366667 0.400000 0.433333 0.466667 0.500000
0.533333 0.566667 0.600000 0.633333 0.666667 0.700000 0.733333 0.766667 0.800000 0.833333 0.866667 0.900000 0.933333</float_array><technique_common><accessor source="#Spine1-Matrix-animation-input-array" count="29"><param name="TIME" type="float"/></accessor></technique_common></source><source id="Spine1-Matrix-animation-output-transform"><float_array id="Spine1-Matrix-animation-output-transform-array" count="464">

0.999615 -0.027098 0.005925 -0.007800 0.027212 0.999428 -0.020103 9.224200 -0.005376 0.020256 0.999780 0.000000 0.000000 0.000000 0.000000 1.000000
0.999594 -0.027142 0.008620 -0.007800 0.027324 0.999389 -0.021783 9.224200 -0.008023 0.022010 0.999726 0.000000 0.000000 0.000000 0.000000 1.000000
0.999517 -0.029181 0.010651 -0.007800 0.029425 0.999291 -0.023502 9.224200 -0.009958 0.023804 0.999667 0.000000 0.000000 0.000000 0.000000 1.000000
0.999376 -0.032782 0.013116 -0.007800 0.033107 0.999131 -0.025328 9.224200 -0.012274 0.025747 0.999593 0.000000 0.000000 0.000000 0.000000 1.000000
0.999183 -0.036888 0.016536 -0.007800 0.037326 0.998937 -0.027058 9.224200 -0.015520 0.027653 0.999497 0.000000 0.000000 0.000000 0.000000 1.000000
0.998931 -0.041390 0.020564 -0.007800 0.041953 0.998734 -0.027760 9.224200 -0.019389 0.028593 0.999403 0.000000 0.000000 0.000000 0.000000 1.000000
0.998591 -0.046872 0.024899 -0.007800 0.047534 0.998512 -0.026713 9.224200 -0.023610 0.027859 0.999333 0.000000 0.000000 0.000000 0.000000 1.000000
0.998161 -0.053453 0.028607 -0.007800 0.054148 0.998242 -0.024119 9.224200 -0.027268 0.025624 0.999300 0.000000 0.000000 0.000000 0.000000 1.000000
0.997702 -0.060561 0.030385 -0.007800 0.061211 0.997905 -0.020948 9.224200 -0.029053 0.022759 0.999319 0.000000 0.000000 0.000000 0.000000 1.000000
0.997212 -0.067492 0.031825 -0.007800 0.068095 0.997512 -0.018246 9.224200 -0.030514 0.020362 0.999327 0.000000 0.000000 0.000000 0.000000 1.000000
0.996614 -0.074365 0.035081 -0.007800 0.074958 0.997060 -0.015921 9.224200 -0.033794 0.018497 0.999258 -0.000000 0.000000 0.000000 0.000000 1.000000
0.995892 -0.081333 0.039798 -0.007800 0.081909 0.996554 -0.013060 9.224200 -0.038598 0.016266 0.999122 0.000000 0.000000 0.000000 0.000000 1.000000
0.995305 -0.086567 0.043298 -0.007800 0.087091 0.996146 -0.010367 9.224200 -0.042234 0.014089 0.999008 0.000000 0.000000 0.000000 0.000000 1.000000
0.995057 -0.089635 0.042754 -0.007800 0.090113 0.995887 -0.009398 9.224200 -0.041736 0.013205 0.999041 0.000000 0.000000 0.000000 0.000000 1.000000
0.994836 -0.093631 0.039165 -0.007800 0.094108 0.995507 -0.010489 9.224200 -0.038007 0.014121 0.999178 0.000000 0.000000 0.000000 0.000000 1.000000
0.994500 -0.098890 0.034511 -0.007800 0.099374 0.994971 -0.012591 9.224200 -0.033092 0.015951 0.999325 0.000000 0.000000 0.000000 0.000000 1.000000
0.994252 -0.102992 0.029243 -0.007800 0.103428 0.994541 -0.013805 9.224200 -0.027661 0.016751 0.999477 -0.000000 0.000000 0.000000 0.000000 1.000000
0.994347 -0.103167 0.025133 -0.007800 0.103565 0.994508 -0.015088 9.224200 -0.023438 0.017605 0.999570 0.000000 0.000000 0.000000 0.000000 1.000000
0.994658 -0.100534 0.023402 -0.007800 0.100956 0.994735 -0.017608 9.224200 -0.021509 0.019877 0.999571 0.000000 0.000000 0.000000 0.000000 1.000000
0.995059 -0.097002 0.021183 -0.007800 0.097425 0.995042 -0.019987 9.224200 -0.019139 0.021952 0.999576 0.000000 0.000000 0.000000 0.000000 1.000000
0.995692 -0.091305 0.016135 -0.007800 0.091648 0.995550 -0.021946 9.224200 -0.014059 0.023330 0.999629 0.000000 0.000000 0.000000 0.000000 1.000000
0.996564 -0.082262 0.009685 -0.007800 0.082474 0.996303 -0.024042 9.224200 -0.007671 0.024758 0.999664 -0.000000 0.000000 0.000000 0.000000 1.000000
0.997437 -0.071448 0.003938 -0.007800 0.071525 0.997113 -0.025502 9.224200 -0.002105 0.025718 0.999667 0.000000 0.000000 0.000000 0.000000 1.000000
0.998213 -0.059740 -0.001515 -0.007800 0.059683 0.997896 -0.025314 9.224200 0.003024 0.025179 0.999678 0.000000 0.000000 0.000000 0.000000 1.000000
0.998788 -0.048565 -0.007995 -0.007800 0.048360 0.998539 -0.024112 9.224200 0.009155 0.023696 0.999677 0.000000 0.000000 0.000000 0.000000 1.000000
0.999184 -0.038283 -0.012870 -0.007800 0.037972 0.999000 -0.023585 9.224200 0.013760 0.023077 0.999639 -0.000000 0.000000 0.000000 0.000000 1.000000
0.999493 -0.029708 -0.011424 -0.007800 0.029432 0.999288 -0.023610 9.224200 0.012118 0.023262 0.999656 0.000000 0.000000 0.000000 0.000000 1.000000
0.999660 -0.025868 -0.003340 -0.007800 0.025786 0.999411 -0.022662 9.224200 0.003925 0.022568 0.999738 0.000000 0.000000 0.000000 0.000000 1.000000
0.999615 -0.027098 0.005925 -0.007800 0.027212 0.999428 -0.020103 9.224200 -0.005377 0.020256 0.999780 0.000000 0.000000 0.000000 0.000000 1.000000</float_array><technique_common><accessor source="#Spine1-Matrix-animation-output-transform-array" count="29" stride="16"><param type="float4x4"/></accessor></technique_common></source><source id="Spine1-Interpolations"><Name_array id="Spine1-Interpolations-array" count="29">
 LINEAR LINEAR LINEAR LINEAR LINEAR LINEAR LINEAR LINEAR LINEAR LINEAR LINEAR
LINEAR LINEAR LINEAR LINEAR LINEAR LINEAR LINEAR LINEAR LINEAR LINEAR LINEAR LINEAR
LINEAR LINEAR LINEAR LINEAR LINEAR LINEAR</Name_array><technique_common><accessor source="#Spine1-Interpolations-array" count="29"><param type="name"/></accessor></technique_common></source><sampler id="Spine1-Matrix-animation-transform"><input semantic="INPUT" source="#Spine1-Matrix-animation-input"/><input semantic="OUTPUT" source="#Spine1-Matrix-animation-output-transform"/><input semantic="INTERPOLATION" source="#Spine1-Interpolations"/></sampler><channel source="#Spine1-Matrix-animation-transform" target="Spine1/matrix"/></animation>
    <animation id="Spine2-anim" name="Spine2"><source id="Spine2-Matrix-animation-input"><float_array id="Spine2-Matrix-animation-input-array" count="29">

0.000000 0.033333 0.066667 0.100000 0.133333 0.166667 0.200000 0.233333 0.266667 0.300000 0.333333 0.366667 0.400000 0.433333 0.466667 0.500000
0.533333 0.566667 0.600000 0.633333 0.666667 0.700000 0.733333 0.766667 0.800000 0.833333 0.866667 0.900000 0.933333</float_array><technique_common><accessor source="#Spine2-Matrix-animation-input-array" count="29"><param name="TIME" type="float"/></accessor></technique_common></source><source id="Spine2-Matrix-animation-output-transform"><float_array id="Spine2-Matrix-animation-output-transform-array" count="464">

0.999611 -0.027151 0.006310 -0.005300 0.027271 0.999435 -0.019651 11.063000 -0.005773 0.019815 0.999787 0.000000 0.000000 0.000000 0.000000 1.000000
0.999608 -0.026481 0.009039 -0.005300 0.026668 0.999418 -0.021272 11.063000 -0.008470 0.021505 0.999733 0.000000 0.000000 0.000000 0.000000 1.000000
0.999592 -0.026388 0.010959 -0.005300 0.026634 0.999382 -0.022946 11.063000 -0.010346 0.023229 0.999677 0.000000 0.000000 0.000000 0.000000 1.000000
0.999558 -0.026683 0.013145 -0.005300 0.027002 0.999329 -0.024753 11.063000 -0.012476 0.025097 0.999607 0.000000 0.000000 0.000000 0.000000 1.000000
0.999518 -0.026526 0.016127 -0.005300 0.026947 0.999286 -0.026493 11.063000 -0.015413 0.026914 0.999519 0.000000 0.000000 0.000000 0.000000 1.000000
0.999470 -0.025970 0.019604 -0.005300 0.026499 0.999278 -0.027225 11.063000 -0.018883 0.027731 0.999437 -0.000000 0.000000 0.000000 0.000000 1.000000
0.999396 -0.025748 0.023328 -0.005300 0.026357 0.999309 -0.026212 11.063000 -0.022637 0.026811 0.999384 0.000000 0.000000 0.000000 0.000000 1.000000
0.999310 -0.026153 0.026377 -0.005300 0.026779 0.999361 -0.023663 11.063000 -0.025741 0.024353 0.999372 0.000000 0.000000 0.000000 0.000000 1.000000
0.999264 -0.026785 0.027477 -0.005300 0.027355 0.999414 -0.020553 11.063000 -0.026910 0.021290 0.999411 0.000000 0.000000 0.000000 0.000000 1.000000
0.999232 -0.027163 0.028248 -0.005300 0.027675 0.999456 -0.017920 11.063000 -0.027746 0.018688 0.999440 0.000000 0.000000 0.000000 0.000000 1.000000
0.999142 -0.027644 0.030839 -0.005300 0.028137 0.999481 -0.015663 11.063000 -0.030390 0.016518 0.999402 0.000000 0.000000 0.000000 0.000000 1.000000
0.998982 -0.028571 0.034915 -0.005300 0.029035 0.999496 -0.012867 11.063000 -0.034529 0.013868 0.999307 0.000000 0.000000 0.000000 0.000000 1.000000
0.998884 -0.028238 0.037871 -0.005300 0.028644 0.999537 -0.010227 11.063000 -0.037565 0.011301 0.999230 0.000000 0.000000 0.000000 0.000000 1.000000
0.998972 -0.026361 0.036892 -0.005300 0.026721 0.999600 -0.009303 11.063000 -0.036632 0.010279 0.999276 0.000000 0.000000 0.000000 0.000000 1.000000
0.999111 -0.026263 0.032968 -0.005300 0.026620 0.999591 -0.010417 11.063000 -0.032681 0.011286 0.999402 -0.000000 0.000000 0.000000 0.000000 1.000000
0.999200 -0.028499 0.028066 -0.005300 0.028860 0.999505 -0.012558 11.063000 -0.027694 0.013358 0.999527 0.000000 0.000000 0.000000 0.000000 1.000000
0.999270 -0.030834 0.022574 -0.005300 0.031152 0.999419 -0.013850 11.063000 -0.022134 0.014543 0.999649 0.000000 0.000000 0.000000 0.000000 1.000000
0.999361 -0.030704 0.018310 -0.005300 0.030984 0.999405 -0.015169 11.063000 -0.017833 0.015727 0.999717 -0.000000 0.000000 0.000000 0.000000 1.000000
0.999423 -0.029627 0.016641 -0.005300 0.029920 0.999396 -0.017661 11.063000 -0.016108 0.018148 0.999706 0.000000 0.000000 0.000000 0.000000 1.000000
0.999426 -0.030488 0.014773 -0.005300 0.030780 0.999326 -0.019979 11.063000 -0.014154 0.020423 0.999691 0.000000 0.000000 0.000000 0.000000 1.000000
0.999450 -0.031537 0.010280 -0.005300 0.031756 0.999257 -0.021844 11.063000 -0.009583 0.022158 0.999709 0.000000 0.000000 0.000000 0.000000 1.000000
0.999511 -0.030945 0.004553 -0.005300 0.031045 0.999234 -0.023806 11.063000 -0.003813 0.023936 0.999706 0.000000 0.000000 0.000000 0.000000 1.000000
0.999560 -0.029667 -0.000382 -0.005300 0.029648 0.999245 -0.025114 11.063000 0.001126 0.025091 0.999685 0.000000 0.000000 0.000000 0.000000 1.000000
0.999598 -0.027900 -0.005011 -0.005300 0.027768 0.999308 -0.024754 11.063000 0.005698 0.024605 0.999681 0.000000 0.000000 0.000000 0.000000 1.000000
0.999598 -0.026324 -0.010574 -0.005300 0.026071 0.999386 -0.023420 11.063000 0.011184 0.023135 0.999670 -0.000000 0.000000 0.000000 0.000000 1.000000
0.999592 -0.024628 -0.014439 -0.005300 0.024294 0.999443 -0.022883 11.063000 0.014995 0.022523 0.999634 0.000000 0.000000 0.000000 0.000000 1.000000
0.999661 -0.023067 -0.012064 -0.005300 0.022785 0.999476 -0.022997 11.063000 0.012588 0.022714 0.999663 -0.000000 0.000000 0.000000 0.000000 1.000000
0.999705 -0.024055 -0.003310 -0.005300 0.023976 0.999467 -0.022147 11.063000 0.003841 0.022061 0.999749 -0.000000 0.000000 0.000000 0.000000 1.000000
0.999611 -0.027151 0.006310 -0.005300 0.027271 0.999435 -0.019651 11.063000 -0.005773 0.019815 0.999787 0.000000 0.000000 0.000000 0.000000 1.000000</float_array><technique_common><accessor source="#Spine2-Matrix-animation-output-transform-array" count="29" stride="16"><param type="float4x4"/></accessor></technique_common></source><source id="Spine2-Interpolations"><Name_array id="Spine2-Interpolations-array" count="29">
 LINEAR LINEAR LINEAR LINEAR LINEAR LINEAR LINEAR LINEAR LINEAR LINEAR LINEAR
LINEAR LINEAR LINEAR LINEAR LINEAR LINEAR LINEAR LINEAR LINEAR LINEAR LINEAR LINEAR
LINEAR LINEAR LINEAR LINEAR LINEAR LINEAR</Name_array><technique_common><accessor source="#Spine2-Interpolations-array" count="29"><param type="name"/></accessor></technique_common></source><sampler id="Spine2-Matrix-animation-transform"><input semantic="INPUT" source="#Spine2-Matrix-animation-input"/><input semantic="OUTPUT" source="#Spine2-Matrix-animation-output-transform"/><input semantic="INTERPOLATION" source="#Spine2-Interpolations"/></sampler><channel source="#Spine2-Matrix-animation-transform" target="Spine2/matrix"/></animation>
    <animation id="Neck-anim" name="Neck"><source id="Neck-Matrix-animation-input"><float_array id="Neck-Matrix-animation-input-array" count="29">

0.000000 0.033333 0.066667 0.100000 0.133333 0.166667 0.200000 0.233333 0.266667 0.300000 0.333333 0.366667 0.400000 0.433333 0.466667 0.500000
0.533333 0.566667 0.600000 0.633333 0.666667 0.700000 0.733333 0.766667 0.800000 0.833333 0.866667 0.900000 0.933333</float_array><technique_common><accessor source="#Neck-Matrix-animation-input-array" count="29"><param name="TIME" type="float"/></accessor></technique_common></source><source id="Neck-Matrix-animation-output-transform"><float_array id="Neck-Matrix-animation-output-transform-array" count="464">

0.999968 -0.007936 -0.001378 -0.006000 0.007762 0.995152 -0.098040 23.723499 0.002149 0.098026 0.995182 -1.446200 0.000000 0.000000 0.000000 1.000000
0.999950 -0.002117 0.009811 -0.006000 0.003049 0.995380 -0.095967 23.723499 -0.009562 0.095992 0.995336 -1.446200 0.000000 0.000000 0.000000 1.000000
0.999466 0.007777 0.031730 -0.006000 -0.004599 0.995077 -0.098998 23.723499 -0.032344 0.098800 0.994582 -1.446200 0.000000 0.000000 0.000000 1.000000
0.998032 0.019233 0.059693 -0.006000 -0.012756 0.994172 -0.107048 23.723499 -0.061404 0.106076 0.992460 -1.446200 0.000000 0.000000 0.000000 1.000000
0.995511 0.030249 0.089684 -0.006000 -0.019564 0.992855 -0.117711 23.723499 -0.092604 0.115428 0.988990 -1.446200 0.000000 0.000000 0.000000 1.000000
0.992330 0.038561 0.117448 -0.006000 -0.023358 0.991477 -0.128169 23.723499 -0.121389 0.124443 0.984773 -1.446200 0.000000 0.000000 0.000000 1.000000
0.989408 0.043615 0.138457 -0.006000 -0.024556 0.990338 -0.136485 23.723499 -0.143072 0.131639 0.980919 -1.446200 0.000000 0.000000 0.000000 1.000000
0.987725 0.045711 0.149365 -0.006000 -0.024465 0.989693 -0.141100 23.723499 -0.154276 0.135713 0.978663 -1.446200 0.000000 0.000000 0.000000 1.000000
0.986741 0.046805 0.155405 -0.006000 -0.024395 0.989408 -0.143094 23.723499 -0.160456 0.137405 0.977432 -1.446200 0.000000 0.000000 0.000000 1.000000
0.986397 0.047547 0.157354 -0.006000 -0.024815 0.989354 -0.143397 23.723499 -0.162497 0.137542 0.977076 -1.446200 0.000000 0.000000 0.000000 1.000000
0.986660 0.047707 0.155647 -0.006000 -0.025190 0.989323 -0.143548 23.723499 -0.160834 0.137713 0.977327 -1.446200 0.000000 0.000000 0.000000 1.000000
0.987304 0.047250 0.151654 -0.006000 -0.025153 0.989193 -0.144447 23.723499 -0.156840 0.138799 0.977822 -1.446200 0.000000 0.000000 0.000000 1.000000
0.988109 0.046643 0.146506 -0.006000 -0.025213 0.989131 -0.144857 23.723499 -0.151671 0.139441 0.978546 -1.446200 0.000000 0.000000 0.000000 1.000000
0.989096 0.044726 0.140314 -0.006000 -0.024481 0.989446 -0.142821 23.723499 -0.145221 0.137828 0.979752 -1.446200 0.000000 0.000000 0.000000 1.000000
0.990369 0.039371 0.132735 -0.006000 -0.020763 0.990108 -0.138761 23.723499 -0.136885 0.134668 0.981390 -1.446200 0.000000 0.000000 0.000000 1.000000
0.991825 0.032783 0.123325 -0.006000 -0.015948 0.990705 -0.135089 23.723499 -0.126607 0.132018 0.983129 -1.446200 0.000000 0.000000 0.000000 1.000000
0.993318 0.028600 0.111813 -0.006000 -0.013578 0.991042 -0.132862 23.723499 -0.114611 0.130456 0.984807 -1.446200 0.000000 0.000000 0.000000 1.000000
0.994787 0.025092 0.098839 -0.006000 -0.012099 0.991450 -0.129925 23.723499 -0.101254 0.128052 0.986585 -1.446200 0.000000 0.000000 0.000000 1.000000
0.996152 0.019380 0.085470 -0.006000 -0.008579 0.992122 -0.124981 23.723499 -0.087219 0.123766 0.988471 -1.446200 0.000000 0.000000 0.000000 1.000000
0.997325 0.011621 0.072160 -0.006000 -0.002962 0.992896 -0.118950 23.723499 -0.073030 0.118418 0.990275 -1.446200 0.000000 0.000000 0.000000 1.000000
0.998242 0.003795 0.059154 -0.006000 0.002885 0.993654 -0.112446 23.723499 -0.059205 0.112419 0.991896 -1.446200 0.000000 0.000000 0.000000 1.000000
0.998897 -0.003390 0.046825 -0.006000 0.008349 0.994318 -0.106126 23.723499 -0.046200 0.106400 0.993249 -1.446200 0.000000 0.000000 0.000000 1.000000
0.999325 -0.009531 0.035483 -0.006000 0.013096 0.994736 -0.101627 23.723499 -0.034328 0.102023 0.994190 -1.446200 0.000000 0.000000 0.000000 1.000000
0.999582 -0.013921 0.025336 -0.006000 0.016375 0.994916 -0.099364 23.723499 -0.023824 0.099737 0.994729 -1.446200 0.000000 0.000000 0.000000 1.000000
0.999724 -0.016624 0.016593 -0.006000 0.018176 0.994996 -0.098244 23.723499 -0.014876 0.098518 0.995024 -1.446200 0.000000 0.000000 0.000000 1.000000
0.999808 -0.017092 0.009554 -0.006000 0.017949 0.994999 -0.098257 23.723499 -0.007827 0.098410 0.995115 -1.446200 0.000000 0.000000 0.000000 1.000000
0.999878 -0.014931 0.004521 -0.006000 0.015307 0.994912 -0.099581 23.723499 -0.003011 0.099638 0.995019 -1.446200 0.000000 0.000000 0.000000 1.000000
0.999934 -0.011464 0.000574 -0.006000 0.011464 0.994899 -0.100221 23.723499 0.000578 0.100221 0.994965 -1.446200 0.000000 0.000000 0.000000 1.000000
0.999968 -0.007936 -0.001378 -0.006000 0.007762 0.995152 -0.098040 23.723499 0.002149 0.098026 0.995182 -1.446200 0.000000 0.000000 0.000000 1.000000</float_array><technique_common><accessor source="#Neck-Matrix-animation-output-transform-array" count="29" stride="16"><param type="float4x4"/></accessor></technique_common></source><source id="Neck-Interpolations"><Name_array id="Neck-Interpolations-array" count="29">
 LINEAR LINEAR LINEAR LINEAR LINEAR LINEAR LINEAR LINEAR LINEAR LINEAR LINEAR
LINEAR LINEAR LINEAR LINEAR LINEAR LINEAR LINEAR LINEAR LINEAR LINEAR LINEAR LINEAR
LINEAR LINEAR LINEAR LINEAR LINEAR LINEAR</Name_array><technique_common><accessor source="#Neck-Interpolations-array" count="29"><param type="name"/></accessor></technique_common></source><sampler id="Neck-Matrix-animation-transform"><input semantic="INPUT" source="#Neck-Matrix-animation-input"/><input semantic="OUTPUT" source="#Neck-Matrix-animation-output-transform"/><input semantic="INTERPOLATION" source="#Neck-Interpolations"/></sampler><channel source="#Neck-Matrix-animation-transform" target="Neck/matrix"/></animation>
    <animation id="Head-anim" name="Head"><source id="Head-Matrix-animation-input"><float_array id="Head-Matrix-animation-input-array" count="29">

0.000000 0.033333 0.066667 0.100000 0.133333 0.166667 0.200000 0.233333 0.266667 0.300000 0.333333 0.366667 0.400000 0.433333 0.466667 0.500000
0.533333 0.566667 0.600000 0.633333 0.666667 0.700000 0.733333 0.766667 0.800000 0.833333 0.866667 0.900000 0.933333</float_array><technique_common><accessor source="#Head-Matrix-animation-input-array" count="29"><param name="TIME" type="float"/></accessor></technique_common></source><source id="Head-Matrix-animation-output-transform"><float_array id="Head-Matrix-animation-output-transform-array" count="464">

0.999711 0.001406 0.024009 0.000000 -0.004554 0.991295 0.131584 10.037100 -0.023615 -0.131656 0.991014 3.529500 0.000000 0.000000 0.000000 1.000000
0.998101 0.010682 0.060663 0.000000 -0.018953 0.990326 0.137461 10.037100 -0.058608 -0.138350 0.988648 3.529500 0.000000 0.000000 0.000000 1.000000
0.992665 0.025130 0.118258 0.000000 -0.040959 0.990218 0.133384 10.037100 -0.113749 -0.137249 0.983984 3.529500 0.000000 0.000000 0.000000 1.000000
0.981432 0.042325 0.187082 0.000000 -0.065575 0.990620 0.119886 10.037100 -0.180253 -0.129928 0.975001 3.529500 0.000000 0.000000 0.000000 1.000000
0.964111 0.058909 0.258883 0.000000 -0.086109 0.991746 0.095005 10.037100 -0.251150 -0.113887 0.961225 3.529500 0.000000 0.000000 0.000000 1.000000
0.942361 0.074683 0.326157 -0.000000 -0.100118 0.993049 0.061883 10.037100 -0.319268 -0.090970 0.943288 3.529500 0.000000 0.000000 0.000000 1.000000
0.920477 0.089200 0.380480 0.000000 -0.108870 0.993590 0.030446 10.037100 -0.375325 -0.069448 0.924288 3.529500 0.000000 0.000000 0.000000 1.000000
0.903933 0.101453 0.415467 0.000000 -0.115758 0.993234 0.009316 10.037100 -0.411711 -0.056515 0.909561 3.529500 0.000000 0.000000 0.000000 1.000000
0.890733 0.113718 0.440072 -0.000000 -0.123984 0.992269 -0.005460 10.037100 -0.437291 -0.049698 0.897946 3.529500 0.000000 0.000000 0.000000 1.000000
0.882658 0.124627 0.453192 0.000000 -0.132525 0.991075 -0.014432 10.037100 -0.450946 -0.047320 0.891296 3.529500 0.000000 0.000000 0.000000 1.000000
0.880005 0.132698 0.456050 -0.000000 -0.139486 0.990043 -0.018919 10.037100 -0.454020 -0.046964 0.889753 3.529500 0.000000 0.000000 0.000000 1.000000
0.880030 0.138372 0.454314 -0.000000 -0.144335 0.989290 -0.021726 10.037100 -0.452455 -0.046454 0.890577 3.529500 0.000000 0.000000 0.000000 1.000000
0.880781 0.141879 0.451768 0.000000 -0.147206 0.988826 -0.023546 10.037100 -0.450061 -0.045764 0.891824 3.529500 0.000000 0.000000 0.000000 1.000000
0.882091 0.143717 0.448620 0.000000 -0.148837 0.988569 -0.024044 10.037100 -0.446948 -0.045562 0.893399 3.529500 0.000000 0.000000 0.000000 1.000000
0.883675 0.145408 0.444944 0.000000 -0.151230 0.988240 -0.022609 10.037100 -0.442999 -0.047310 0.895273 3.529500 0.000000 0.000000 0.000000 1.000000
0.886818 0.148595 0.437577 0.000000 -0.156785 0.987476 -0.017582 10.037100 -0.434709 -0.053013 0.899009 3.529500 0.000000 0.000000 0.000000 1.000000
0.894466 0.151827 0.420570 0.000000 -0.163370 0.986527 -0.008684 10.037100 -0.416221 -0.060941 0.907219 3.529500 0.000000 0.000000 0.000000 1.000000
0.907312 0.148255 0.393454 0.000000 -0.162427 0.986717 0.002760 10.037100 -0.387819 -0.066412 0.919340 3.529500 0.000000 0.000000 0.000000 1.000000
0.922897 0.134572 0.360765 0.000000 -0.149839 0.988603 0.014548 10.037100 -0.354696 -0.067483 0.932543 3.529500 0.000000 0.000000 0.000000 1.000000
0.938191 0.116265 0.326007 0.000000 -0.132061 0.990883 0.026666 10.037100 -0.319934 -0.068071 0.944991 3.529500 0.000000 0.000000 0.000000 1.000000
0.952021 0.097412 0.290114 -0.000000 -0.114777 0.992442 0.043411 10.037100 -0.283693 -0.074627 0.956007 3.529500 0.000000 0.000000 0.000000 1.000000
0.964211 0.078157 0.253355 0.000000 -0.097413 0.993161 0.064352 10.037100 -0.246592 -0.086729 0.965231 3.529500 0.000000 0.000000 0.000000 1.000000
0.974468 0.060240 0.216293 0.000000 -0.079915 0.993307 0.083396 10.037100 -0.209822 -0.098552 0.972760 3.529500 0.000000 0.000000 0.000000 1.000000
0.982832 0.044972 0.178935 0.000000 -0.063177 0.993240 0.097384 10.037100 -0.173346 -0.107016 0.979029 3.529500 0.000000 0.000000 0.000000 1.000000
0.989360 0.032359 0.141842 0.000000 -0.047840 0.993094 0.107129 10.037100 -0.137396 -0.112775 0.984075 3.529500 0.000000 0.000000 0.000000 1.000000
0.994097 0.023371 0.105948 0.000000 -0.035460 0.992883 0.113695 10.037100 -0.102537 -0.116781 0.987850 3.529500 0.000000 0.000000 0.000000 1.000000
0.997228 0.016969 0.072447 0.000000 -0.025489 0.992644 0.118356 10.037100 -0.069905 -0.119874 0.990325 3.529500 0.000000 0.000000 0.000000 1.000000
0.999050 0.009540 0.042522 0.000000 -0.014779 0.992088 0.124672 10.037100 -0.040996 -0.125182 0.991286 3.529500 0.000000 0.000000 0.000000 1.000000
0.999711 0.001406 0.024009 0.000000 -0.004554 0.991295 0.131584 10.037100 -0.023615 -0.131656 0.991014 3.529500 0.000000 0.000000 0.000000 1.000000</float_array><technique_common><accessor source="#Head-Matrix-animation-output-transform-array" count="29" stride="16"><param type="float4x4"/></accessor></technique_common></source><source id="Head-Interpolations"><Name_array id="Head-Interpolations-array" count="29">
 LINEAR LINEAR LINEAR LINEAR LINEAR LINEAR LINEAR LINEAR LINEAR LINEAR LINEAR
LINEAR LINEAR LINEAR LINEAR LINEAR LINEAR LINEAR LINEAR LINEAR LINEAR LINEAR LINEAR
LINEAR LINEAR LINEAR LINEAR LINEAR LINEAR</Name_array><technique_common><accessor source="#Head-Interpolations-array" count="29"><param type="name"/></accessor></technique_common></source><sampler id="Head-Matrix-animation-transform"><input semantic="INPUT" source="#Head-Matrix-animation-input"/><input semantic="OUTPUT" source="#Head-Matrix-animation-output-transform"/><input semantic="INTERPOLATION" source="#Head-Interpolations"/></sampler><channel source="#Head-Matrix-animation-transform" target="Head/matrix"/></animation>
    <animation id="LeftShoulder-anim" name="LeftShoulder"><source id="LeftShoulder-Matrix-animation-input"><float_array id="LeftShoulder-Matrix-animation-input-array" count="29">

0.000000 0.033333 0.066667 0.100000 0.133333 0.166667 0.200000 0.233333 0.266667 0.300000 0.333333 0.366667 0.400000 0.433333 0.466667 0.500000
0.533333 0.566667 0.600000 0.633333 0.666667 0.700000 0.733333 0.766667 0.800000 0.833333 0.866667 0.900000 0.933333</float_array><technique_common><accessor source="#LeftShoulder-Matrix-animation-input-array" count="29"><param name="TIME" type="float"/></accessor></technique_common></source><source id="LeftShoulder-Matrix-animation-output-transform"><float_array id="LeftShoulder-Matrix-animation-output-transform-array" count="464">

0.932052 0.203552 -0.299741 11.304900 -0.218689 0.975638 -0.017473 19.886000 0.288883 0.081836 0.953860 -3.966000 0.000000 0.000000 0.000000 1.000000
0.931154 0.205629 -0.301113 11.304900 -0.220826 0.975166 -0.016940 19.886000 0.290152 0.082268 0.953438 -3.966000 0.000000 0.000000 0.000000 1.000000
0.929929 0.208041 -0.303234 11.304900 -0.223352 0.974602 -0.016305 19.886000 0.292141 0.082890 0.952776 -3.966000 0.000000 0.000000 0.000000 1.000000
0.929083 0.209818 -0.304599 11.304900 -0.225196 0.974185 -0.015840 19.886000 0.293412 0.083311 0.952349 -3.966000 0.000000 0.000000 0.000000 1.000000
0.929618 0.209299 -0.303321 11.304900 -0.224586 0.974323 -0.016007 19.886000 0.292182 0.083002 0.952754 -3.966000 0.000000 0.000000 0.000000 1.000000
0.931140 0.206491 -0.300566 11.304900 -0.221626 0.974988 -0.016762 19.886000 0.289587 0.082221 0.953614 -3.966000 0.000000 0.000000 0.000000 1.000000
0.932695 0.203272 -0.297927 11.304900 -0.218273 0.975729 -0.017602 19.886000 0.287118 0.081447 0.954426 -3.966000 0.000000 0.000000 0.000000 1.000000
0.934040 0.201011 -0.295235 11.304900 -0.215850 0.976257 -0.018205 19.886000 0.284565 0.080731 0.955251 -3.966000 0.000000 0.000000 0.000000 1.000000
0.935402 0.198895 -0.292342 11.304900 -0.213553 0.976751 -0.018769 19.886000 0.281812 0.079987 0.956130 -3.966000 0.000000 0.000000 0.000000 1.000000
0.936203 0.197062 -0.291015 11.304900 -0.211658 0.977155 -0.019226 19.886000 0.280578 0.079595 0.956525 -3.966000 0.000000 0.000000 0.000000 1.000000
0.936591 0.195873 -0.290569 11.304900 -0.210462 0.977407 -0.019512 19.886000 0.280183 0.079428 0.956655 -3.966000 0.000000 0.000000 0.000000 1.000000
0.937059 0.195445 -0.289346 11.304900 -0.209946 0.977516 -0.019635 19.886000 0.279003 0.079146 0.957023 -3.966000 0.000000 0.000000 0.000000 1.000000
0.937704 0.196052 -0.286837 11.304900 -0.210338 0.977433 -0.019546 19.886000 0.276532 0.078661 0.957780 -3.966000 0.000000 0.000000 0.000000 1.000000
0.939083 0.195743 -0.282504 11.304900 -0.209692 0.977569 -0.019701 19.886000 0.272311 0.077740 0.959064 -3.966000 0.000000 0.000000 0.000000 1.000000
0.941603 0.191752 -0.276794 11.304900 -0.205343 0.978471 -0.020692 19.886000 0.266867 0.076321 0.960707 -3.966000 0.000000 0.000000 0.000000 1.000000
0.943714 0.187221 -0.272678 11.304900 -0.200591 0.979434 -0.021746 19.886000 0.262998 0.075218 0.961860 -3.966000 0.000000 0.000000 0.000000 1.000000
0.943685 0.187420 -0.272641 11.304900 -0.200781 0.979396 -0.021697 19.886000 0.262957 0.075216 0.961871 -3.966000 0.000000 0.000000 0.000000 1.000000
