<?xml version="1.0" encoding="utf-8"?>
<COLLADA xmlns="http://www.collada.org/2005/11/COLLADASchema" version="1.4.1">
  <asset><contributor><author>Mixamo</author><authoring_tool>COLLADA Mixamo exporter</authoring_tool><comments></comments></contributor><created>2018-10-15T20:25:38Z</created><modified>2018-10-15T20:25:38Z</modified><revision></revision><title></title><unit meter="0.010000"/><up_axis>Y_UP</up_axis></asset>
  <library_animations>
    <animation id="Hips-anim" name="Hips"><source id="Hips-Matrix-animation-input"><float_array id="Hips-Matrix-animation-input-array" count="29">

0.000000 0.033333 0.066667 0.100000 0.133333 0.166667 0.200000 0.233333 0.266667 0.300000 0.333333 0.366667 0.400000 0.433333 0.466667 0.500000
0.533333 0.566667 0.600000 0.633333 0.666667 0.700000 0.733333 0.766667 0.800000 0.833333 0.866667 0.900000 0.933333</float_array><technique_common><accessor source="#Hips-Matrix-animation-input-array" count="29"><param name="TIME" type="float"/></accessor></technique_common></source><source id="Hips-Matrix-animation-output-transform"><float_array id="Hips-Matrix-animation-output-transform-array" count="464">

0.871177 0.115341 -0.477229 0.787439 -0.077605 0.992144 0.098123 112.584557 0.484797 -0.048447 0.873284 -1.475074 0.000000 0.000000 0.000000 1.000000
0.848289 0.116933 -0.516461 1.547989 -0.078466 0.992304 0.095789 112.454140 0.523688 -0.040732 0.850936 -1.338665 0.000000 0.000000 0.000000 1.000000
0.825273 0.116382 -0.552611 2.175877 -0.081309 0.992826 0.087665 112.242989 0.558849 -0.027416 0.828816 -1.216804 0.000000 0.000000 0.000000 1.000000
0.807507 0.110162 -0.579480 2.790074 -0.084874 0.993882 0.070670 112.064522 0.583720 -0.007884 0.811917 -1.158694 0.000000 0.000000 0.000000 1.000000
0.794798 0.100032 -0.598573 3.350754 -0.090951 0.994816 0.045484 111.762115 0.600020 0.018290 0.799776 -1.124477 0.000000 0.000000 0.000000 1.000000
0.781868 0.085090 -0.617609 4.065933 -0.092323 0.995523 0.020280 111.499786 0.616570 0.041163 0.786223 -1.140417 0.000000 0.000000 0.000000 1.000000
0.768804 0.062886 -0.636384 4.492522 -0.077231 0.997000 0.005220 111.426804 0.634803 0.045135 0.771355 -0.989175 0.000000 0.000000 0.000000 1.000000
0.760749 0.040999 -0.647750 4.775552 -0.053817 0.998551 -0.000002 111.513504 0.646811 0.034862 0.761853 -0.650497 0.000000 0.000000 0.000000 1.000000
0.753342 0.030897 -0.656903 4.790965 -0.041816 0.999125 -0.000962 111.822372 0.656299 0.028194 0.753974 -0.174803 0.000000 0.000000 0.000000 1.000000
0.745967 0.032023 -0.665213 4.829081 -0.038322 0.999252 0.005129 112.389259 0.664879 0.021666 0.746636 0.398846 0.000000 0.000000 0.000000 1.000000
0.739764 0.038584 -0.671759 5.390621 -0.034165 0.999221 0.019769 112.684975 0.671998 0.008327 0.740506 0.931038 0.000000 0.000000 0.000000 1.000000
0.734706 0.045172 -0.676880 6.411111 -0.030071 0.998968 0.034026 112.577530 0.677719 -0.004644 0.735306 1.554633 0.000000 0.000000 0.000000 1.000000
0.741355 0.051670 -0.669121 7.361440 -0.029906 0.998585 0.043977 112.933311 0.670447 -0.012592 0.741851 2.057867 0.000000 0.000000 0.000000 1.000000
0.759827 0.059628 -0.647386 8.404752 -0.034928 0.998091 0.050935 113.421989 0.649187 -0.016090 0.760459 2.296772 0.000000 0.000000 0.000000 1.000000
0.783115 0.062519 -0.618727 8.889849 -0.038715 0.997905 0.051832 114.013695 0.620671 -0.016636 0.783894 2.264023 0.000000 0.000000 0.000000 1.000000
0.811101 0.058007 -0.582023 8.964300 -0.040162 0.998245 0.043520 114.574043 0.583526 -0.011923 0.812007 2.198730 0.000000 0.000000 0.000000 1.000000
0.841267 0.050879 -0.538220 9.054275 -0.041691 0.998702 0.029245 115.145592 0.539010 -0.002164 0.842297 2.135340 0.000000 0.000000 0.000000 1.000000
0.868119 0.042499 -0.494533 8.983326 -0.041125 0.999061 0.013665 115.585983 0.494650 0.008475 0.869051 2.145300 0.000000 0.000000 0.000000 1.000000
0.888223 0.029216 -0.458482 8.170785 -0.032021 0.999486 0.001655 115.411217 0.458295 0.013212 0.888702 2.021217 0.000000 0.000000 0.000000 1.000000
0.901277 0.025605 -0.432485 6.570536 -0.028243 0.999601 0.000323 115.075401 0.432321 0.011924 0.901641 1.578849 0.000000 0.000000 0.000000 1.000000
0.913671 0.044089 -0.404055 4.524518 -0.044322 0.998979 0.008780 114.687988 0.404030 0.009887 0.914692 0.964103 0.000000 0.000000 0.000000 1.000000
0.927298 0.077278 -0.366260 2.344732 -0.075553 0.996959 0.019065 114.277039 0.366620 0.009993 0.930317 0.188899 0.000000 0.000000 0.000000 1.000000
0.934082 0.104257 -0.341500 0.401442 -0.099489 0.994540 0.031497 113.940796 0.342919 0.004555 0.939354 -0.482552 0.000000 0.000000 0.000000 1.000000
0.930144 0.120249 -0.346947 -0.705963 -0.110617 0.992727 0.047512 113.453812 0.350137 -0.005815 0.936681 -1.020774 0.000000 0.000000 0.000000 1.000000
0.920298 0.124652 -0.370828 -1.077665 -0.108354 0.992014 0.064555 113.057640 0.375914 -0.019229 0.926455 -1.353492 0.000000 0.000000 0.000000 1.000000
0.909918 0.120881 -0.396784 -1.021645 -0.096340 0.992023 0.081291 112.920715 0.403445 -0.035742 0.914305 -1.438466 0.000000 0.000000 0.000000 1.000000
0.900014 0.116648 -0.419961 -0.645996 -0.085347 0.992035 0.092640 112.810242 0.427422 -0.047535 0.902801 -1.494453 0.000000 0.000000 0.000000 1.000000
0.888270 0.115024 -0.444687 -0.009721 -0.079777 0.992057 0.097253 112.755310 0.452342 -0.050911 0.890390 -1.505087 0.000000 0.000000 0.000000 1.000000
0.871177 0.115341 -0.477229 0.787440 -0.077605 0.992144 0.098123 112.670052 0.484797 -0.048447 0.873284 -1.475076 0.000000 0.000000 0.000000 1.000000</float_array><technique_common><accessor source="#Hips-Matrix-animation-output-transform-array" count="29" stride="16"><param type="float4x4"/></accessor></technique_common></source><source id="Hips-Interpolations"><Name_array id="Hips-Interpolations-array" count="29">
 LINEAR LINEAR LINEAR LINEAR LINEAR LINEAR LINEAR LINEAR LINEAR LINEAR LINEAR
LINEAR LINEAR LINEAR LINEAR LINEAR LINEAR LINEAR LINEAR LINEAR LINEAR LINEAR LINEAR
LINEAR LINEAR LINEAR LINEAR LINEAR LINEAR</Name_array><technique_common><accessor source="#Hips-Interpolations-array" count="29"><param type="name"/></accessor></technique_common></source><sampler id="Hips-Matrix-animation-transform"><input semantic="INPUT" source="#Hips-Matrix-animation-input"/><input semantic="OUTPUT" source="#Hips-Matrix-animation-output-transform"/><input semantic="INTERPOLATION" source="#Hips-Interpolations"/></sampler><channel source="#Hips-Matrix-animation-transform" target="Hips/matrix"/></animation>
    <animation id="Spine-anim" name="Spine"><source id="Spine-Matrix-animation-input"><float_array id="Spine-Matrix-animation-input-array" count="29">

0.000000 0.033333 0.066667 0.100000 0.133333 0.166667 0.200000 0.233333 0.266667 0.300000 0.333333 0.366667 0.400000 0.433333 0.466667 0.500000
0.533333 0.566667 0.600000 0.633333 0.666667 0.700000 0.733333 0.766667 0.800000 0.833333 0.866667 0.900000 0.933333</float_array><technique_common><accessor source="#Spine-Matrix-animation-input-array" count="29"><param name="TIME" type="float"/></accessor></technique_common></source><source id="Spine-Matrix-animation-output-transform"><float_array id="Spine-Matrix-animation-output-transform-array" count="464">

0.988241 -0.041500 0.147164 -0.000000 0.069454 0.979277 -0.190243 13.214800 -0.136219 0.198227 0.970644 -0.000000 0.000000 0.000000 0.000000 1.000000
0.985109 -0.031531 0.169017 0.000000 0.063052 0.980803 -0.184525 13.214800 -0.159954 0.192434 0.968186 -0.000000 0.000000 0.000000 0.000000 1.000000
0.983141 -0.019365 0.181820 0.000000 0.051688 0.983253 -0.174765 13.214800 -0.175391 0.181216 0.967677 0.000000 0.000000 0.000000 0.000000 1.000000
0.983688 -0.008373 0.179690 0.000000 0.037720 0.986310 -0.160530 13.214800 -0.175886 0.164690 0.970537 0.000000 0.000000 0.000000 0.000000 1.000000
0.985399 -0.002098 0.170249 0.000000 0.026747 0.989417 -0.142614 13.214800 -0.168148 0.145085 0.975026 0.000000 0.000000 0.000000 0.000000 1.000000
0.986565 0.008190 0.163165 0.000000 0.013051 0.991600 -0.128684 13.214800 -0.162848 0.129084 0.978171 0.000000 0.000000 0.000000 0.000000 1.000000
0.986757 0.032434 0.158927 -0.000000 -0.012166 0.991844 -0.126876 13.214800 -0.161746 0.123262 0.979104 -0.000000 0.000000 0.000000 0.000000 1.000000
0.985609 0.062678 0.156993 -0.000000 -0.042045 0.990430 -0.131457 13.214800 -0.163730 0.122964 0.978812 0.000000 0.000000 0.000000 0.000000 1.000000
0.984615 0.083214 0.153652 0.000000 -0.063348 0.989495 -0.129945 13.214800 -0.162851 0.118213 0.979543 0.000000 0.000000 0.000000 0.000000 1.000000
0.986159 0.094512 0.136227 -0.000000 -0.077265 0.988919 -0.126768 13.214800 -0.146698 0.114488 0.982534 0.000000 0.000000 0.000000 0.000000 1.000000
0.989138 0.101763 0.106063 0.000000 -0.087614 0.987575 -0.130458 13.214800 -0.118021 0.119748 0.985764 0.000000 0.000000 0.000000 0.000000 1.000000
0.991616 0.102439 0.078761 -0.000000 -0.091209 0.986648 -0.134934 13.214800 -0.091531 0.126619 0.987719 0.000000 0.000000 0.000000 0.000000 1.000000
0.993555 0.096828 0.058932 0.000000 -0.088060 0.986709 -0.136567 13.214800 -0.071372 0.130498 0.988876 -0.000000 0.000000 0.000000 0.000000 1.000000
0.995411 0.086135 0.041680 0.000000 -0.079649 0.987226 -0.137991 13.214800 -0.053034 0.134038 0.989556 0.000000 0.000000 0.000000 0.000000 1.000000
0.996879 0.074778 0.025312 -0.000000 -0.070550 0.987715 -0.139434 13.214800 -0.035427 0.137213 0.989908 0.000000 0.000000 0.000000 0.000000 1.000000
0.997987 0.062676 0.009667 0.000000 -0.060680 0.988056 -0.141645 13.214800 -0.018430 0.140773 0.989870 0.000000 0.000000 0.000000 0.000000 1.000000
0.998813 0.048563 -0.003769 0.000000 -0.048599 0.988394 -0.143927 13.214800 -0.003264 0.143939 0.989581 0.000000 0.000000 0.000000 0.000000 1.000000
0.999260 0.037460 -0.008760 0.000000 -0.038319 0.989346 -0.140450 13.214800 0.003405 0.140681 0.990049 0.000000 0.000000 0.000000 0.000000 1.000000
0.999272 0.038122 -0.001265 0.000000 -0.037954 0.990481 -0.132315 13.214800 -0.003791 0.132267 0.991207 0.000000 0.000000 0.000000 0.000000 1.000000
0.999376 0.032797 0.013149 -0.000000 -0.030782 0.990802 -0.131775 13.214800 -0.017350 0.131288 0.991192 0.000000 0.000000 0.000000 0.000000 1.000000
0.999743 0.003041 0.022476 0.000000 0.000169 0.989947 -0.141436 13.214800 -0.022680 0.141403 0.989692 0.000000 0.000000 0.000000 0.000000 1.000000
0.998915 -0.040320 0.023284 0.000000 0.043413 0.987299 -0.152829 13.214800 -0.016826 0.153674 0.987978 0.000000 0.000000 0.000000 0.000000 1.000000
0.997126 -0.070578 0.027542 0.000000 0.074125 0.983984 -0.162113 13.214800 -0.015659 0.163688 0.986388 0.000000 0.000000 0.000000 0.000000 1.000000
0.995471 -0.084641 0.043290 -0.000000 0.090831 0.981208 -0.170236 13.214800 -0.028068 0.173397 0.984452 0.000000 0.000000 0.000000 0.000000 1.000000
0.994391 -0.084044 0.064218 0.000000 0.094283 0.979496 -0.178039 13.214800 -0.047938 0.183095 0.981926 0.000000 0.000000 0.000000 0.000000 1.000000
0.993797 -0.071616 0.085084 0.000000 0.086422 0.978830 -0.185533 13.214800 -0.069995 0.191735 0.978948 0.000000 0.000000 0.000000 0.000000 1.000000
0.992724 -0.058174 0.105429 0.000000 0.077591 0.978591 -0.190626 13.214800 -0.092083 0.197419 0.975985 -0.000000 0.000000 0.000000 0.000000 1.000000
0.990857 -0.049496 0.125506 0.000000 0.073216 0.978644 -0.192082 13.214800 -0.113318 0.199515 0.973321 0.000000 0.000000 0.000000 0.000000 1.000000
0.988241 -0.041500 0.147164 0.000000 0.069454 0.979277 -0.190243 13.214800 -0.136219 0.198227 0.970644 -0.000000 0.000000 0.000000 0.000000 1.000000</float_array><technique_common><accessor source="#Spine-Matrix-animation-output-transform-array" count="29" stride="16"><param type="float4x4"/></accessor></technique_common></source><source id="Spine-Interpolations"><Name_array id="Spine-Interpolations-array" count="29">
 LINEAR LINEAR LINEAR LINEAR LINEAR LINEAR LINEAR LINEAR LINEAR LINEAR LINEAR
LINEAR LINEAR LINEAR LINEAR LINEAR LINEAR LINEAR LINEAR LINEAR LINEAR LINEAR LINEAR
LINEAR LINEAR LINEAR LINEAR LINEAR LINEAR</Name_array><technique_common><accessor source="#Spine-Interpolations-array" count="29"><param type="name"/></accessor></technique_common></source><sampler id="Spine-Matrix-animation-transform"><input semantic="INPUT" source="#Spine-Matrix-animation-input"/><input semantic="OUTPUT" source="#Spine-Matrix-animation-output-transform"/><input semantic="INTERPOLATION" source="#Spine-Interpolations"/></sampler><channel source="#Spine-Matrix-animation-transform" target="Spine/matrix"/></animation>
    <animation id="Spine1-anim" name="Spine1"><source id="Spine1-Matrix-animation-input"><float_array id="Spine1-Matrix-animation-input-array" count="29">

0.000000 0.033333 0.066667 0.100000 0.133333 0.166667 0.200000 0.233333 0.266667 0.300000 0.333333 0.366667 0.400000 0.433333 0.466667 0.500000
0.533333 0.566667 0.600000 0.633333 0.666667 0.700000 0.733333 0.766667 0.800000 0.833333 0.866667 0.900000 0.933333</float_array><technique_common><accessor source="#Spine1-Matrix-animation-input-array" count="29"><param name="TIME" type="float"/></accessor></technique_common></source><source id="Spine1-Matrix-animation-output-transform"><float_array id="Spine1-Matrix-animation-output-transform-array" count="464">

0.999333 0.005891 0.036032 -0.007800 -0.003422 0.997665 -0.068212 9.224200 -0.036350 0.068043 0.997020 0.000000 0.000000 0.000000 0.000000 1.000000
0.999099 0.005504 0.042074 -0.007800 -0.002622 0.997666 -0.068238 9.224200 -0.042352 0.068066 0.996781 0.000000 0.000000 0.000000 0.000000 1.000000
0.998921 0.005091 0.046161 -0.007800 -0.002026 0.997804 -0.066203 9.224200 -0.046397 0.066038 0.996738 0.000000 0.000000 0.000000 0.000000 1.000000
0.998905 0.004758 0.046544 -0.007800 -0.001879 0.998093 -0.061704 9.224200 -0.046748 0.061549 0.997009 0.000000 0.000000 0.000000 0.000000 1.000000
0.998989 0.005271 0.044639 -0.007800 -0.002788 0.998454 -0.055519 9.224200 -0.044862 0.055339 0.997459 0.000000 0.000000 0.000000 0.000000 1.000000
0.999044 0.007432 0.043077 -0.007800 -0.005284 0.998746 -0.049784 9.224200 -0.043393 0.049509 0.997831 0.000000 0.000000 0.000000 0.000000 1.000000
0.999028 0.011853 0.042466 -0.007800 -0.009816 0.998806 -0.047851 9.224200 -0.042982 0.047387 0.997951 -0.000000 0.000000 0.000000 0.000000 1.000000
0.998940 0.017937 0.042386 -0.007800 -0.015818 0.998633 -0.049818 9.224200 -0.043221 0.049095 0.997859 0.000000 0.000000 0.000000 0.000000 1.000000
0.998875 0.022530 0.041720 -0.007800 -0.020406 0.998507 -0.050666 9.224200 -0.042800 0.049757 0.997844 0.000000 0.000000 0.000000 0.000000 1.000000
0.999027 0.022992 0.037647 -0.007800 -0.021174 0.998623 -0.047998 9.224200 -0.038699 0.047154 0.998138 0.000000 0.000000 0.000000 0.000000 1.000000
0.999348 0.019563 0.030341 -0.007800 -0.018194 0.998833 -0.044743 9.224200 -0.031180 0.044162 0.998538 -0.000000 0.000000 0.000000 0.000000 1.000000
0.999623 0.014239 0.023472 -0.007800 -0.013212 0.998972 -0.043352 9.224200 -0.024065 0.043026 0.998784 0.000000 0.000000 0.000000 0.000000 1.000000
0.999793 0.009056 0.018240 -0.007800 -0.008252 0.999012 -0.043658 9.224200 -0.018618 0.043499 0.998880 -0.000000 0.000000 0.000000 0.000000 1.000000
0.999898 0.004512 0.013585 -0.007800 -0.003904 0.999005 -0.044422 9.224200 -0.013772 0.044365 0.998920 0.000000 0.000000 0.000000 0.000000 1.000000
0.999957 0.000584 0.009238 -0.007800 -0.000172 0.999009 -0.044515 9.224200 -0.009254 0.044512 0.998966 0.000000 0.000000 0.000000 0.000000 1.000000
0.999984 -0.002572 0.005098 -0.007800 0.002791 0.999046 -0.043584 9.224200 -0.004981 0.043598 0.999037 0.000000 0.000000 0.000000 0.000000 1.000000
0.999986 -0.005028 0.001316 -0.007800 0.005079 0.999106 -0.041973 9.224200 -0.001103 0.041979 0.999118 0.000000 0.000000 0.000000 0.000000 1.000000
0.999978 -0.006684 -0.000492 -0.007800 0.006659 0.999185 -0.039805 9.224200 0.000757 0.039800 0.999207 0.000000 0.000000 0.000000 0.000000 1.000000
0.999979 -0.006393 0.001049 -0.007800 0.006428 0.999254 -0.038077 9.224200 -0.000804 0.038083 0.999274 0.000000 0.000000 0.000000 0.000000 1.000000
0.999988 -0.002813 0.003976 -0.007800 0.002965 0.999242 -0.038811 9.224200 -0.003864 0.038822 0.999239 0.000000 0.000000 0.000000 0.000000 1.000000
0.999986 0.001724 0.004949 -0.007800 -0.001515 0.999116 -0.042021 9.224200 -0.005017 0.042013 0.999104 0.000000 0.000000 0.000000 0.000000 1.000000
0.999986 0.003736 0.003832 -0.007800 -0.003557 0.998954 -0.045580 9.224200 -0.003998 0.045565 0.998953 0.000000 0.000000 0.000000 0.000000 1.000000
0.999977 0.005407 0.004194 -0.007800 -0.005195 0.998789 -0.048915 9.224200 -0.004453 0.048892 0.998794 -0.000000 0.000000 0.000000 0.000000 1.000000
0.999929 0.009027 0.007733 -0.007800 -0.008601 0.998530 -0.053519 9.224200 -0.008205 0.053449 0.998537 0.000000 0.000000 0.000000 0.000000 1.000000
0.999847 0.011608 0.013065 -0.007800 -0.010816 0.998193 -0.059112 9.224200 -0.013728 0.058962 0.998166 0.000000 0.000000 0.000000 0.000000 1.000000
0.999758 0.011163 0.018980 -0.007800 -0.009934 0.997921 -0.063678 9.224200 -0.019651 0.063474 0.997790 0.000000 0.000000 0.000000 0.000000 1.000000
0.999652 0.009050 0.024773 -0.007800 -0.007391 0.997775 -0.066257 9.224200 -0.025318 0.066051 0.997495 -0.000000 0.000000 0.000000 0.000000 1.000000
0.999519 0.006968 0.030231 -0.007800 -0.004915 0.997711 -0.067444 9.224200 -0.030632 0.067263 0.997265 0.000000 0.000000 0.000000 0.000000 1.000000
0.999333 0.005891 0.036032 -0.007800 -0.003422 0.997665 -0.068212 9.224200 -0.036350 0.068043 0.997020 0.000000 0.000000 0.000000 0.000000 1.000000</float_array><technique_common><accessor source="#Spine1-Matrix-animation-output-transform-array" count="29" stride="16"><param type="float4x4"/></accessor></technique_common></source><source id="Spine1-Interpolations"><Name_array id="Spine1-Interpolations-array" count="29">
 LINEAR LINEAR LINEAR LINEAR LINEAR LINEAR LINEAR LINEAR LINEAR LINEAR LINEAR
LINEAR LINEAR LINEAR LINEAR LINEAR LINEAR LINEAR LINEAR LINEAR LINEAR LINEAR LINEAR
LINEAR LINEAR LINEAR LINEAR LINEAR LINEAR</Name_array><technique_common><accessor source="#Spine1-Interpolations-array" count="29"><param type="name"/></accessor></technique_common></source><sampler id="Spine1-Matrix-animation-transform"><input semantic="INPUT" source="#Spine1-Matrix-animation-input"/><input semantic="OUTPUT" source="#Spine1-Matrix-animation-output-transform"/><input semantic="INTERPOLATION" source="#Spine1-Interpolations"/></sampler><channel source="#Spine1-Matrix-animation-transform" target="Spine1/matrix"/></animation>
    <animation id="Spine2-anim" name="Spine2"><source id="Spine2-Matrix-animation-input"><float_array id="Spine2-Matrix-animation-input-array" count="29">

0.000000 0.033333 0.066667 0.100000 0.133333 0.166667 0.200000 0.233333 0.266667 0.300000 0.333333 0.366667 0.400000 0.433333 0.466667 0.500000
0.533333 0.566667 0.600000 0.633333 0.666667 0.700000 0.733333 0.766667 0.800000 0.833333 0.866667 0.900000 0.933333</float_array><technique_common><accessor source="#Spine2-Matrix-animation-input-array" count="29"><param name="TIME" type="float"/></accessor></technique_common></source><source id="Spine2-Matrix-animation-output-transform"><float_array id="Spine2-Matrix-animation-output-transform-array" count="464">

0.999336 0.006027 0.035922 -0.005300 -0.003565 0.997665 -0.068207 11.063000 -0.036249 0.068034 0.997024 0.000000 0.000000 0.000000 0.000000 1.000000
0.999101 0.005623 0.042021 -0.005300 -0.002747 0.997669 -0.068190 11.063000 -0.042307 0.068013 0.996787 -0.000000 0.000000 0.000000 0.000000 1.000000
0.998921 0.005175 0.046162 -0.005300 -0.002115 0.997811 -0.066098 11.063000 -0.046403 0.065929 0.996745 -0.000000 0.000000 0.000000 0.000000 1.000000
0.998903 0.004799 0.046579 -0.005300 -0.001924 0.998101 -0.061562 11.063000 -0.046786 0.061405 0.997016 0.000000 0.000000 0.000000 0.000000 1.000000
0.998987 0.005275 0.044684 -0.005300 -0.002794 0.998460 -0.055405 11.063000 -0.044907 0.055224 0.997464 0.000000 0.000000 0.000000 0.000000 1.000000
0.999042 0.007433 0.043126 -0.005300 -0.005285 0.998750 -0.049710 11.063000 -0.043442 0.049434 0.997832 -0.000000 0.000000 0.000000 0.000000 1.000000
0.999024 0.011862 0.042539 -0.005300 -0.009827 0.998811 -0.047742 11.063000 -0.043055 0.047277 0.997953 0.000000 0.000000 0.000000 0.000000 1.000000
0.998935 0.017909 0.042516 -0.005300 -0.015791 0.998643 -0.049634 11.063000 -0.043347 0.048909 0.997862 -0.000000 0.000000 0.000000 0.000000 1.000000
0.998869 0.022448 0.041912 -0.005300 -0.020324 0.998521 -0.050434 11.063000 -0.042983 0.049525 0.997848 0.000000 0.000000 0.000000 0.000000 1.000000
0.999019 0.022950 0.037866 -0.005300 -0.021131 0.998635 -0.047758 11.063000 -0.038911 0.046911 0.998141 0.000000 0.000000 0.000000 0.000000 1.000000
0.999340 0.019630 0.030556 -0.005300 -0.018258 0.998841 -0.044535 11.063000 -0.031395 0.043947 0.998540 -0.000000 0.000000 0.000000 0.000000 1.000000
0.999616 0.014361 0.023685 -0.005300 -0.013329 0.998978 -0.043183 11.063000 -0.024281 0.042850 0.998786 0.000000 0.000000 0.000000 0.000000 1.000000
0.999788 0.009163 0.018445 -0.005300 -0.008353 0.999018 -0.043520 11.063000 -0.018826 0.043356 0.998882 0.000000 0.000000 0.000000 0.000000 1.000000
0.999895 0.004593 0.013764 -0.005300 -0.003978 0.999009 -0.044321 11.063000 -0.013954 0.044262 0.998923 -0.000000 0.000000 0.000000 0.000000 1.000000
0.999956 0.000642 0.009393 -0.005300 -0.000224 0.999012 -0.044451 11.063000 -0.009412 0.044447 0.998967 0.000000 0.000000 0.000000 0.000000 1.000000
0.999983 -0.002536 0.005237 -0.005300 0.002762 0.999047 -0.043553 11.063000 -0.005122 0.043566 0.999037 0.000000 0.000000 0.000000 0.000000 1.000000
0.999986 -0.005015 0.001441 -0.005300 0.005071 0.999106 -0.041972 11.063000 -0.001230 0.041978 0.999118 0.000000 0.000000 0.000000 0.000000 1.000000
0.999978 -0.006680 -0.000363 -0.005300 0.006660 0.999185 -0.039818 11.063000 0.000629 0.039814 0.999207 0.000000 0.000000 0.000000 0.000000 1.000000
0.999979 -0.006374 0.001195 -0.005300 0.006415 0.999254 -0.038074 11.063000 -0.000951 0.038081 0.999274 0.000000 0.000000 0.000000 0.000000 1.000000
0.999988 -0.002775 0.004090 -0.005300 0.002932 0.999243 -0.038794 11.063000 -0.003979 0.038806 0.999239 0.000000 0.000000 0.000000 0.000000 1.000000
0.999986 0.001755 0.004947 -0.005300 -0.001546 0.999115 -0.042025 11.063000 -0.005016 0.042017 0.999104 0.000000 0.000000 0.000000 0.000000 1.000000
0.999986 0.003742 0.003696 -0.005300 -0.003570 0.998953 -0.045612 11.063000 -0.003863 0.045598 0.998952 0.000000 0.000000 0.000000 0.000000 1.000000
0.999978 0.005402 0.003951 -0.005300 -0.005202 0.998787 -0.048971 11.063000 -0.004211 0.048949 0.998792 0.000000 0.000000 0.000000 0.000000 1.000000
0.999932 0.009029 0.007389 -0.005300 -0.008620 0.998524 -0.053623 11.063000 -0.007862 0.053556 0.998534 0.000000 0.000000 0.000000 0.000000 1.000000
0.999852 0.011623 0.012677 -0.005300 -0.010852 0.998184 -0.059257 11.063000 -0.013343 0.059111 0.998162 -0.000000 0.000000 0.000000 0.000000 1.000000
0.999763 0.011207 0.018651 -0.005300 -0.009996 0.997912 -0.063808 11.063000 -0.019327 0.063607 0.997788 -0.000000 0.000000 0.000000 0.000000 1.000000
0.999657 0.009133 0.024536 -0.005300 -0.007488 0.997769 -0.066334 11.063000 -0.025087 0.066128 0.997496 0.000000 0.000000 0.000000 0.000000 1.000000
0.999523 0.007089 0.030065 -0.005300 -0.005046 0.997708 -0.067473 11.063000 -0.030474 0.067289 0.997268 0.000000 0.000000 0.000000 0.000000 1.000000
0.999336 0.006027 0.035922 -0.005300 -0.003565 0.997665 -0.068207 11.063000 -0.036249 0.068034 0.997024 0.000000 0.000000 0.000000 0.000000 1.000000</float_array><technique_common><accessor source="#Spine2-Matrix-animation-output-transform-array" count="29" stride="16"><param type="float4x4"/></accessor></technique_common></source><source id="Spine2-Interpolations"><Name_array id="Spine2-Interpolations-array" count="29">
 LINEAR LINEAR LINEAR LINEAR LINEAR LINEAR LINEAR LINEAR LINEAR LINEAR LINEAR
LINEAR LINEAR LINEAR LINEAR LINEAR LINEAR LINEAR LINEAR LINEAR LINEAR LINEAR LINEAR
LINEAR LINEAR LINEAR LINEAR LINEAR LINEAR</Name_array><technique_common><accessor source="#Spine2-Interpolations-array" count="29"><param type="name"/></accessor></technique_common></source><sampler id="Spine2-Matrix-animation-transform"><input semantic="INPUT" source="#Spine2-Matrix-animation-input"/><input semantic="OUTPUT" source="#Spine2-Matrix-animation-output-transform"/><input semantic="INTERPOLATION" source="#Spine2-Interpolations"/></sampler><channel source="#Spine2-Matrix-animation-transform" target="Spine2/matrix"/></animation>
    <animation id="Neck-anim" name="Neck"><source id="Neck-Matrix-animation-input"><float_array id="Neck-Matrix-animation-input-array" count="29">

0.000000 0.033333 0.066667 0.100000 0.133333 0.166667 0.200000 0.233333 0.266667 0.300000 0.333333 0.366667 0.400000 0.433333 0.466667 0.500000
0.533333 0.566667 0.600000 0.633333 0.666667 0.700000 0.733333 0.766667 0.800000 0.833333 0.866667 0.900000 0.933333</float_array><technique_common><accessor source="#Neck-Matrix-animation-input-array" count="29"><param name="TIME" type="float"/></accessor></technique_common></source><source id="Neck-Matrix-animation-output-transform"><float_array id="Neck-Matrix-animation-output-transform-array" count="464">

0.999009 -0.004244 0.044303 -0.006000 0.001882 0.998580 0.053237 23.723499 -0.044466 -0.053101 0.997599 -1.446200 0.000000 0.000000 0.000000 1.000000
0.998958 -0.008708 0.044804 -0.006000 0.006244 0.998475 0.054850 23.723499 -0.045213 -0.054513 0.997489 -1.446200 0.000000 0.000000 0.000000 1.000000
0.998859 -0.012676 0.046051 -0.006000 0.010009 0.998285 0.057688 23.723499 -0.046703 -0.057161 0.997272 -1.446200 0.000000 0.000000 0.000000 1.000000
0.998725 -0.013659 0.048592 -0.006000 0.010653 0.998044 0.061597 23.723499 -0.049339 -0.061001 0.996918 -1.446200 0.000000 0.000000 0.000000 1.000000
0.998627 -0.010391 0.051341 -0.006000 0.006959 0.997757 0.066571 23.723499 -0.051917 -0.066122 0.996460 -1.446200 0.000000 0.000000 0.000000 1.000000
0.998546 -0.003064 0.053828 -0.006000 -0.000925 0.997264 0.073911 23.723499 -0.053908 -0.073854 0.995811 -1.446200 0.000000 0.000000 0.000000 1.000000
0.998368 0.008135 0.056517 -0.006000 -0.012808 0.996483 0.082816 23.723499 -0.055645 -0.083405 0.994961 -1.446200 0.000000 0.000000 0.000000 1.000000
0.998088 0.020588 0.058281 -0.006000 -0.025676 0.995796 0.087932 23.723499 -0.056225 -0.089260 0.994420 -1.446200 0.000000 0.000000 0.000000 1.000000
0.997762 0.029400 0.060049 -0.006000 -0.034432 0.995824 0.084556 23.723499 -0.057312 -0.086434 0.994608 -1.446200 0.000000 0.000000 0.000000 1.000000
0.997260 0.035107 0.065108 -0.006000 -0.040022 0.996321 0.075779 23.723499 -0.062208 -0.078177 0.994997 -1.446200 0.000000 0.000000 0.000000 1.000000
0.996531 0.041431 0.072172 -0.006000 -0.046301 0.996667 0.067158 23.723499 -0.069149 -0.070267 0.995129 -1.446200 0.000000 0.000000 0.000000 1.000000
0.995979 0.046304 0.076696 -0.006000 -0.050997 0.996870 0.060407 23.723499 -0.073658 -0.064075 0.995223 -1.446200 0.000000 0.000000 0.000000 1.000000
0.995948 0.046150 0.077192 -0.006000 -0.050526 0.997167 0.055723 23.723499 -0.074402 -0.059397 0.995458 -1.446200 0.000000 0.000000 0.000000 1.000000
0.996193 0.043178 0.075726 -0.006000 -0.047266 0.997473 0.053051 23.723499 -0.073244 -0.056428 0.995716 -1.446200 0.000000 0.000000 0.000000 1.000000
0.996424 0.040750 0.074017 -0.006000 -0.044725 0.997599 0.052870 23.723499 -0.071685 -0.055991 0.995855 -1.446200 0.000000 0.000000 0.000000 1.000000
0.996605 0.039152 0.072422 -0.006000 -0.043316 0.997443 0.056844 23.723499 -0.070012 -0.059788 0.995753 -1.446200 0.000000 0.000000 0.000000 1.000000
0.996779 0.038096 0.070565 -0.006000 -0.042579 0.997096 0.063144 23.723499 -0.067954 -0.065945 0.995507 -1.446200 0.000000 0.000000 0.000000 1.000000
0.996965 0.038919 0.067431 -0.006000 -0.043389 0.996866 0.066154 23.723499 -0.064645 -0.068879 0.995528 -1.446200 0.000000 0.000000 0.000000 1.000000
0.997179 0.041012 0.062860 -0.006000 -0.045104 0.996858 0.065113 23.723499 -0.059992 -0.067765 0.995896 -1.446200 0.000000 0.000000 0.000000 1.000000
0.997429 0.041426 0.058475 -0.006000 -0.045226 0.996844 0.065236 23.723499 -0.055588 -0.067713 0.996155 -1.446200 0.000000 0.000000 0.000000 1.000000
0.997774 0.038209 0.054650 -0.006000 -0.041878 0.996830 0.067648 23.723499 -0.051892 -0.069786 0.996211 -1.446200 0.000000 0.000000 0.000000 1.000000
0.998299 0.029551 0.050263 -0.006000 -0.033028 0.997013 0.069813 23.723499 -0.048049 -0.071355 0.996293 -1.446200 0.000000 0.000000 0.000000 1.000000
0.998799 0.017477 0.045770 -0.006000 -0.020642 0.997361 0.069600 23.723499 -0.044433 -0.070462 0.996524 -1.446200 0.000000 0.000000 0.000000 1.000000
0.999014 0.008848 0.043499 -0.006000 -0.011705 0.997760 0.065865 23.723499 -0.042818 -0.066310 0.996880 -1.446200 0.000000 0.000000 0.000000 1.000000
0.999017 0.005705 0.043962 -0.006000 -0.008344 0.998158 0.060089 23.723499 -0.043539 -0.060396 0.997224 -1.446200 0.000000 0.000000 0.000000 1.000000
0.998985 0.004187 0.044850 -0.006000 -0.006653 0.998464 0.054996 23.723499 -0.044551 -0.055239 0.997479 -1.446200 0.000000 0.000000 0.000000 1.000000
0.999000 0.002017 0.044657 -0.006000 -0.004352 0.998624 0.052256 23.723499 -0.044490 -0.052398 0.997635 -1.446200 0.000000 0.000000 0.000000 1.000000
0.999023 -0.000698 0.044190 -0.006000 -0.001609 0.998638 0.052142 23.723499 -0.044166 -0.052162 0.997662 -1.446200 0.000000 0.000000 0.000000 1.000000
0.999009 -0.004244 0.044303 -0.006000 0.001882 0.998580 0.053237 23.723499 -0.044466 -0.053101 0.997599 -1.446200 0.000000 0.000000 0.000000 1.000000</float_array><technique_common><accessor source="#Neck-Matrix-animation-output-transform-array" count="29" stride="16"><param type="float4x4"/></accessor></technique_common></source><source id="Neck-Interpolations"><Name_array id="Neck-Interpolations-array" count="29">
 LINEAR LINEAR LINEAR LINEAR LINEAR LINEAR LINEAR LINEAR LINEAR LINEAR LINEAR
LINEAR LINEAR LINEAR LINEAR LINEAR LINEAR LINEAR LINEAR LINEAR LINEAR LINEAR LINEAR
LINEAR LINEAR LINEAR LINEAR LINEAR LINEAR</Name_array><technique_common><accessor source="#Neck-Interpolations-array" count="29"><param type="name"/></accessor></technique_common></source><sampler id="Neck-Matrix-animation-transform"><input semantic="INPUT" source="#Neck-Matrix-animation-input"/><input semantic="OUTPUT" source="#Neck-Matrix-animation-output-transform"/><input semantic="INTERPOLATION" source="#Neck-Interpolations"/></sampler><channel source="#Neck-Matrix-animation-transform" target="Neck/matrix"/></animation>
    <animation id="Head-anim" name="Head"><source id="Head-Matrix-animation-input"><float_array id="Head-Matrix-animation-input-array" count="29">

0.000000 0.033333 0.066667 0.100000 0.133333 0.166667 0.200000 0.233333 0.266667 0.300000 0.333333 0.366667 0.400000 0.433333 0.466667 0.500000
0.533333 0.566667 0.600000 0.633333 0.666667 0.700000 0.733333 0.766667 0.800000 0.833333 0.866667 0.900000 0.933333</float_array><technique_common><accessor source="#Head-Matrix-animation-input-array" count="29"><param name="TIME" type="float"/></accessor></technique_common></source><source id="Head-Matrix-animation-output-transform"><float_array id="Head-Matrix-animation-output-transform-array" count="464">

0.960133 0.094187 0.263199 0.000000 -0.133436 0.981759 0.135439 10.037100 -0.245641 -0.165160 0.955187 3.529500 0.000000 0.000000 0.000000 1.000000
0.958487 0.084429 0.272348 0.000000 -0.126635 0.981834 0.141298 10.037100 -0.255471 -0.169921 0.951767 3.529500 0.000000 0.000000 0.000000 1.000000
0.956037 0.076148 0.283187 -0.000000 -0.120666 0.982306 0.143227 10.037100 -0.267270 -0.171101 0.948310 3.529500 0.000000 0.000000 0.000000 1.000000
0.952942 0.069746 0.295021 0.000000 -0.117487 0.982087 0.147317 10.037100 -0.279461 -0.175046 0.944066 3.529500 0.000000 0.000000 0.000000 1.000000
0.950677 0.066535 0.302963 0.000000 -0.119164 0.980112 0.158684 10.037100 -0.286380 -0.186960 0.939698 3.529500 0.000000 0.000000 0.000000 1.000000
0.949442 0.068581 0.306360 -0.000000 -0.126694 0.976556 0.174031 10.037100 -0.287243 -0.204046 0.935872 3.529500 0.000000 0.000000 0.000000 1.000000
0.948671 0.075539 0.307111 0.000000 -0.139809 0.971189 0.192990 10.037100 -0.283684 -0.226021 0.931900 3.529500 0.000000 0.000000 0.000000 1.000000
0.949692 0.081443 0.302410 0.000000 -0.150459 0.965514 0.212475 10.037100 -0.274676 -0.247286 0.929194 3.529500 0.000000 0.000000 0.000000 1.000000
0.950643 0.078968 0.300071 0.000000 -0.147618 0.965722 0.213518 10.037100 -0.272924 -0.247275 0.929714 3.529500 0.000000 0.000000 0.000000 1.000000
0.946575 0.073379 0.314024 0.000000 -0.139751 0.970920 0.194380 10.037100 -0.290628 -0.227881 0.929304 3.529500 0.000000 0.000000 0.000000 1.000000
0.938183 0.076149 0.337661 -0.000000 -0.143062 0.973589 0.177929 10.037100 -0.315194 -0.215236 0.924298 3.529500 0.000000 0.000000 0.000000 1.000000
0.931871 0.085024 0.352686 0.000000 -0.152857 0.973664 0.169154 10.037100 -0.329016 -0.211540 0.920326 3.529500 0.000000 0.000000 0.000000 1.000000
0.931348 0.089990 0.352834 0.000000 -0.154530 0.975076 0.159209 10.037100 -0.329713 -0.202803 0.922041 3.529500 0.000000 0.000000 0.000000 1.000000
0.934087 0.090663 0.345343 -0.000000 -0.149905 0.977430 0.148857 10.037100 -0.324053 -0.190814 0.926596 3.529500 0.000000 0.000000 0.000000 1.000000
0.937133 0.091893 0.336655 -0.000000 -0.147858 0.978392 0.144525 10.037100 -0.316100 -0.185216 0.930471 3.529500 0.000000 0.000000 0.000000 1.000000
0.939731 0.094860 0.328491 0.000000 -0.151266 0.976951 0.150614 10.037100 -0.306633 -0.191227 0.932421 3.529500 0.000000 0.000000 0.000000 1.000000
0.942615 0.098567 0.319002 0.000000 -0.156840 0.974174 0.162438 10.037100 -0.294752 -0.203149 0.933730 3.529500 0.000000 0.000000 0.000000 1.000000
0.947756 0.101990 0.302253 0.000000 -0.158371 0.972932 0.168294 10.037100 -0.276907 -0.207370 0.938254 3.529500 0.000000 0.000000 0.000000 1.000000
0.954560 0.105333 0.278782 0.000000 -0.155488 0.974068 0.164363 10.037100 -0.254239 -0.200241 0.946185 3.529500 0.000000 0.000000 0.000000 1.000000
0.958625 0.114126 0.260795 -0.000000 -0.159502 0.974145 0.159999 10.037100 -0.235792 -0.194976 0.952043 3.529500 0.000000 0.000000 0.000000 1.000000
0.959018 0.130151 0.251685 -0.000000 -0.173878 0.971669 0.160078 10.037100 -0.223720 -0.197280 0.954479 3.529500 0.000000 0.000000 0.000000 1.000000
0.959944 0.138759 0.243419 0.000000 -0.180671 0.970569 0.159230 10.037100 -0.214160 -0.196831 0.956762 3.529500 0.000000 0.000000 0.000000 1.000000
0.963636 0.128020 0.234558 -0.000000 -0.166949 0.973804 0.154382 10.037100 -0.208649 -0.187927 0.959765 3.529500 0.000000 0.000000 0.000000 1.000000
0.966287 0.110049 0.232762 0.000000 -0.147299 0.977773 0.149209 10.037100 -0.211168 -0.178465 0.961019 3.529500 0.000000 0.000000 0.000000 1.000000
0.965839 0.098547 0.239674 0.000000 -0.136024 0.980007 0.145200 10.037100 -0.220573 -0.172841 0.959934 3.529500 0.000000 0.000000 0.000000 1.000000
0.964090 0.095495 0.247814 -0.000000 -0.133208 0.981128 0.140153 10.037100 -0.229753 -0.168131 0.958616 3.529500 0.000000 0.000000 0.000000 1.000000
0.962529 0.098940 0.252487 0.000000 -0.135952 0.981666 0.133600 10.037100 -0.234639 -0.162920 0.958333 3.529500 0.000000 0.000000 0.000000 1.000000
0.961322 0.100620 0.256388 -0.000000 -0.137634 0.981817 0.130737 10.037100 -0.238572 -0.160969 0.957691 3.529500 0.000000 0.000000 0.000000 1.000000
0.960133 0.094187 0.263199 0.000000 -0.133436 0.981759 0.135439 10.037100 -0.245641 -0.165159 0.955187 3.529500 0.000000 0.000000 0.000000 1.000000</float_array><technique_common><accessor source="#Head-Matrix-animation-output-transform-array" count="29" stride="16"><param type="float4x4"/></accessor></technique_common></source><source id="Head-Interpolations"><Name_array id="Head-Interpolations-array" count="29">
 LINEAR LINEAR LINEAR LINEAR LINEAR LINEAR LINEAR LINEAR LINEAR LINEAR LINEAR
LINEAR LINEAR LINEAR LINEAR LINEAR LINEAR LINEAR LINEAR LINEAR LINEAR LINEAR LINEAR
LINEAR LINEAR LINEAR LINEAR LINEAR LINEAR</Name_array><technique_common><accessor source="#Head-Interpolations-array" count="29"><param type="name"/></accessor></technique_common></source><sampler id="Head-Matrix-animation-transform"><input semantic="INPUT" source="#Head-Matrix-animation-input"/><input semantic="OUTPUT" source="#Head-Matrix-animation-output-transform"/><input semantic="INTERPOLATION" source="#Head-Interpolations"/></sampler><channel source="#Head-Matrix-animation-transform" target="Head/matrix"/></animation>
    <animation id="LeftShoulder-anim" name="LeftShoulder"><source id="LeftShoulder-Matrix-animation-input"><float_array id="LeftShoulder-Matrix-animation-input-array" count="29">

0.000000 0.033333 0.066667 0.100000 0.133333 0.166667 0.200000 0.233333 0.266667 0.300000 0.333333 0.366667 0.400000 0.433333 0.466667 0.500000
0.533333 0.566667 0.600000 0.633333 0.666667 0.700000 0.733333 0.766667 0.800000 0.833333 0.866667 0.900000 0.933333</float_array><technique_common><accessor source="#LeftShoulder-Matrix-animation-input-array" count="29"><param name="TIME" type="float"/></accessor></technique_common></source><source id="LeftShoulder-Matrix-animation-output-transform"><float_array id="LeftShoulder-Matrix-animation-output-transform-array" count="464">

0.998475 0.054901 -0.005864 11.304900 -0.055144 0.996895 -0.056205 19.886000 0.002760 0.056443 0.998402 -3.966000 0.000000 0.000000 0.000000 1.000000
0.999012 0.043958 0.006608 11.304900 -0.043521 0.997489 -0.055868 19.886000 -0.009047 0.055525 0.998416 -3.966000 0.000000 0.000000 0.000000 1.000000
0.999326 0.033422 0.015202 11.304900 -0.032534 0.997939 -0.055310 19.886000 -0.017020 0.054779 0.998353 -3.966000 0.000000 0.000000 0.000000 1.000000
0.999346 0.029826 0.020440 11.304900 -0.028660 0.998067 -0.055152 19.886000 -0.022045 0.054530 0.998269 -3.966000 0.000000 0.000000 0.000000 1.000000
0.999104 0.035409 0.023160 11.304900 -0.034076 0.997868 -0.055656 19.886000 -0.025082 0.054817 0.998181 -3.966000 0.000000 0.000000 0.000000 1.000000
0.998718 0.044976 0.023209 11.304900 -0.043608 0.997455 -0.056415 19.886000 -0.025687 0.055330 0.998138 -3.966000 0.000000 0.000000 0.000000 1.000000
0.998187 0.057967 0.016192 11.304900 -0.056955 0.996735 -0.057231 19.886000 -0.019457 0.056205 0.998230 -3.966000 0.000000 0.000000 0.000000 1.000000
0.997313 0.072998 0.006101 11.304900 -0.072524 0.995683 -0.057931 19.886000 -0.010304 0.057333 0.998302 -3.966000 0.000000 0.000000 0.000000 1.000000
0.996445 0.084135 0.004337 11.304900 -0.083738 0.994761 -0.058631 19.886000 -0.009248 0.058059 0.998270 -3.966000 0.000000 0.000000 0.000000 1.000000
0.995461 0.095171 -0.000667 11.304900 -0.095044 0.993712 -0.059192 19.886000 -0.004970 0.058987 0.998246 -3.966000 0.000000 0.000000 0.000000 1.000000
0.993861 0.107649 -0.025543 11.304900 -0.108984 0.992325 -0.058418 19.886000 0.019058 0.060843 0.997965 -3.966000 0.000000 0.000000 0.000000 1.000000
0.991478 0.116069 -0.059156 11.304900 -0.119406 0.991243 -0.056390 19.886000 0.052093 0.062973 0.996655 -3.966000 0.000000 0.000000 0.000000 1.000000
0.988957 0.120714 -0.085977 11.304900 -0.125652 0.990575 -0.054528 19.886000 0.078584 0.064729 0.994804 -3.966000 0.000000 0.000000 0.000000 1.000000
0.986419 0.124169 -0.107511 11.304900 -0.130391 0.990051 -0.052892 19.886000 0.099873 0.066192 0.992796 -3.966000 0.000000 0.000000 0.000000 1.000000
0.983726 0.126222 -0.127874 11.304900 -0.133642 0.989708 -0.051175 19.886000 0.120099 0.067431 0.990469 -3.966000 0.000000 0.000000 0.000000 1.000000
0.980906 0.126293 -0.147900 11.304900 -0.134869 0.989630 -0.049427 19.886000 0.140124 0.068430 0.987766 -3.966000 0.000000 0.000000 0.000000 1.000000
0.977954 0.125299 -0.167049 11.304900 -0.134965 0.989698 -0.047779 19.886000 0.159341 0.069271 0.984790 -3.966000 0.000000 0.000000 0.000000 1.000000
0.976726 0.122949 -0.175758 11.304900 -0.133092 0.989984 -0.047096 19.886000 0.168207 0.069392 0.983306 -3.966000 0.000000 0.000000 0.000000 1.000000
