<?xml version="1.0" encoding="utf-8"?>
<COLLADA xmlns="http://www.collada.org/2005/11/COLLADASchema" version="1.4.1">
  <asset><contributor><author>Mixamo</author><authoring_tool>COLLADA Mixamo exporter</authoring_tool><comments></comments></contributor><created>2018-10-30T13:45:41Z</created><modified>2018-10-30T13:45:41Z</modified><revision></revision><title></title><unit meter="0.010000"/><up_axis>Y_UP</up_axis></asset>
  <library_animations>
    <animation id="Zombie_Hips-anim" name="Zombie_Hips"><source id="Zombie_Hips-Matrix-animation-input"><float_array id="Zombie_Hips-Matrix-animation-input-array" count="61">

0.000000 0.033333 0.066667 0.100000 0.133333 0.166667 0.200000 0.233333 0.266667 0.300000 0.333333 0.366667 0.400000 0.433333 0.466667 0.500000
0.533333 0.566667 0.600000 0.633333 0.666667 0.700000 0.733333 0.766667 0.800000 0.833333 0.866667 0.900000 0.933333 0.966667 1.000000 1.033333
1.066667 1.100000 1.133333 1.166667 1.200000 1.233333 1.266667 1.300000 1.333333 1.366667 1.400000 1.433333 1.466667 1.500000 1.533333 1.566667
1.600000 1.633333 1.666667 1.700000 1.733333 1.766667 1.800000 1.833333 1.866667 1.900000 1.933333 1.966667 2.000000</float_array><technique_common><accessor source="#Zombie_Hips-Matrix-animation-input-array" count="61"><param name="TIME" type="float"/></accessor></technique_common></source><source id="Zombie_Hips-Matrix-animation-output-transform"><float_array id="Zombie_Hips-Matrix-animation-output-transform-array" count="976">

0.932253 -0.031632 -0.360421 0.507063 -0.048872 0.976031 -0.212072 87.781654 0.358490 0.215320 0.908362 -1.274805 0.000000 0.000000 0.000000 1.000000
0.931482 -0.025037 -0.362924 0.399561 -0.052888 0.977710 -0.203192 87.880386 0.359921 0.208464 0.909395 -1.332518 0.000000 0.000000 0.000000 1.000000
0.930456 -0.018749 -0.365924 0.335433 -0.056689 0.979299 -0.194321 87.969482 0.361992 0.201551 0.910131 -1.355428 0.000000 0.000000 0.000000 1.000000
0.928970 -0.013092 -0.369924 0.352201 -0.060082 0.980788 -0.185594 88.039917 0.365247 0.194637 0.910336 -1.315235 0.000000 0.000000 0.000000 1.000000
0.927549 -0.008699 -0.373599 0.503366 -0.062427 0.982074 -0.177857 88.092346 0.368449 0.188293 0.910379 -1.227257 0.000000 0.000000 0.000000 1.000000
0.926404 -0.005980 -0.376484 0.736221 -0.064073 0.982787 -0.173273 88.154861 0.371040 0.184643 0.910075 -1.217438 0.000000 0.000000 0.000000 1.000000
0.925866 -0.010045 -0.377719 0.864925 -0.062431 0.981840 -0.179143 88.154381 0.372659 0.189444 0.908425 -1.379162 0.000000 0.000000 0.000000 1.000000
0.926610 -0.014290 -0.375752 0.757255 -0.058486 0.981639 -0.181558 88.183647 0.371447 0.190210 0.908761 -1.533654 0.000000 0.000000 0.000000 1.000000
0.930955 -0.016412 -0.364764 0.330088 -0.047038 0.985275 -0.164382 88.344795 0.362091 0.170190 0.916475 -1.350084 0.000000 0.000000 0.000000 1.000000
0.939318 -0.012888 -0.342805 -0.338146 -0.027402 0.993282 -0.112426 88.767532 0.341951 0.114997 0.932655 -0.520988 0.000000 0.000000 0.000000 1.000000
0.950144 -0.003895 -0.311786 -1.156906 -0.004848 0.999617 -0.027262 89.496140 0.311772 0.027415 0.949761 0.967590 0.000000 0.000000 0.000000 1.000000
0.961117 0.004299 -0.276107 -2.091142 0.015780 0.997390 0.070461 90.313339 0.275689 -0.072078 0.958541 2.803746 0.000000 0.000000 0.000000 1.000000
0.969013 0.007049 -0.246908 -3.044903 0.032681 0.987147 0.156441 90.816643 0.244837 -0.159662 0.956328 4.490335 0.000000 0.000000 0.000000 1.000000
0.971744 0.004445 -0.235993 -3.853066 0.048228 0.974990 0.216952 90.808121 0.231056 -0.222204 0.947227 5.599589 0.000000 0.000000 0.000000 1.000000
0.970190 -0.001471 -0.242341 -4.459789 0.064000 0.966036 0.250356 90.440430 0.233742 -0.258403 0.937333 6.008109 0.000000 0.000000 0.000000 1.000000
0.967138 -0.010254 -0.254047 -4.989386 0.080079 0.960618 0.266085 89.956039 0.241313 -0.277685 0.929870 5.905034 0.000000 0.000000 0.000000 1.000000
0.965028 -0.023073 -0.261131 -5.589925 0.097767 0.955930 0.276838 89.493706 0.243235 -0.292686 0.924755 5.524846 0.000000 0.000000 0.000000 1.000000
0.964520 -0.039571 -0.261028 -6.272909 0.116255 0.951346 0.285353 89.048058 0.237036 -0.305574 0.922192 4.962781 0.000000 0.000000 0.000000 1.000000
0.964519 -0.059144 -0.257304 -6.949512 0.134294 0.948991 0.285273 88.519264 0.227307 -0.309706 0.923263 4.240157 0.000000 0.000000 0.000000 1.000000
0.963154 -0.079457 -0.256945 -7.525025 0.151754 0.949310 0.275283 87.852531 0.222047 -0.304132 0.926390 3.408197 0.000000 0.000000 0.000000 1.000000
0.958938 -0.099269 -0.265675 -7.953513 0.170165 0.950785 0.258942 87.050476 0.226895 -0.293518 0.928637 2.492998 0.000000 0.000000 0.000000 1.000000
0.951868 -0.118601 -0.282633 -8.182665 0.189491 0.952478 0.238492 86.216591 0.240917 -0.280569 0.929107 1.506287 0.000000 0.000000 0.000000 1.000000
0.943590 -0.137020 -0.301437 -8.205641 0.207088 0.954551 0.214351 85.467072 0.258366 -0.264683 0.929080 0.459119 0.000000 0.000000 0.000000 1.000000
0.936322 -0.153299 -0.315911 -8.088619 0.219982 0.957325 0.187447 84.858665 0.273694 -0.245006 0.930088 -0.637974 0.000000 0.000000 0.000000 1.000000
0.931522 -0.166780 -0.323188 -7.922161 0.227454 0.960573 0.159889 84.409935 0.283779 -0.222451 0.932730 -1.753804 0.000000 0.000000 0.000000 1.000000
0.929279 -0.177734 -0.323806 -7.763414 0.230911 0.963746 0.133692 84.130890 0.288305 -0.199008 0.936630 -2.830642 0.000000 0.000000 0.000000 1.000000
0.928911 -0.185505 -0.320487 -7.598011 0.231241 0.966570 0.110767 84.014374 0.289226 -0.177003 0.940754 -3.796270 0.000000 0.000000 0.000000 1.000000
0.929455 -0.188289 -0.317270 -7.353350 0.228075 0.969194 0.092973 84.039467 0.289990 -0.158776 0.943767 -4.597946 0.000000 0.000000 0.000000 1.000000
0.929055 -0.186270 -0.319626 -6.983176 0.221604 0.972040 0.077654 84.186943 0.296225 -0.142975 0.944356 -5.250629 0.000000 0.000000 0.000000 1.000000
0.925261 -0.183240 -0.332139 -6.550678 0.213426 0.975326 0.056470 84.433578 0.313596 -0.123136 0.941539 -5.822308 0.000000 0.000000 0.000000 1.000000
0.917799 -0.182792 -0.352465 -6.152179 0.204465 0.978556 0.024927 84.746902 0.340350 -0.094945 0.935493 -6.346729 0.000000 0.000000 0.000000 1.000000
0.910077 -0.184172 -0.371269 -5.786976 0.193711 0.980988 -0.011795 85.078461 0.366382 -0.061184 0.928451 -6.786644 0.000000 0.000000 0.000000 1.000000
0.905566 -0.184051 -0.382197 -5.391205 0.180628 0.982514 -0.045165 85.362846 0.383827 -0.028135 0.922976 -7.084271 0.000000 0.000000 0.000000 1.000000
0.904227 -0.180873 -0.386858 -4.947760 0.166688 0.983506 -0.070222 85.578697 0.393179 -0.000988 0.919461 -7.217950 0.000000 0.000000 0.000000 1.000000
0.903806 -0.175850 -0.390142 -4.487022 0.153123 0.984202 -0.088886 85.746864 0.399609 0.020596 0.916454 -7.202497 0.000000 0.000000 0.000000 1.000000
0.902982 -0.170949 -0.394207 -4.028203 0.139721 0.984410 -0.106843 85.888245 0.406326 0.041398 0.912790 -7.072739 0.000000 0.000000 0.000000 1.000000
0.902516 -0.166877 -0.397010 -3.564701 0.126223 0.983888 -0.126622 86.000771 0.411743 0.064166 0.909038 -6.862357 0.000000 0.000000 0.000000 1.000000
0.903827 -0.162841 -0.395701 -3.101076 0.113338 0.982833 -0.145583 86.085289 0.412615 0.086734 0.906767 -6.583889 0.000000 0.000000 0.000000 1.000000
0.906922 -0.157515 -0.390746 -2.652582 0.101740 0.981911 -0.159684 86.161789 0.408830 0.105067 0.906542 -6.225765 0.000000 0.000000 0.000000 1.000000
0.910348 -0.150557 -0.385486 -2.199694 0.091291 0.981588 -0.167784 86.258804 0.403649 0.117550 0.907331 -5.785546 0.000000 0.000000 0.000000 1.000000
0.913021 -0.142699 -0.382138 -1.711409 0.081221 0.981652 -0.172515 86.393684 0.399745 0.126473 0.907860 -5.294842 0.000000 0.000000 0.000000 1.000000
0.915298 -0.134665 -0.379597 -1.232926 0.070480 0.981460 -0.178237 86.540077 0.396562 0.136386 0.907820 -4.793221 0.000000 0.000000 0.000000 1.000000
0.917939 -0.126462 -0.376025 -0.851748 0.058309 0.980546 -0.187429 86.649323 0.392412 0.150122 0.907456 -4.292633 0.000000 0.000000 0.000000 1.000000
0.920662 -0.118087 -0.372070 -0.561820 0.045371 0.979058 -0.198463 86.715622 0.387714 0.165836 0.906739 -3.785781 0.000000 0.000000 0.000000 1.000000
0.922671 -0.110701 -0.369355 -0.272026 0.033846 0.977456 -0.208407 86.769424 0.384099 0.179790 0.905618 -3.278934 0.000000 0.000000 0.000000 1.000000
0.924155 -0.105489 -0.367165 0.071527 0.025005 0.975761 -0.217404 86.824516 0.381199 0.191734 0.904392 -2.790988 0.000000 0.000000 0.000000 1.000000
0.925838 -0.101950 -0.363909 0.442339 0.018120 0.973794 -0.226710 86.875931 0.377485 0.203303 0.903423 -2.334759 0.000000 0.000000 0.000000 1.000000
0.927504 -0.098810 -0.360518 0.787567 0.012092 0.971858 -0.235256 86.923233 0.373618 0.213842 0.902597 -1.924558 0.000000 0.000000 0.000000 1.000000
0.928372 -0.095842 -0.359083 1.080565 0.006567 0.970256 -0.241990 86.970825 0.371595 0.222299 0.901388 -1.575548 0.000000 0.000000 0.000000 1.000000
0.928390 -0.093192 -0.359732 1.314891 0.001281 0.968841 -0.247681 87.024094 0.371605 0.229484 0.899581 -1.289314 0.000000 0.000000 0.000000 1.000000
0.928206 -0.090350 -0.360929 1.485970 -0.004080 0.967538 -0.252692 87.084862 0.372044 0.236023 0.897706 -1.061680 0.000000 0.000000 0.000000 1.000000
0.928304 -0.086686 -0.361576 1.596908 -0.009485 0.966606 -0.256091 87.137070 0.371701 0.241160 0.896482 -0.888532 0.000000 0.000000 0.000000 1.000000
0.928565 -0.082273 -0.361937 1.655976 -0.014772 0.966160 -0.257521 87.160034 0.370876 0.244472 0.895927 -0.764535 0.000000 0.000000 0.000000 1.000000
0.928662 -0.077818 -0.362673 1.663644 -0.019720 0.966006 -0.257768 87.160355 0.370403 0.246531 0.895558 -0.689509 0.000000 0.000000 0.000000 1.000000
0.928694 -0.073440 -0.363502 1.595682 -0.024042 0.966210 -0.256632 87.176521 0.370066 0.247072 0.895548 -0.683530 0.000000 0.000000 0.000000 1.000000
0.929282 -0.068013 -0.363056 1.455665 -0.028212 0.966961 -0.253358 87.230202 0.368292 0.245683 0.896661 -0.735783 0.000000 0.000000 0.000000 1.000000
0.930458 -0.061270 -0.361239 1.256206 -0.032361 0.968324 -0.247592 87.319931 0.364966 0.242064 0.899002 -0.836760 0.000000 0.000000 0.000000 1.000000
0.931814 -0.053535 -0.358965 1.028224 -0.036513 0.970215 -0.239477 87.436363 0.361094 0.236255 0.902106 -0.966165 0.000000 0.000000 0.000000 1.000000
0.932654 -0.045755 -0.357859 0.818551 -0.040651 0.972280 -0.230257 87.558647 0.358475 0.229297 0.904941 -1.090568 0.000000 0.000000 0.000000 1.000000
0.932724 -0.038478 -0.358533 0.646819 -0.044775 0.974237 -0.221039 87.673950 0.357801 0.222222 0.906971 -1.193205 0.000000 0.000000 0.000000 1.000000
0.932253 -0.031632 -0.360421 0.507063 -0.048872 0.976031 -0.212072 87.781654 0.358490 0.215320 0.908362 -1.274805 0.000000 0.000000 0.000000 1.000000</float_array><technique_common><accessor source="#Zombie_Hips-Matrix-animation-output-transform-array" count="61" stride="16"><param type="float4x4"/></accessor></technique_common></source><source id="Zombie_Hips-Interpolations"><Name_array id="Zombie_Hips-Interpolations-array" count="61">
 LINEAR LINEAR LINEAR LINEAR LINEAR LINEAR LINEAR LINEAR LINEAR LINEAR LINEAR
LINEAR LINEAR LINEAR LINEAR LINEAR LINEAR LINEAR LINEAR LINEAR LINEAR LINEAR LINEAR
LINEAR LINEAR LINEAR LINEAR LINEAR LINEAR LINEAR LINEAR LINEAR LINEAR LINEAR LINEAR
LINEAR LINEAR LINEAR LINEAR LINEAR LINEAR LINEAR LINEAR LINEAR LINEAR LINEAR LINEAR
LINEAR LINEAR LINEAR LINEAR LINEAR LINEAR LINEAR LINEAR LINEAR LINEAR LINEAR LINEAR
LINEAR LINEAR</Name_array><technique_common><accessor source="#Zombie_Hips-Interpolations-array" count="61"><param type="name"/></accessor></technique_common></source><sampler id="Zombie_Hips-Matrix-animation-transform"><input semantic="INPUT" source="#Zombie_Hips-Matrix-animation-input"/><input semantic="OUTPUT" source="#Zombie_Hips-Matrix-animation-output-transform"/><input semantic="INTERPOLATION" source="#Zombie_Hips-Interpolations"/></sampler><channel source="#Zombie_Hips-Matrix-animation-transform" target="Zombie_Hips/matrix"/></animation>
    <animation id="Zombie_Spine-anim" name="Zombie_Spine"><source id="Zombie_Spine-Matrix-animation-input"><float_array id="Zombie_Spine-Matrix-animation-input-array" count="61">

0.000000 0.033333 0.066667 0.100000 0.133333 0.166667 0.200000 0.233333 0.266667 0.300000 0.333333 0.366667 0.400000 0.433333 0.466667 0.500000
0.533333 0.566667 0.600000 0.633333 0.666667 0.700000 0.733333 0.766667 0.800000 0.833333 0.866667 0.900000 0.933333 0.966667 1.000000 1.033333
1.066667 1.100000 1.133333 1.166667 1.200000 1.233333 1.266667 1.300000 1.333333 1.366667 1.400000 1.433333 1.466667 1.500000 1.533333 1.566667
1.600000 1.633333 1.666667 1.700000 1.733333 1.766667 1.800000 1.833333 1.866667 1.900000 1.933333 1.966667 2.000000</float_array><technique_common><accessor source="#Zombie_Spine-Matrix-animation-input-array" count="61"><param name="TIME" type="float"/></accessor></technique_common></source><source id="Zombie_Spine-Matrix-animation-output-transform"><float_array id="Zombie_Spine-Matrix-animation-output-transform-array" count="976">

0.999551 0.027549 0.011772 -0.000000 -0.025012 0.983669 -0.178242 9.226300 -0.016490 0.177867 0.983916 1.577100 0.000000 0.000000 0.000000 1.000000
0.999552 0.027783 0.011111 0.000000 -0.025345 0.983489 -0.179182 9.226300 -0.015905 0.178820 0.983753 1.577100 0.000000 0.000000 0.000000 1.000000
0.999591 0.026839 0.009866 0.000000 -0.024645 0.983581 -0.178776 9.226300 -0.014503 0.178460 0.983840 1.577100 0.000000 0.000000 0.000000 1.000000
0.999665 0.024746 0.007624 0.000000 -0.022999 0.983820 -0.177677 9.226300 -0.011897 0.177443 0.984059 1.577100 0.000000 0.000000 0.000000 1.000000
0.999748 0.022083 0.003973 -0.000000 -0.021032 0.983993 -0.176962 9.226300 -0.007818 0.176833 0.984210 1.577100 0.000000 0.000000 0.000000 1.000000
0.999790 0.020455 -0.001155 0.000000 -0.020334 0.983838 -0.177903 9.226300 -0.002502 0.177889 0.984047 1.577100 0.000000 0.000000 0.000000 1.000000
0.999748 0.021228 -0.007333 -0.000000 -0.022203 0.983348 -0.180372 9.226300 0.003382 0.180490 0.983571 1.577100 0.000000 0.000000 0.000000 1.000000
0.999620 0.023965 -0.013624 0.000000 -0.026042 0.983051 -0.181472 9.226300 0.009044 0.181758 0.983302 1.577100 0.000000 0.000000 0.000000 1.000000
0.999501 0.025583 -0.018515 0.000000 -0.028453 0.983892 -0.176486 9.226300 0.013702 0.176925 0.984129 1.577100 0.000000 0.000000 0.000000 1.000000
0.999580 0.021261 -0.019683 0.000000 -0.024169 0.986535 -0.161752 9.226300 0.015979 0.162160 0.986635 1.577100 0.000000 0.000000 0.000000 1.000000
0.999850 0.007943 -0.015364 -0.000000 -0.009978 0.990486 -0.137250 9.226300 0.014128 0.137383 0.990417 1.577100 0.000000 0.000000 0.000000 1.000000
0.999904 -0.012597 -0.005788 -0.000000 0.011909 0.994234 -0.106567 9.226300 0.007097 0.106488 0.994289 1.577100 0.000000 0.000000 0.000000 1.000000
0.999342 -0.035470 0.007586 0.000000 0.035937 0.996574 -0.074485 9.226300 -0.004918 0.074709 0.997193 1.577100 0.000000 0.000000 0.000000 1.000000
0.998152 -0.056367 0.022718 -0.000000 0.057343 0.997346 -0.044864 9.226300 -0.020129 0.046084 0.998735 1.577100 0.000000 0.000000 0.000000 1.000000
0.996664 -0.072643 0.037206 0.000000 0.073439 0.997089 -0.020493 9.226300 -0.035609 0.023157 0.999097 1.577100 0.000000 0.000000 0.000000 1.000000
0.995317 -0.083703 0.048358 -0.000000 0.083963 0.996463 -0.003364 9.226300 -0.047906 0.007409 0.998824 1.577100 0.000000 0.000000 0.000000 1.000000
0.994450 -0.090517 0.053624 0.000000 0.090315 0.995894 0.006185 9.226300 -0.053963 -0.001307 0.998542 1.577100 0.000000 0.000000 0.000000 1.000000
0.994145 -0.094705 0.052030 0.000000 0.094310 0.995493 0.010001 9.226300 -0.052743 -0.005036 0.998595 1.577100 0.000000 0.000000 0.000000 1.000000
0.994174 -0.097758 0.045411 -0.000000 0.097361 0.995190 0.010881 9.226300 -0.046257 -0.006396 0.998909 1.577100 0.000000 0.000000 0.000000 1.000000
0.994207 -0.100640 0.037738 -0.000000 0.100309 0.994900 0.010571 9.226300 -0.038610 -0.006724 0.999232 1.577100 0.000000 0.000000 0.000000 1.000000
0.994053 -0.103869 0.032698 -0.000000 0.103627 0.994575 0.009020 9.226300 -0.033458 -0.005578 0.999425 1.577100 0.000000 0.000000 0.000000 1.000000
0.993681 -0.107734 0.031494 -0.000000 0.107620 0.994178 0.005300 9.226300 -0.031882 -0.001877 0.999490 1.577100 0.000000 0.000000 0.000000 1.000000
0.993129 -0.112417 0.032523 0.000000 0.112511 0.993650 -0.001075 9.226300 -0.032195 0.004726 0.999470 1.577100 0.000000 0.000000 0.000000 1.000000
0.992478 -0.117903 0.032953 -0.000000 0.118280 0.992932 -0.009750 9.226300 -0.031570 0.013574 0.999409 1.577100 0.000000 0.000000 0.000000 1.000000
0.991815 -0.123919 0.030781 -0.000000 0.124568 0.992007 -0.020129 9.226300 -0.028040 0.023798 0.999323 1.577100 0.000000 0.000000 0.000000 1.000000
0.991167 -0.130041 0.026033 -0.000000 0.130846 0.990884 -0.032064 9.226300 -0.021626 0.035187 0.999147 1.577100 0.000000 0.000000 0.000000 1.000000
0.990519 -0.135814 0.020662 0.000000 0.136639 0.989561 -0.045808 9.226300 -0.014225 0.048197 0.998737 1.577100 0.000000 0.000000 0.000000 1.000000
0.989886 -0.140786 0.017447 -0.000000 0.141600 0.988030 -0.061211 9.226300 -0.008621 0.063062 0.997972 1.577100 0.000000 0.000000 0.000000 1.000000
0.989331 -0.144500 0.018519 0.000000 0.145507 0.986356 -0.077005 9.226300 -0.007139 0.078878 0.996859 1.577100 0.000000 0.000000 0.000000 1.000000
0.988907 -0.146569 0.024080 -0.000000 0.148172 0.984757 -0.091098 9.226300 -0.010361 0.093656 0.995551 1.577100 0.000000 0.000000 0.000000 1.000000
0.988633 -0.146891 0.032047 -0.000000 0.149432 0.983514 -0.101836 9.226300 -0.016559 0.105468 0.994285 1.577100 0.000000 0.000000 0.000000 1.000000
0.988539 -0.145790 0.039198 0.000000 0.149267 0.982749 -0.109200 9.226300 -0.022602 0.113799 0.993247 1.577100 0.000000 0.000000 0.000000 1.000000
0.988663 -0.143798 0.043204 0.000000 0.147890 0.982326 -0.114737 9.226300 -0.025941 0.119826 0.992456 1.577100 0.000000 0.000000 0.000000 1.000000
0.989016 -0.141167 0.043801 -0.000000 0.145493 0.982030 -0.120199 9.226300 -0.026046 0.125252 0.991783 1.577100 0.000000 0.000000 0.000000 1.000000
0.989570 -0.137696 0.042310 0.000000 0.142009 0.981788 -0.126199 9.226300 -0.024162 0.130891 0.991102 1.577100 0.000000 0.000000 0.000000 1.000000
0.990298 -0.133017 0.040204 0.000000 0.137224 0.981689 -0.132125 9.226300 -0.021893 0.136361 0.990417 1.577100 0.000000 0.000000 0.000000 1.000000
0.991175 -0.126960 0.038129 0.000000 0.131042 0.981838 -0.137196 9.226300 -0.020018 0.140981 0.989810 1.577100 0.000000 0.000000 0.000000 1.000000
0.992149 -0.119757 0.036046 0.000000 0.123693 0.982193 -0.141410 9.226300 -0.018469 0.144759 0.989295 1.577100 0.000000 0.000000 0.000000 1.000000
0.993128 -0.112004 0.033938 0.000000 0.115784 0.982560 -0.145496 9.226300 -0.017050 0.148425 0.988777 1.577100 0.000000 0.000000 0.000000 1.000000
0.994019 -0.104369 0.032144 -0.000000 0.108039 0.982756 -0.150060 9.226300 -0.015928 0.152635 0.988154 1.577100 0.000000 0.000000 0.000000 1.000000
0.994782 -0.097172 0.031098 0.000000 0.100842 0.982764 -0.154936 9.226300 -0.015507 0.157264 0.987435 1.577100 0.000000 0.000000 0.000000 1.000000
0.995454 -0.090087 0.030903 -0.000000 0.093884 0.982746 -0.159361 9.226300 -0.016013 0.161537 0.986737 1.577100 0.000000 0.000000 0.000000 1.000000
0.996118 -0.082321 0.031175 0.000000 0.086320 0.982890 -0.162712 9.226300 -0.017247 0.164772 0.986181 1.577100 0.000000 0.000000 0.000000 1.000000
0.996824 -0.073230 0.031297 0.000000 0.077413 0.983253 -0.164988 9.226300 -0.018691 0.166887 0.985799 1.577100 0.000000 0.000000 0.000000 1.000000
0.997545 -0.062885 0.030826 -0.000000 0.067163 0.983735 -0.166597 9.226300 -0.019848 0.168258 0.985543 1.577100 0.000000 0.000000 0.000000 1.000000
0.998201 -0.052049 0.029750 0.000000 0.056322 0.984200 -0.167864 9.226300 -0.020543 0.169237 0.985361 1.577100 0.000000 0.000000 0.000000 1.000000
0.998730 -0.041627 0.028393 0.000000 0.045837 0.984578 -0.168835 9.226300 -0.020927 0.169922 0.985235 1.577100 0.000000 0.000000 0.000000 1.000000
0.999117 -0.032120 0.027070 0.000000 0.036254 0.984864 -0.169498 9.226300 -0.021216 0.170329 0.985159 1.577100 0.000000 0.000000 0.000000 1.000000
0.999391 -0.023461 0.025811 0.000000 0.027515 0.985064 -0.169979 9.226300 -0.021438 0.170585 0.985110 1.577100 0.000000 0.000000 0.000000 1.000000
0.999585 -0.015235 0.024433 0.000000 0.019182 0.985177 -0.170464 9.226300 -0.021474 0.170862 0.985061 1.577100 0.000000 0.000000 0.000000 1.000000
0.999713 -0.007025 0.022887 0.000000 0.010839 0.985205 -0.171035 9.226300 -0.021347 0.171234 0.984999 1.577100 0.000000 0.000000 0.000000 1.000000
0.999769 0.001294 0.021456 0.000000 0.002409 0.985151 -0.171676 9.226300 -0.021359 0.171688 0.984920 1.577100 0.000000 0.000000 0.000000 1.000000
0.999745 0.009430 0.020503 0.000000 -0.005756 0.985013 -0.172382 9.226300 -0.021821 0.172220 0.984817 1.577100 0.000000 0.000000 0.000000 1.000000
0.999659 0.016762 0.020046 0.000000 -0.013041 0.984808 -0.173158 9.226300 -0.022644 0.172838 0.984690 1.577100 0.000000 0.000000 0.000000 1.000000
0.999552 0.022566 0.019676 0.000000 -0.018804 0.984573 -0.173963 9.226300 -0.023298 0.173515 0.984556 1.577100 0.000000 0.000000 0.000000 1.000000
0.999473 0.026403 0.018863 0.000000 -0.022706 0.984356 -0.174721 9.226300 -0.023181 0.174201 0.984437 1.577100 0.000000 0.000000 0.000000 1.000000
0.999448 0.028310 0.017407 -0.000000 -0.024823 0.984184 -0.175400 9.226300 -0.022098 0.174871 0.984343 1.577100 0.000000 0.000000 0.000000 1.000000
0.999465 0.028759 0.015569 0.000000 -0.025574 0.984052 -0.176033 9.226300 -0.020384 0.175541 0.984261 1.577100 0.000000 0.000000 0.000000 1.000000
0.999500 0.028430 0.013822 0.000000 -0.025544 0.983934 -0.176693 9.226300 -0.018624 0.176252 0.984169 1.577100 0.000000 0.000000 0.000000 1.000000
0.999533 0.027901 0.012493 -0.000000 -0.025244 0.983811 -0.177424 9.226300 -0.017241 0.177026 0.984055 1.577100 0.000000 0.000000 0.000000 1.000000
0.999551 0.027549 0.011772 -0.000000 -0.025012 0.983669 -0.178242 9.226300 -0.016490 0.177867 0.983916 1.577100 0.000000 0.000000 0.000000 1.000000</float_array><technique_common><accessor source="#Zombie_Spine-Matrix-animation-output-transform-array" count="61" stride="16"><param type="float4x4"/></accessor></technique_common></source><source id="Zombie_Spine-Interpolations"><Name_array id="Zombie_Spine-Interpolations-array" count="61">
 LINEAR LINEAR LINEAR LINEAR LINEAR LINEAR LINEAR LINEAR LINEAR LINEAR LINEAR
LINEAR LINEAR LINEAR LINEAR LINEAR LINEAR LINEAR LINEAR LINEAR LINEAR LINEAR LINEAR
LINEAR LINEAR LINEAR LINEAR LINEAR LINEAR LINEAR LINEAR LINEAR LINEAR LINEAR LINEAR
LINEAR LINEAR LINEAR LINEAR LINEAR LINEAR LINEAR LINEAR LINEAR LINEAR LINEAR LINEAR
LINEAR LINEAR LINEAR LINEAR LINEAR LINEAR LINEAR LINEAR LINEAR LINEAR LINEAR LINEAR
LINEAR LINEAR</Name_array><technique_common><accessor source="#Zombie_Spine-Interpolations-array" count="61"><param type="name"/></accessor></technique_common></source><sampler id="Zombie_Spine-Matrix-animation-transform"><input semantic="INPUT" source="#Zombie_Spine-Matrix-animation-input"/><input semantic="OUTPUT" source="#Zombie_Spine-Matrix-animation-output-transform"/><input semantic="INTERPOLATION" source="#Zombie_Spine-Interpolations"/></sampler><channel source="#Zombie_Spine-Matrix-animation-transform" target="Zombie_Spine/matrix"/></animation>
    <animation id="Zombie_Spine1-anim" name="Zombie_Spine1"><source id="Zombie_Spine1-Matrix-animation-input"><float_array id="Zombie_Spine1-Matrix-animation-input-array" count="61">

0.000000 0.033333 0.066667 0.100000 0.133333 0.166667 0.200000 0.233333 0.266667 0.300000 0.333333 0.366667 0.400000 0.433333 0.466667 0.500000
0.533333 0.566667 0.600000 0.633333 0.666667 0.700000 0.733333 0.766667 0.800000 0.833333 0.866667 0.900000 0.933333 0.966667 1.000000 1.033333
1.066667 1.100000 1.133333 1.166667 1.200000 1.233333 1.266667 1.300000 1.333333 1.366667 1.400000 1.433333 1.466667 1.500000 1.533333 1.566667
1.600000 1.633333 1.666667 1.700000 1.733333 1.766667 1.800000 1.833333 1.866667 1.900000 1.933333 1.966667 2.000000</float_array><technique_common><accessor source="#Zombie_Spine1-Matrix-animation-input-array" count="61"><param name="TIME" type="float"/></accessor></technique_common></source><source id="Zombie_Spine1-Matrix-animation-output-transform"><float_array id="Zombie_Spine1-Matrix-animation-output-transform-array" count="976">

0.999633 0.026236 0.006727 0.000000 -0.025150 0.991319 -0.129054 16.254000 -0.010054 0.128838 0.991615 -0.165600 0.000000 0.000000 0.000000 1.000000
0.999640 0.026042 0.006421 0.000000 -0.024997 0.991327 -0.129021 16.254000 -0.009725 0.128814 0.991621 -0.165600 0.000000 0.000000 0.000000 1.000000
0.999671 0.025023 0.005675 0.000000 -0.024090 0.991456 -0.128200 16.254000 -0.008835 0.128021 0.991732 -0.165600 0.000000 0.000000 0.000000 1.000000
0.999721 0.023249 0.004145 0.000000 -0.022533 0.991620 -0.127208 16.254000 -0.007067 0.127079 0.991867 -0.165600 0.000000 0.000000 0.000000 1.000000
0.999774 0.021186 0.001464 0.000000 -0.020829 0.991706 -0.126831 16.254000 -0.004139 0.126772 0.991923 -0.165600 0.000000 0.000000 0.000000 1.000000
0.999797 0.019976 -0.002486 0.000000 -0.020130 0.991617 -0.127637 16.254000 -0.000084 0.127661 0.991818 -0.165600 0.000000 0.000000 0.000000 1.000000
0.999759 0.020624 -0.007462 0.000000 -0.021415 0.991424 -0.128919 16.254000 0.004739 0.129048 0.991627 -0.165600 0.000000 0.000000 0.000000 1.000000
0.999658 0.022858 -0.012701 0.000000 -0.024299 0.991450 -0.128205 16.254000 0.009662 0.128470 0.991666 -0.165600 0.000000 0.000000 0.000000 1.000000
0.999559 0.024556 -0.016724 0.000000 -0.026424 0.992109 -0.122560 16.254000 0.013583 0.122948 0.992320 -0.165600 0.000000 0.000000 0.000000 1.000000
0.999586 0.022828 -0.017511 0.000000 -0.024629 0.993553 -0.110661 16.254000 0.014872 0.111047 0.993704 -0.165600 0.000000 0.000000 0.000000 1.000000
0.999784 0.015904 -0.013403 0.000000 -0.017092 0.995446 -0.093781 16.254000 0.011850 0.093990 0.995503 -0.165600 0.000000 0.000000 0.000000 1.000000
0.999982 0.004345 -0.004171 -0.000000 -0.004644 0.997205 -0.074574 16.254000 0.003835 0.074592 0.997207 -0.165600 0.000000 0.000000 0.000000 1.000000
0.999917 -0.009393 0.008781 0.000000 0.009862 0.998437 -0.055016 16.254000 -0.008251 0.055098 0.998447 -0.165600 0.000000 0.000000 0.000000 1.000000
0.999478 -0.022503 0.023162 0.000000 0.023330 0.999078 -0.036041 16.254000 -0.022330 0.036563 0.999082 -0.165600 0.000000 0.000000 0.000000 1.000000
0.998781 -0.033244 0.036501 -0.000000 0.033953 0.999243 -0.018976 16.254000 -0.035843 0.020192 0.999153 -0.165600 0.000000 0.000000 0.000000 1.000000
0.998074 -0.041175 0.046392 0.000000 0.041497 0.999121 -0.006012 16.254000 -0.046104 0.007925 0.998905 -0.165600 0.000000 0.000000 0.000000 1.000000
0.997611 -0.046681 0.050915 0.000000 0.046668 0.998909 0.001438 16.254000 -0.050927 0.000941 0.998702 -0.165600 0.000000 0.000000 0.000000 1.000000
0.997499 -0.050347 0.049603 0.000000 0.050205 0.998730 0.004116 16.254000 -0.049747 -0.001616 0.998761 -0.165600 0.000000 0.000000 0.000000 1.000000
0.997632 -0.052731 0.044148 0.000000 0.052598 0.998607 0.004151 16.254000 -0.044305 -0.001819 0.999016 -0.165600 0.000000 0.000000 0.000000 1.000000
0.997803 -0.054433 0.037768 -0.000000 0.054352 0.998517 0.003151 16.254000 -0.037883 -0.001092 0.999282 -0.165600 0.000000 0.000000 0.000000 1.000000
0.997866 -0.056152 0.033335 0.000000 0.056140 0.998422 0.001279 16.254000 -0.033354 0.000595 0.999443 -0.165600 0.000000 0.000000 0.000000 1.000000
0.997783 -0.058518 0.031702 0.000000 0.058614 0.998278 -0.002122 16.254000 -0.031523 0.003976 0.999495 -0.165600 0.000000 0.000000 0.000000 1.000000
0.997589 -0.061817 0.031536 0.000000 0.062081 0.998043 -0.007430 16.254000 -0.031015 0.009370 0.999475 -0.165600 0.000000 0.000000 0.000000 1.000000
0.997359 -0.065856 0.030620 0.000000 0.066320 0.997695 -0.014383 16.254000 -0.029602 0.016376 0.999428 -0.165600 0.000000 0.000000 0.000000 1.000000
0.997159 -0.070126 0.027490 -0.000000 0.070753 0.997239 -0.022544 16.254000 -0.025833 0.024425 0.999368 -0.165600 0.000000 0.000000 0.000000 1.000000
0.996994 -0.074195 0.022317 0.000000 0.074885 0.996683 -0.031850 16.254000 -0.019879 0.033425 0.999244 -0.165600 0.000000 0.000000 0.000000 1.000000
0.996814 -0.077981 0.016759 0.000000 0.078632 0.995995 -0.042549 16.254000 -0.013374 0.043731 0.998954 -0.165600 0.000000 0.000000 0.000000 1.000000
0.996577 -0.081636 0.013042 -0.000000 0.082230 0.995120 -0.054530 16.254000 -0.008527 0.055416 0.998427 -0.165600 0.000000 0.000000 0.000000 1.000000
0.996285 -0.085170 0.012758 -0.000000 0.085836 0.994071 -0.066741 16.254000 -0.006998 0.067588 0.997689 -0.165600 0.000000 0.000000 0.000000 1.000000
0.995973 -0.088232 0.015914 0.000000 0.089206 0.992997 -0.077454 16.254000 -0.008968 0.078561 0.996869 -0.165600 0.000000 0.000000 0.000000 1.000000
0.995695 -0.090313 0.020836 0.000000 0.091774 0.992116 -0.085342 16.254000 -0.012965 0.086887 0.996134 -0.165600 0.000000 0.000000 0.000000 1.000000
0.995524 -0.091104 0.025139 0.000000 0.093025 0.991545 -0.090471 16.254000 -0.016684 0.092404 0.995582 -0.165600 0.000000 0.000000 0.000000 1.000000
0.995515 -0.090620 0.027159 0.000000 0.092799 0.991220 -0.094193 16.254000 -0.018385 0.096291 0.995183 -0.165600 0.000000 0.000000 0.000000 1.000000
0.995671 -0.089009 0.026758 0.000000 0.091224 0.991002 -0.097944 16.254000 -0.017800 0.099961 0.994832 -0.165600 0.000000 0.000000 0.000000 1.000000
0.995952 -0.086362 0.024926 0.000000 0.088474 0.990828 -0.102142 16.254000 -0.015876 0.103934 0.994458 -0.165600 0.000000 0.000000 0.000000 1.000000
0.996311 -0.082746 0.022745 -0.000000 0.084706 0.990732 -0.106186 16.254000 -0.013748 0.107721 0.994086 -0.165600 0.000000 0.000000 0.000000 1.000000
0.996714 -0.078311 0.020723 0.000000 0.080119 0.990762 -0.109418 16.254000 -0.011963 0.110718 0.993780 -0.165600 0.000000 0.000000 0.000000 1.000000
0.997129 -0.073327 0.018891 0.000000 0.074988 0.990882 -0.111935 16.254000 -0.010511 0.113030 0.993536 -0.165600 0.000000 0.000000 0.000000 1.000000
0.997529 -0.068103 0.017241 0.000000 0.069635 0.990982 -0.114481 16.254000 -0.009289 0.115399 0.993276 -0.165600 0.000000 0.000000 0.000000 1.000000
0.997892 -0.062906 0.015953 0.000000 0.064350 0.990969 -0.117643 16.254000 -0.008408 0.118422 0.992928 -0.165600 0.000000 0.000000 0.000000 1.000000
0.998208 -0.057860 0.015268 -0.000000 0.059287 0.990852 -0.121233 16.254000 -0.008114 0.121921 0.992507 -0.165600 0.000000 0.000000 0.000000 1.000000
0.998486 -0.052851 0.015264 0.000000 0.054344 0.990735 -0.124463 16.254000 -0.008545 0.125104 0.992107 -0.165600 0.000000 0.000000 0.000000 1.000000
0.998745 -0.047549 0.015739 0.000000 0.049163 0.990727 -0.126660 16.254000 -0.009570 0.127274 0.991821 -0.165600 0.000000 0.000000 0.000000 1.000000
0.999000 -0.041631 0.016296 0.000000 0.043376 0.990857 -0.127756 16.254000 -0.010829 0.128335 0.991672 -0.165600 0.000000 0.000000 0.000000 1.000000
0.999247 -0.035081 0.016570 0.000000 0.036919 0.991067 -0.128156 16.254000 -0.011926 0.128672 0.991616 -0.165600 0.000000 0.000000 0.000000 1.000000
0.999466 -0.028232 0.016430 0.000000 0.030109 0.991282 -0.128269 16.254000 -0.012665 0.128695 0.991603 -0.165600 0.000000 0.000000 0.000000 1.000000
0.999640 -0.021523 0.016002 -0.000000 0.023400 0.991464 -0.128264 16.254000 -0.013105 0.128592 0.991611 -0.165600 0.000000 0.000000 0.000000 1.000000
0.999765 -0.015212 0.015475 0.000000 0.017072 0.991604 -0.128182 16.254000 -0.013395 0.128416 0.991630 -0.165600 0.000000 0.000000 0.000000 1.000000
0.999846 -0.009303 0.014896 0.000000 0.011136 0.991699 -0.128099 16.254000 -0.013581 0.128245 0.991649 -0.165600 0.000000 0.000000 0.000000 1.000000
0.999892 -0.003664 0.014218 -0.000000 0.005456 0.991743 -0.128123 16.254000 -0.013631 0.128187 0.991656 -0.165600 0.000000 0.000000 0.000000 1.000000
0.999907 0.001834 0.013498 0.000000 -0.000087 0.991734 -0.128307 16.254000 -0.013621 0.128294 0.991643 -0.165600 0.000000 0.000000 0.000000 1.000000
0.999890 0.007224 0.012972 -0.000000 -0.005496 0.991676 -0.128641 16.254000 -0.013794 0.128556 0.991606 -0.165600 0.000000 0.000000 0.000000 1.000000
0.999840 0.012415 0.012842 0.000000 -0.010654 0.991578 -0.129074 16.254000 -0.014336 0.128917 0.991552 -0.165600 0.000000 0.000000 0.000000 1.000000
0.999768 0.017179 0.012990 0.000000 -0.015353 0.991459 -0.129512 16.254000 -0.015104 0.129283 0.991493 -0.165600 0.000000 0.000000 0.000000 1.000000
0.999691 0.021208 0.012984 -0.000000 -0.019345 0.991349 -0.129822 16.254000 -0.015625 0.129531 0.991452 -0.165600 0.000000 0.000000 0.000000 1.000000
0.999630 0.024233 0.012393 0.000000 -0.022420 0.991273 -0.129905 16.254000 -0.015433 0.129579 0.991449 -0.165600 0.000000 0.000000 0.000000 1.000000
0.999597 0.026129 0.011140 -0.000000 -0.024464 0.991243 -0.129761 16.254000 -0.014433 0.129436 0.991483 -0.165600 0.000000 0.000000 0.000000 1.000000
0.999590 0.026981 0.009557 0.000000 -0.025518 0.991252 -0.129493 16.254000 -0.012967 0.129196 0.991534 -0.165600 0.000000 0.000000 0.000000 1.000000
0.999601 0.027063 0.008120 0.000000 -0.025788 0.991278 -0.129238 16.254000 -0.011547 0.128977 0.991580 -0.165600 0.000000 0.000000 0.000000 1.000000
0.999618 0.026722 0.007126 0.000000 -0.025579 0.991304 -0.129079 16.254000 -0.010513 0.128847 0.991609 -0.165600 0.000000 0.000000 0.000000 1.000000
0.999633 0.026236 0.006727 0.000000 -0.025150 0.991319 -0.129054 16.254000 -0.010054 0.128838 0.991615 -0.165600 0.000000 0.000000 0.000000 1.000000</float_array><technique_common><accessor source="#Zombie_Spine1-Matrix-animation-output-transform-array" count="61" stride="16"><param type="float4x4"/></accessor></technique_common></source><source id="Zombie_Spine1-Interpolations"><Name_array id="Zombie_Spine1-Interpolations-array" count="61">
 LINEAR LINEAR LINEAR LINEAR LINEAR LINEAR LINEAR LINEAR LINEAR LINEAR LINEAR
LINEAR LINEAR LINEAR LINEAR LINEAR LINEAR LINEAR LINEAR LINEAR LINEAR LINEAR LINEAR
LINEAR LINEAR LINEAR LINEAR LINEAR LINEAR LINEAR LINEAR LINEAR LINEAR LINEAR LINEAR
LINEAR LINEAR LINEAR LINEAR LINEAR LINEAR LINEAR LINEAR LINEAR LINEAR LINEAR LINEAR
LINEAR LINEAR LINEAR LINEAR LINEAR LINEAR LINEAR LINEAR LINEAR LINEAR LINEAR LINEAR
LINEAR LINEAR</Name_array><technique_common><accessor source="#Zombie_Spine1-Interpolations-array" count="61"><param type="name"/></accessor></technique_common></source><sampler id="Zombie_Spine1-Matrix-animation-transform"><input semantic="INPUT" source="#Zombie_Spine1-Matrix-animation-input"/><input semantic="OUTPUT" source="#Zombie_Spine1-Matrix-animation-output-transform"/><input semantic="INTERPOLATION" source="#Zombie_Spine1-Interpolations"/></sampler><channel source="#Zombie_Spine1-Matrix-animation-transform" target="Zombie_Spine1/matrix"/></animation>
    <animation id="Zombie_Spine2-anim" name="Zombie_Spine2"><source id="Zombie_Spine2-Matrix-animation-input"><float_array id="Zombie_Spine2-Matrix-animation-input-array" count="61">

0.000000 0.033333 0.066667 0.100000 0.133333 0.166667 0.200000 0.233333 0.266667 0.300000 0.333333 0.366667 0.400000 0.433333 0.466667 0.500000
0.533333 0.566667 0.600000 0.633333 0.666667 0.700000 0.733333 0.766667 0.800000 0.833333 0.866667 0.900000 0.933333 0.966667 1.000000 1.033333
1.066667 1.100000 1.133333 1.166667 1.200000 1.233333 1.266667 1.300000 1.333333 1.366667 1.400000 1.433333 1.466667 1.500000 1.533333 1.566667
1.600000 1.633333 1.666667 1.700000 1.733333 1.766667 1.800000 1.833333 1.866667 1.900000 1.933333 1.966667 2.000000</float_array><technique_common><accessor source="#Zombie_Spine2-Matrix-animation-input-array" count="61"><param name="TIME" type="float"/></accessor></technique_common></source><source id="Zombie_Spine2-Matrix-animation-output-transform"><float_array id="Zombie_Spine2-Matrix-animation-output-transform-array" count="976">

0.999606 0.026789 0.008358 0.000000 -0.025490 0.991333 -0.128875 13.639600 -0.011738 0.128611 0.991626 -1.292300 0.000000 0.000000 0.000000 1.000000
0.999615 0.026586 0.007977 0.000000 -0.025338 0.991341 -0.128848 13.639600 -0.011333 0.128596 0.991632 -1.292300 0.000000 0.000000 0.000000 1.000000
0.999647 0.025553 0.007234 0.000000 -0.024418 0.991468 -0.128045 13.639600 -0.010445 0.127823 0.991742 -1.292300 0.000000 0.000000 0.000000 1.000000
0.999702 0.023740 0.005749 -0.000000 -0.022817 0.991629 -0.127086 13.639600 -0.008718 0.126916 0.991875 -1.292300 0.000000 0.000000 0.000000 1.000000
0.999762 0.021585 0.003086 0.000000 -0.021020 0.991710 -0.126762 13.639600 -0.005796 0.126667 0.991928 -1.292300 0.000000 0.000000 0.000000 1.000000
0.999795 0.020204 -0.000992 0.000000 -0.020165 0.991617 -0.127633 13.639600 -0.001594 0.127626 0.991821 -1.292300 0.000000 0.000000 0.000000 1.000000
0.999768 0.020596 -0.006310 -0.000000 -0.021238 0.991419 -0.128982 13.639600 0.003599 0.129086 0.991627 -1.292300 0.000000 0.000000 0.000000 1.000000
0.999673 0.022538 -0.012039 0.000000 -0.023898 0.991444 -0.128326 13.639600 0.009044 0.128571 0.991659 -1.292300 0.000000 0.000000 0.000000 1.000000
0.999576 0.024013 -0.016484 0.000000 -0.025857 0.992104 -0.122726 13.639600 0.013407 0.123100 0.992304 -1.292300 0.000000 0.000000 0.000000 1.000000
0.999601 0.022242 -0.017398 0.000000 -0.024037 0.993547 -0.110844 13.639600 0.014820 0.111218 0.993686 -1.292300 0.000000 0.000000 0.000000 1.000000
0.999795 0.015485 -0.013068 -0.000000 -0.016645 0.995440 -0.093926 13.639600 0.011554 0.094124 0.995493 -1.292300 0.000000 0.000000 0.000000 1.000000
0.999985 0.004202 -0.003454 -0.000000 -0.004449 0.997204 -0.074601 13.639600 0.003131 0.074615 0.997207 -1.292300 0.000000 0.000000 0.000000 1.000000
0.999909 -0.009314 0.009743 -0.000000 0.009835 0.998446 -0.054845 13.639600 -0.009217 0.054936 0.998447 -1.292300 0.000000 0.000000 0.000000 1.000000
0.999461 -0.022362 0.024052 0.000000 0.023212 0.999096 -0.035626 13.639600 -0.023234 0.036165 0.999076 -1.292300 0.000000 0.000000 0.000000 1.000000
0.998762 -0.033182 0.037055 -0.000000 0.033878 0.999258 -0.018324 13.639600 -0.036420 0.019557 0.999145 -1.292300 0.000000 0.000000 0.000000 1.000000
0.998064 -0.041253 0.046541 -0.000000 0.041538 0.999123 -0.005183 13.639600 -0.046286 0.007106 0.998903 -1.292300 0.000000 0.000000 0.000000 1.000000
0.997610 -0.046886 0.050754 0.000000 0.046828 0.998900 0.002343 13.639600 -0.050808 0.000039 0.998708 -1.292300 0.000000 0.000000 0.000000 1.000000
0.997501 -0.050632 0.049269 0.000000 0.050447 0.998714 0.004987 13.639600 -0.049458 -0.002489 0.998773 -1.292300 0.000000 0.000000 0.000000 1.000000
0.997634 -0.053050 0.043732 -0.000000 0.052886 0.998589 0.004901 13.639600 -0.043930 -0.002576 0.999031 -1.292300 0.000000 0.000000 0.000000 1.000000
0.997802 -0.054760 0.037304 -0.000000 0.054658 0.998498 0.003756 13.639600 -0.037453 -0.001709 0.999297 -1.292300 0.000000 0.000000 0.000000 1.000000
0.997863 -0.056482 0.032844 -0.000000 0.056454 0.998404 0.001777 13.639600 -0.032892 0.000081 0.999459 -1.292300 0.000000 0.000000 0.000000 1.000000
0.997778 -0.058854 0.031220 0.000000 0.058934 0.998260 -0.001667 13.639600 -0.031068 0.003503 0.999511 -1.292300 0.000000 0.000000 0.000000 1.000000
0.997582 -0.062154 0.031103 -0.000000 0.062399 0.998027 -0.006975 13.639600 -0.030608 0.008899 0.999492 -1.292300 0.000000 0.000000 0.000000 1.000000
0.997349 -0.066175 0.030258 0.000000 0.066619 0.997681 -0.013938 13.639600 -0.029265 0.015917 0.999445 -1.292300 0.000000 0.000000 0.000000 1.000000
0.997148 -0.070400 0.027199 0.000000 0.071010 0.997229 -0.022159 13.639600 -0.025563 0.024027 0.999384 -1.292300 0.000000 0.000000 0.000000 1.000000
0.996983 -0.074402 0.022107 0.000000 0.075079 0.996678 -0.031569 13.639600 -0.019685 0.033133 0.999257 -1.292300 0.000000 0.000000 0.000000 1.000000
0.996805 -0.078111 0.016684 -0.000000 0.078757 0.995993 -0.042377 13.639600 -0.013307 0.043556 0.998962 -1.292300 0.000000 0.000000 0.000000 1.000000
0.996570 -0.081696 0.013198 0.000000 0.082297 0.995121 -0.054424 13.639600 -0.008687 0.055323 0.998431 -1.292300 0.000000 0.000000 0.000000 1.000000
