<?xml version="1.0" encoding="utf-8"?>
<COLLADA xmlns="http://www.collada.org/2005/11/COLLADASchema" version="1.4.1">
  <asset><contributor><author>Mixamo</author><authoring_tool>COLLADA Mixamo exporter</authoring_tool><comments></comments></contributor><created>2018-10-29T15:04:38Z</created><modified>2018-10-29T15:04:38Z</modified><revision></revision><title></title><unit meter="0.010000"/><up_axis>Y_UP</up_axis></asset>
  <library_animations>
    <animation id="Hips-anim" name="Hips"><source id="Hips-Matrix-animation-input"><float_array id="Hips-Matrix-animation-input-array" count="22">

0.000000 0.033333 0.066667 0.100000 0.133333 0.166667 0.200000 0.233333 0.266667 0.300000 0.333333 0.366667 0.400000 0.433333 0.466667 0.500000
0.533333 0.566667 0.600000 0.633333 0.666667 0.700000</float_array><technique_common><accessor source="#Hips-Matrix-animation-input-array" count="22"><param name="TIME" type="float"/></accessor></technique_common></source><source id="Hips-Matrix-animation-output-transform"><float_array id="Hips-Matrix-animation-output-transform-array" count="352">

0.981108 -0.077037 -0.177462 1.022130 0.012464 0.940561 -0.339395 104.094971 0.193060 0.330772 0.923752 -2.114446 0.000000 0.000000 0.000000 1.000000
0.975959 -0.104409 -0.191319 1.494332 0.035376 0.942037 -0.333638 105.935738 0.215064 0.318849 0.923083 -1.634615 0.000000 0.000000 0.000000 1.000000
0.977283 -0.110169 -0.181055 1.523707 0.041026 0.936458 -0.348373 107.864807 0.207930 0.333031 0.919704 -1.814426 0.000000 0.000000 0.000000 1.000000
0.981880 -0.105006 -0.157750 1.378243 0.040274 0.929053 -0.367747 109.918259 0.185174 0.354731 0.916448 -2.778733 0.000000 0.000000 0.000000 1.000000
0.986980 -0.098642 -0.127041 1.338078 0.045364 0.928513 -0.368518 111.801376 0.154311 0.357957 0.920899 -5.039009 0.000000 0.000000 0.000000 1.000000
0.991192 -0.094605 -0.092676 1.507494 0.057644 0.938212 -0.341226 112.166809 0.119232 0.332878 0.935401 -7.578299 0.000000 0.000000 0.000000 1.000000
0.992849 -0.097366 -0.069070 1.828230 0.072370 0.951061 -0.300409 110.179779 0.094940 0.293262 0.951306 -9.732353 0.000000 0.000000 0.000000 1.000000
0.993877 -0.104118 -0.036976 2.258462 0.090461 0.958953 -0.268748 107.662766 0.063440 0.263757 0.962501 -11.893140 0.000000 0.000000 0.000000 1.000000
0.994163 -0.107114 0.012896 2.611158 0.106713 0.958706 -0.263617 105.720558 0.015874 0.263455 0.964541 -13.564487 0.000000 0.000000 0.000000 1.000000
0.993658 -0.086143 0.072272 2.535143 0.103564 0.951467 -0.289803 104.976875 -0.043800 0.295450 0.954354 -14.315675 0.000000 0.000000 0.000000 1.000000
0.991785 -0.029486 0.124469 2.274058 0.070327 0.938496 -0.338051 106.249237 -0.106846 0.344027 0.932861 -13.537797 0.000000 0.000000 0.000000 1.000000
0.988198 0.041102 0.147567 2.322131 0.020173 0.920022 -0.391346 109.583626 -0.151850 0.389704 0.908335 -12.122728 0.000000 0.000000 0.000000 1.000000
0.987013 0.082221 0.138002 2.731245 -0.014506 0.901193 -0.433175 113.347778 -0.159983 0.425548 0.890682 -10.937220 0.000000 0.000000 0.000000 1.000000
0.990772 0.081729 0.108127 3.385047 -0.024488 0.892557 -0.450268 115.705826 -0.133310 0.443465 0.886322 -9.784285 0.000000 0.000000 0.000000 1.000000
0.995834 0.054844 0.072851 3.956359 -0.017883 0.900861 -0.433740 116.446434 -0.089417 0.430630 0.898088 -8.674360 0.000000 0.000000 0.000000 1.000000
0.998747 0.027349 0.041914 4.124874 -0.009015 0.922096 -0.386856 115.416977 -0.049229 0.385994 0.921187 -7.987107 0.000000 0.000000 0.000000 1.000000
0.999638 0.009198 0.025268 3.699302 -0.000364 0.944221 -0.329313 112.889351 -0.026888 0.329184 0.943883 -7.434070 0.000000 0.000000 0.000000 1.000000
0.999650 0.002738 0.026300 2.776394 0.004947 0.957694 -0.287747 109.162270 -0.025975 0.287776 0.957345 -6.741498 0.000000 0.000000 0.000000 1.000000
0.999883 0.007885 0.013083 1.866852 -0.003953 0.960865 -0.276990 105.286453 -0.014755 0.276906 0.960784 -5.898861 0.000000 0.000000 0.000000 1.000000
0.999511 0.007968 -0.030251 1.369665 -0.016378 0.957179 -0.289035 102.653984 0.026653 0.289389 0.956841 -4.967413 0.000000 0.000000 0.000000 1.000000
0.994990 -0.019221 -0.098108 1.147970 -0.012268 0.950453 -0.310625 102.152649 0.099218 0.310273 0.945456 -3.495388 0.000000 0.000000 0.000000 1.000000
0.981108 -0.077037 -0.177462 1.028092 0.012464 0.940561 -0.339395 104.094971 0.193060 0.330772 0.923752 -2.114448 0.000000 0.000000 0.000000 1.000000</float_array><technique_common><accessor source="#Hips-Matrix-animation-output-transform-array" count="22" stride="16"><param type="float4x4"/></accessor></technique_common></source><source id="Hips-Interpolations"><Name_array id="Hips-Interpolations-array" count="22">
 LINEAR LINEAR LINEAR LINEAR LINEAR LINEAR LINEAR LINEAR LINEAR LINEAR LINEAR
LINEAR LINEAR LINEAR LINEAR LINEAR LINEAR LINEAR LINEAR LINEAR LINEAR LINEAR</Name_array><technique_common><accessor source="#Hips-Interpolations-array" count="22"><param type="name"/></accessor></technique_common></source><sampler id="Hips-Matrix-animation-transform"><input semantic="INPUT" source="#Hips-Matrix-animation-input"/><input semantic="OUTPUT" source="#Hips-Matrix-animation-output-transform"/><input semantic="INTERPOLATION" source="#Hips-Interpolations"/></sampler><channel source="#Hips-Matrix-animation-transform" target="Hips/matrix"/></animation>
    <animation id="Spine-anim" name="Spine"><source id="Spine-Matrix-animation-input"><float_array id="Spine-Matrix-animation-input-array" count="22">

0.000000 0.033333 0.066667 0.100000 0.133333 0.166667 0.200000 0.233333 0.266667 0.300000 0.333333 0.366667 0.400000 0.433333 0.466667 0.500000
0.533333 0.566667 0.600000 0.633333 0.666667 0.700000</float_array><technique_common><accessor source="#Spine-Matrix-animation-input-array" count="22"><param name="TIME" type="float"/></accessor></technique_common></source><source id="Spine-Matrix-animation-output-transform"><float_array id="Spine-Matrix-animation-output-transform-array" count="352">

0.991821 0.077304 0.101565 0.000000 -0.020510 0.881916 -0.470961 13.214800 -0.125979 0.465026 0.876288 0.000000 0.000000 0.000000 0.000000 1.000000
0.963816 0.154688 0.217097 0.000000 -0.040387 0.889745 -0.454667 13.214800 -0.263492 0.429448 0.863798 0.000000 0.000000 0.000000 0.000000 1.000000
0.933667 0.191507 0.302640 0.000000 -0.052424 0.909006 -0.413473 13.214800 -0.354285 0.370181 0.858748 0.000000 0.000000 0.000000 0.000000 1.000000
0.917607 0.198707 0.344258 0.000000 -0.061522 0.926642 -0.370877 13.214800 -0.392699 0.319140 0.862518 0.000000 0.000000 0.000000 0.000000 1.000000
0.919322 0.195190 0.341684 0.000000 -0.066044 0.932524 -0.355017 13.214800 -0.387924 0.303808 0.870181 -0.000000 0.000000 0.000000 0.000000 1.000000
0.934383 0.190038 0.301354 0.000000 -0.066958 0.924455 -0.375366 13.214800 -0.349922 0.330558 0.876519 0.000000 0.000000 0.000000 0.000000 1.000000
0.952484 0.190609 0.237577 -0.000000 -0.076190 0.904292 -0.420060 13.214800 -0.294906 0.382000 0.875846 0.000000 0.000000 0.000000 0.000000 1.000000
0.972207 0.184005 0.144761 0.000000 -0.097882 0.881131 -0.462631 13.214800 -0.212680 0.435603 0.874653 -0.000000 0.000000 0.000000 0.000000 1.000000
0.986889 0.157912 0.033387 0.000000 -0.123435 0.871691 -0.474256 13.214800 -0.103994 0.463917 0.879754 0.000000 0.000000 0.000000 0.000000 1.000000
0.991975 0.101871 -0.074881 0.000000 -0.124652 0.887035 -0.444557 13.214800 0.021135 0.450323 0.892615 0.000000 0.000000 0.000000 0.000000 1.000000
0.985481 0.012891 -0.169297 0.000000 -0.079821 0.915229 -0.394950 13.214800 0.149854 0.402729 0.902969 0.000000 0.000000 0.000000 0.000000 1.000000
0.965715 -0.086214 -0.244871 -0.000000 -0.005692 0.935987 -0.351989 13.214800 0.259542 0.341315 0.903406 0.000000 0.000000 0.000000 0.000000 1.000000
0.941272 -0.150911 -0.302048 -0.000000 0.049661 0.946708 -0.318242 13.214800 0.333978 0.284552 0.898604 0.000000 0.000000 0.000000 0.000000 1.000000
0.927216 -0.164041 -0.336692 0.000000 0.062639 0.954237 -0.292416 13.214800 0.369252 0.250043 0.895059 0.000000 0.000000 0.000000 0.000000 1.000000
0.927459 -0.141118 -0.346273 0.000000 0.039420 0.957791 -0.284749 13.214800 0.371841 0.250443 0.893875 0.000000 0.000000 0.000000 0.000000 1.000000
0.936488 -0.113106 -0.331960 0.000000 0.007607 0.952893 -0.303212 13.214800 0.350617 0.281429 0.893233 0.000000 0.000000 0.000000 0.000000 1.000000
0.948068 -0.098774 -0.302341 -0.000000 -0.009988 0.940845 -0.338691 13.214800 0.317910 0.324122 0.890999 -0.000000 0.000000 0.000000 0.000000 1.000000
0.959348 -0.105784 -0.261652 -0.000000 -0.000779 0.926101 -0.377274 13.214800 0.282226 0.362140 0.888371 0.000000 0.000000 0.000000 0.000000 1.000000
0.975058 -0.117306 -0.188420 0.000000 0.030636 0.911928 -0.409205 13.214800 0.219827 0.393226 0.892776 -0.000000 0.000000 0.000000 0.000000 1.000000
0.991219 -0.100407 -0.086039 -0.000000 0.054073 0.901589 -0.429201 13.214800 0.120667 0.420780 0.899102 0.000000 0.000000 0.000000 0.000000 1.000000
0.999263 -0.032805 0.019914 0.000000 0.038240 0.894808 -0.444810 13.214800 -0.003227 0.445244 0.895403 0.000000 0.000000 0.000000 0.000000 1.000000
0.991821 0.077304 0.101565 0.000000 -0.020510 0.881916 -0.470961 13.214800 -0.125979 0.465026 0.876288 0.000000 0.000000 0.000000 0.000000 1.000000</float_array><technique_common><accessor source="#Spine-Matrix-animation-output-transform-array" count="22" stride="16"><param type="float4x4"/></accessor></technique_common></source><source id="Spine-Interpolations"><Name_array id="Spine-Interpolations-array" count="22">
 LINEAR LINEAR LINEAR LINEAR LINEAR LINEAR LINEAR LINEAR LINEAR LINEAR LINEAR
LINEAR LINEAR LINEAR LINEAR LINEAR LINEAR LINEAR LINEAR LINEAR LINEAR LINEAR</Name_array><technique_common><accessor source="#Spine-Interpolations-array" count="22"><param type="name"/></accessor></technique_common></source><sampler id="Spine-Matrix-animation-transform"><input semantic="INPUT" source="#Spine-Matrix-animation-input"/><input semantic="OUTPUT" source="#Spine-Matrix-animation-output-transform"/><input semantic="INTERPOLATION" source="#Spine-Interpolations"/></sampler><channel source="#Spine-Matrix-animation-transform" target="Spine/matrix"/></animation>
    <animation id="Spine1-anim" name="Spine1"><source id="Spine1-Matrix-animation-input"><float_array id="Spine1-Matrix-animation-input-array" count="22">

0.000000 0.033333 0.066667 0.100000 0.133333 0.166667 0.200000 0.233333 0.266667 0.300000 0.333333 0.366667 0.400000 0.433333 0.466667 0.500000
0.533333 0.566667 0.600000 0.633333 0.666667 0.700000</float_array><technique_common><accessor source="#Spine1-Matrix-animation-input-array" count="22"><param name="TIME" type="float"/></accessor></technique_common></source><source id="Spine1-Matrix-animation-output-transform"><float_array id="Spine1-Matrix-animation-output-transform-array" count="352">

0.999427 0.011377 0.031871 -0.007800 -0.010210 0.999280 -0.036533 9.224200 -0.032264 0.036186 0.998824 0.000000 0.000000 0.000000 0.000000 1.000000
0.997650 0.011419 0.067555 -0.007800 -0.008610 0.999092 -0.041719 9.224200 -0.067970 0.041039 0.996843 0.000000 0.000000 0.000000 0.000000 1.000000
0.995807 0.005398 0.091317 -0.007800 -0.001339 0.999010 -0.044458 9.224200 -0.091467 0.044149 0.994829 0.000000 0.000000 0.000000 0.000000 1.000000
0.994754 -0.001253 0.102293 -0.007800 0.005994 0.998921 -0.046052 9.224200 -0.102125 0.046423 0.993688 0.000000 0.000000 0.000000 0.000000 1.000000
0.994730 -0.005261 0.102390 -0.007800 0.010184 0.998814 -0.047615 9.224200 -0.102018 0.048407 0.993604 -0.000000 0.000000 0.000000 0.000000 1.000000
0.995644 -0.006165 0.093033 -0.007800 0.010776 0.998733 -0.049146 9.224200 -0.092612 0.049934 0.994449 -0.000000 0.000000 0.000000 0.000000 1.000000
0.997196 -0.004914 0.074675 -0.007800 0.008657 0.998718 -0.049878 9.224200 -0.074334 0.050384 0.995960 0.000000 0.000000 0.000000 0.000000 1.000000
0.998832 -0.002127 0.048275 -0.007800 0.004521 0.998762 -0.049539 9.224200 -0.048110 0.049700 0.997605 -0.000000 0.000000 0.000000 0.000000 1.000000
0.999851 0.001020 0.017231 -0.007800 -0.000182 0.998822 -0.048522 9.224200 -0.017260 0.048512 0.998673 -0.000000 0.000000 0.000000 0.000000 1.000000
0.999900 0.002143 -0.013990 -0.007800 -0.002789 0.998922 -0.046343 9.224200 0.013876 0.046377 0.998828 0.000000 0.000000 0.000000 0.000000 1.000000
0.999074 -0.000785 -0.043006 -0.007800 -0.000969 0.999169 -0.040759 9.224200 0.043003 0.040763 0.998243 0.000000 0.000000 0.000000 0.000000 1.000000
0.997601 -0.007120 -0.068852 -0.007800 0.004978 0.999500 -0.031227 9.224200 0.069040 0.030809 0.997138 -0.000000 0.000000 0.000000 0.000000 1.000000
0.995956 -0.012215 -0.089006 -0.007800 0.010220 0.999687 -0.022844 9.224200 0.089257 0.021842 0.995769 0.000000 0.000000 0.000000 0.000000 1.000000
0.994918 -0.011111 -0.100074 -0.007800 0.008975 0.999723 -0.021771 9.224200 0.100288 0.020762 0.994742 0.000000 0.000000 0.000000 0.000000 1.000000
0.994819 -0.003913 -0.101584 -0.007800 0.001128 0.999622 -0.027460 9.224200 0.101653 0.027204 0.994448 0.000000 0.000000 0.000000 0.000000 1.000000
0.995323 0.004904 -0.096482 -0.007800 -0.008251 0.999377 -0.034315 9.224200 0.096254 0.034950 0.994743 0.000000 0.000000 0.000000 0.000000 1.000000
0.996076 0.010780 -0.087839 -0.007800 -0.014242 0.999142 -0.038887 9.224200 0.087344 0.039986 0.995375 -0.000000 0.000000 0.000000 0.000000 1.000000
0.997185 0.012060 -0.074010 -0.007800 -0.015186 0.999010 -0.041818 9.224200 0.073432 0.042824 0.996380 0.000000 0.000000 0.000000 0.000000 1.000000
0.998687 0.010711 -0.050092 -0.007800 -0.012929 0.998940 -0.044171 9.224200 0.049566 0.044761 0.997767 0.000000 0.000000 0.000000 0.000000 1.000000
0.999777 0.009989 -0.018594 -0.007800 -0.010814 0.998936 -0.044827 9.224200 0.018126 0.045018 0.998822 0.000000 0.000000 0.000000 0.000000 1.000000
0.999888 0.010746 0.010425 -0.007800 -0.010297 0.999056 -0.042194 9.224200 -0.010868 0.042082 0.999055 0.000000 0.000000 0.000000 0.000000 1.000000
0.999427 0.011377 0.031871 -0.007800 -0.010210 0.999280 -0.036533 9.224200 -0.032264 0.036186 0.998824 -0.000000 0.000000 0.000000 0.000000 1.000000</float_array><technique_common><accessor source="#Spine1-Matrix-animation-output-transform-array" count="22" stride="16"><param type="float4x4"/></accessor></technique_common></source><source id="Spine1-Interpolations"><Name_array id="Spine1-Interpolations-array" count="22">
 LINEAR LINEAR LINEAR LINEAR LINEAR LINEAR LINEAR LINEAR LINEAR LINEAR LINEAR
LINEAR LINEAR LINEAR LINEAR LINEAR LINEAR LINEAR LINEAR LINEAR LINEAR LINEAR</Name_array><technique_common><accessor source="#Spine1-Interpolations-array" count="22"><param type="name"/></accessor></technique_common></source><sampler id="Spine1-Matrix-animation-transform"><input semantic="INPUT" source="#Spine1-Matrix-animation-input"/><input semantic="OUTPUT" source="#Spine1-Matrix-animation-output-transform"/><input semantic="INTERPOLATION" source="#Spine1-Interpolations"/></sampler><channel source="#Spine1-Matrix-animation-transform" target="Spine1/matrix"/></animation>
    <animation id="Spine2-anim" name="Spine2"><source id="Spine2-Matrix-animation-input"><float_array id="Spine2-Matrix-animation-input-array" count="22">

0.000000 0.033333 0.066667 0.100000 0.133333 0.166667 0.200000 0.233333 0.266667 0.300000 0.333333 0.366667 0.400000 0.433333 0.466667 0.500000
0.533333 0.566667 0.600000 0.633333 0.666667 0.700000</float_array><technique_common><accessor source="#Spine2-Matrix-animation-input-array" count="22"><param name="TIME" type="float"/></accessor></technique_common></source><source id="Spine2-Matrix-animation-output-transform"><float_array id="Spine2-Matrix-animation-output-transform-array" count="352">

0.999388 0.012962 0.032497 -0.005300 -0.011782 0.999273 -0.036249 11.063000 -0.032943 0.035843 0.998814 0.000000 0.000000 0.000000 0.000000 1.000000
0.997590 0.014673 0.067812 -0.005300 -0.011966 0.999122 -0.040148 11.063000 -0.068341 0.039240 0.996890 0.000000 0.000000 0.000000 0.000000 1.000000
0.995812 0.009334 0.090946 -0.005300 -0.005676 0.999168 -0.040399 11.063000 -0.091247 0.039713 0.995036 -0.000000 0.000000 0.000000 0.000000 1.000000
0.994851 0.002705 0.101307 -0.005300 0.001446 0.999163 -0.040874 11.063000 -0.101333 0.040810 0.994015 -0.000000 0.000000 0.000000 0.000000 1.000000
0.994887 -0.001444 0.100987 -0.005300 0.005935 0.999006 -0.044180 11.063000 -0.100823 0.044554 0.993906 0.000000 0.000000 0.000000 0.000000 1.000000
0.995800 -0.002607 0.091518 -0.005300 0.007033 0.998819 -0.048077 11.063000 -0.091284 0.048518 0.994642 -0.000000 0.000000 0.000000 0.000000 1.000000
0.997307 -0.001954 0.073315 -0.005300 0.005563 0.998780 -0.049063 11.063000 -0.073130 0.049339 0.996101 0.000000 0.000000 0.000000 0.000000 1.000000
0.998886 -0.000172 0.047191 -0.005300 0.002420 0.998864 -0.047595 11.063000 -0.047129 0.047656 0.997751 -0.000000 0.000000 0.000000 0.000000 1.000000
0.999864 0.001636 0.016431 -0.005300 -0.000879 0.998943 -0.045958 11.063000 -0.016489 0.045938 0.998808 -0.000000 0.000000 0.000000 0.000000 1.000000
0.999894 0.001349 -0.014486 -0.005300 -0.001983 0.999037 -0.043833 11.063000 0.014413 0.043858 0.998934 0.000000 0.000000 0.000000 0.000000 1.000000
0.999061 -0.002671 -0.043247 -0.005300 0.000993 0.999248 -0.038767 11.063000 0.043318 0.038688 0.998312 -0.000000 0.000000 0.000000 0.000000 1.000000
0.997568 -0.009583 -0.069038 -0.005300 0.007534 0.999525 -0.029880 11.063000 0.069292 0.029288 0.997166 -0.000000 0.000000 0.000000 0.000000 1.000000
0.995901 -0.014832 -0.089225 -0.005300 0.012936 0.999679 -0.021790 11.063000 0.089519 0.020546 0.995773 0.000000 0.000000 0.000000 0.000000 1.000000
0.994881 -0.013783 -0.100107 -0.005300 0.011723 0.999708 -0.021136 11.063000 0.100370 0.019854 0.994752 0.000000 0.000000 0.000000 0.000000 1.000000
0.994843 -0.006751 -0.101206 -0.005300 0.003967 0.999609 -0.027687 11.063000 0.101354 0.027143 0.994480 0.000000 0.000000 0.000000 0.000000 1.000000
0.995403 0.001940 -0.095758 -0.005300 -0.005272 0.999389 -0.034557 11.063000 0.095632 0.034903 0.994805 0.000000 0.000000 0.000000 0.000000 1.000000
0.996179 0.007930 -0.086974 -0.005300 -0.011167 0.999261 -0.036788 11.063000 0.086618 0.037619 0.995531 0.000000 0.000000 0.000000 0.000000 1.000000
0.997277 0.009638 -0.073111 -0.005300 -0.012313 0.999267 -0.036233 11.063000 0.072708 0.037035 0.996665 0.000000 0.000000 0.000000 0.000000 1.000000
0.998751 0.009070 -0.049128 -0.005300 -0.010932 0.999227 -0.037757 11.063000 0.048747 0.038247 0.998079 -0.000000 0.000000 0.000000 0.000000 1.000000
0.999801 0.009530 -0.017547 -0.005300 -0.010250 0.999088 -0.041453 11.063000 0.017136 0.041625 0.998986 0.000000 0.000000 0.000000 0.000000 1.000000
0.999868 0.011556 0.011386 -0.005300 -0.011068 0.999055 -0.042041 11.063000 -0.011861 0.041909 0.999051 0.000000 0.000000 0.000000 0.000000 1.000000
0.999388 0.012962 0.032497 -0.005300 -0.011782 0.999273 -0.036249 11.063000 -0.032943 0.035843 0.998814 0.000000 0.000000 0.000000 0.000000 1.000000</float_array><technique_common><accessor source="#Spine2-Matrix-animation-output-transform-array" count="22" stride="16"><param type="float4x4"/></accessor></technique_common></source><source id="Spine2-Interpolations"><Name_array id="Spine2-Interpolations-array" count="22">
 LINEAR LINEAR LINEAR LINEAR LINEAR LINEAR LINEAR LINEAR LINEAR LINEAR LINEAR
LINEAR LINEAR LINEAR LINEAR LINEAR LINEAR LINEAR LINEAR LINEAR LINEAR LINEAR</Name_array><technique_common><accessor source="#Spine2-Interpolations-array" count="22"><param type="name"/></accessor></technique_common></source><sampler id="Spine2-Matrix-animation-transform"><input semantic="INPUT" source="#Spine2-Matrix-animation-input"/><input semantic="OUTPUT" source="#Spine2-Matrix-animation-output-transform"/><input semantic="INTERPOLATION" source="#Spine2-Interpolations"/></sampler><channel source="#Spine2-Matrix-animation-transform" target="Spine2/matrix"/></animation>
    <animation id="Neck-anim" name="Neck"><source id="Neck-Matrix-animation-input"><float_array id="Neck-Matrix-animation-input-array" count="22">

0.000000 0.033333 0.066667 0.100000 0.133333 0.166667 0.200000 0.233333 0.266667 0.300000 0.333333 0.366667 0.400000 0.433333 0.466667 0.500000
0.533333 0.566667 0.600000 0.633333 0.666667 0.700000</float_array><technique_common><accessor source="#Neck-Matrix-animation-input-array" count="22"><param name="TIME" type="float"/></accessor></technique_common></source><source id="Neck-Matrix-animation-output-transform"><float_array id="Neck-Matrix-animation-output-transform-array" count="352">

0.999574 0.013516 0.025873 -0.006000 -0.018030 0.982935 0.183068 23.723499 -0.022957 -0.183457 0.982760 -1.446200 0.000000 0.000000 0.000000 1.000000
0.999486 -0.010569 -0.030273 -0.006000 0.014639 0.990387 0.137550 23.723499 0.028529 -0.137923 0.990032 -1.446200 0.000000 0.000000 0.000000 1.000000
0.996709 -0.031173 -0.074835 -0.006000 0.037345 0.995887 0.082547 23.723499 0.071954 -0.085070 0.993774 -1.446200 0.000000 0.000000 0.000000 1.000000
0.993746 -0.045569 -0.101945 -0.006000 0.049953 0.997915 0.040864 23.723499 0.099870 -0.045701 0.993950 -1.446200 0.000000 0.000000 0.000000 1.000000
0.992756 -0.044504 -0.111600 -0.006000 0.047746 0.998507 0.026541 23.723499 0.110252 -0.031677 0.993399 -1.446200 0.000000 0.000000 0.000000 1.000000
0.993980 -0.031561 -0.104913 -0.006000 0.035539 0.998710 0.036268 23.723499 0.103633 -0.039778 0.993820 -1.446200 0.000000 0.000000 0.000000 1.000000
0.996447 -0.017236 -0.082442 -0.006000 0.022246 0.997935 0.060249 23.723499 0.081233 -0.061869 0.994773 -1.446200 0.000000 0.000000 0.000000 1.000000
0.998771 -0.007192 -0.049030 -0.006000 0.011748 0.995570 0.093283 23.723499 0.048142 -0.093744 0.994432 -1.446200 0.000000 0.000000 0.000000 1.000000
0.999910 -0.002772 -0.013159 -0.006000 0.004442 0.991689 0.128581 23.723499 0.012693 -0.128628 0.991612 -1.446200 0.000000 0.000000 0.000000 1.000000
0.999799 -0.005653 0.019257 -0.006000 0.002597 0.987881 0.155194 23.723499 -0.019901 -0.155113 0.987696 -1.446200 0.000000 0.000000 0.000000 1.000000
0.998675 -0.009894 0.050495 -0.006000 0.001479 0.986452 0.164041 23.723499 -0.051434 -0.163749 0.985160 -1.446200 0.000000 0.000000 0.000000 1.000000
0.996297 -0.000517 0.085972 -0.006000 -0.012400 0.988663 0.149640 23.723499 -0.085074 -0.150152 0.984996 -1.446200 0.000000 0.000000 0.000000 1.000000
0.992459 0.023020 0.120397 -0.006000 -0.037774 0.991843 0.121739 23.723499 -0.116613 -0.125369 0.985233 -1.446200 0.000000 0.000000 0.000000 1.000000
0.988424 0.044749 0.144968 -0.006000 -0.060039 0.992881 0.102872 23.723499 -0.139333 -0.110385 0.984074 -1.446200 0.000000 0.000000 0.000000 1.000000
0.985387 0.056395 0.160722 -0.006000 -0.073528 0.991988 0.102730 23.723499 -0.153640 -0.113046 0.981639 -1.446200 0.000000 0.000000 0.000000 1.000000
0.983320 0.060511 0.171524 -0.006000 -0.080904 0.990122 0.114511 23.723499 -0.162901 -0.126478 0.978502 -1.446200 0.000000 0.000000 0.000000 1.000000
0.982992 0.059727 0.173663 -0.006000 -0.083007 0.988028 0.130043 23.723499 -0.163817 -0.142247 0.976181 -1.446200 0.000000 0.000000 0.000000 1.000000
0.985969 0.053472 0.158129 -0.006000 -0.077002 0.986188 0.146643 23.723499 -0.148104 -0.156762 0.976469 -1.446200 0.000000 0.000000 0.000000 1.000000
0.991434 0.041769 0.123748 -0.006000 -0.061806 0.984723 0.162791 23.723499 -0.115058 -0.169044 0.978870 -1.446200 0.000000 0.000000 0.000000 1.000000
0.996189 0.028036 0.082595 -0.006000 -0.042182 0.983690 0.174858 23.723499 -0.076346 -0.177675 0.981123 -1.446200 0.000000 0.000000 0.000000 1.000000
0.998673 0.017295 0.048513 -0.006000 -0.025800 0.983221 0.180585 23.723499 -0.044576 -0.181597 0.982362 -1.446200 0.000000 0.000000 0.000000 1.000000
0.999574 0.013516 0.025873 -0.006000 -0.018030 0.982935 0.183068 23.723499 -0.022957 -0.183457 0.982760 -1.446200 0.000000 0.000000 0.000000 1.000000</float_array><technique_common><accessor source="#Neck-Matrix-animation-output-transform-array" count="22" stride="16"><param type="float4x4"/></accessor></technique_common></source><source id="Neck-Interpolations"><Name_array id="Neck-Interpolations-array" count="22">
 LINEAR LINEAR LINEAR LINEAR LINEAR LINEAR LINEAR LINEAR LINEAR LINEAR LINEAR
LINEAR LINEAR LINEAR LINEAR LINEAR LINEAR LINEAR LINEAR LINEAR LINEAR LINEAR</Name_array><technique_common><accessor source="#Neck-Interpolations-array" count="22"><param type="name"/></accessor></technique_common></source><sampler id="Neck-Matrix-animation-transform"><input semantic="INPUT" source="#Neck-Matrix-animation-input"/><input semantic="OUTPUT" source="#Neck-Matrix-animation-output-transform"/><input semantic="INTERPOLATION" source="#Neck-Interpolations"/></sampler><channel source="#Neck-Matrix-animation-transform" target="Neck/matrix"/></animation>
    <animation id="Head-anim" name="Head"><source id="Head-Matrix-animation-input"><float_array id="Head-Matrix-animation-input-array" count="22">

0.000000 0.033333 0.066667 0.100000 0.133333 0.166667 0.200000 0.233333 0.266667 0.300000 0.333333 0.366667 0.400000 0.433333 0.466667 0.500000
0.533333 0.566667 0.600000 0.633333 0.666667 0.700000</float_array><technique_common><accessor source="#Head-Matrix-animation-input-array" count="22"><param name="TIME" type="float"/></accessor></technique_common></source><source id="Head-Matrix-animation-output-transform"><float_array id="Head-Matrix-animation-output-transform-array" count="352">

0.993772 0.096051 -0.056498 -0.000000 -0.061389 0.895015 0.441792 10.037100 0.093002 -0.435572 0.895337 3.529500 0.000000 0.000000 0.000000 1.000000
0.980630 0.099979 -0.168431 -0.000000 -0.016139 0.898234 0.439221 10.037100 0.195203 -0.427995 0.882449 3.529500 0.000000 0.000000 0.000000 1.000000
0.960296 0.111589 -0.255694 0.000000 0.011518 0.899882 0.435981 10.037100 0.278745 -0.421616 0.862868 3.529500 0.000000 0.000000 0.000000 1.000000
0.944039 0.114389 -0.309364 0.000000 0.034025 0.899159 0.436297 10.037100 0.328075 -0.422408 0.844949 3.529500 0.000000 0.000000 0.000000 1.000000
0.936260 0.102453 -0.336036 0.000000 0.057262 0.899232 0.433708 10.037100 0.346609 -0.425306 0.836048 3.529500 0.000000 0.000000 0.000000 1.000000
0.939456 0.086152 -0.331662 0.000000 0.068837 0.900701 0.428950 10.037100 0.335684 -0.425811 0.840239 3.529500 0.000000 0.000000 0.000000 1.000000
0.954238 0.074229 -0.289688 0.000000 0.061134 0.899825 0.431946 10.037100 0.292732 -0.429889 0.854110 3.529500 0.000000 0.000000 0.000000 1.000000
0.972745 0.058397 -0.224404 0.000000 0.049027 0.894091 0.445193 10.037100 0.226636 -0.444061 0.866860 3.529500 0.000000 0.000000 0.000000 1.000000
0.986802 0.027723 -0.159539 -0.000000 0.049184 0.887375 0.458417 10.037100 0.154279 -0.460214 0.874300 3.529500 0.000000 0.000000 0.000000 1.000000
0.995340 -0.008845 -0.096023 -0.000000 0.052170 0.886860 0.459084 10.037100 0.081098 -0.461954 0.883188 3.529500 0.000000 0.000000 0.000000 1.000000
0.999251 -0.033952 -0.018567 -0.000000 0.038670 0.893960 0.446475 10.037100 0.001439 -0.446859 0.894603 3.529500 0.000000 0.000000 0.000000 1.000000
0.996408 -0.048372 0.069502 -0.000000 0.013838 0.902761 0.429920 10.037100 -0.083539 -0.427414 0.900188 3.529500 0.000000 0.000000 0.000000 1.000000
0.986905 -0.066872 0.146788 0.000000 -0.000511 0.908714 0.417419 10.037100 -0.161302 -0.412028 0.896780 3.529500 0.000000 0.000000 0.000000 1.000000
0.975989 -0.091522 0.197660 -0.000000 0.002335 0.911790 0.410651 10.037100 -0.217808 -0.400329 0.890110 3.529500 0.000000 0.000000 0.000000 1.000000
0.969340 -0.107079 0.221166 0.000000 0.008205 0.913661 0.406394 10.037100 -0.245587 -0.392119 0.886527 3.529500 0.000000 0.000000 0.000000 1.000000
0.969612 -0.100593 0.223012 -0.000000 0.002900 0.916219 0.400668 10.037100 -0.244632 -0.387845 0.888668 3.529500 0.000000 0.000000 0.000000 1.000000
0.976234 -0.073289 0.203951 0.000000 -0.013027 0.919538 0.392786 10.037100 -0.216328 -0.386108 0.896729 3.529500 0.000000 0.000000 0.000000 1.000000
0.986513 -0.034026 0.160108 -0.000000 -0.030909 0.921832 0.386356 10.037100 -0.160739 -0.386094 0.908347 3.529500 0.000000 0.000000 0.000000 1.000000
0.995316 0.008405 0.096308 0.000000 -0.045264 0.920789 0.387426 10.037100 -0.085423 -0.389970 0.916857 3.529500 0.000000 0.000000 0.000000 1.000000
0.998423 0.046783 0.031018 -0.000000 -0.055297 0.914690 0.400355 10.037100 -0.009642 -0.401439 0.915835 3.529500 0.000000 0.000000 0.000000 1.000000
0.996878 0.076386 -0.019967 0.000000 -0.060844 0.904424 0.422274 10.037100 0.050314 -0.419741 0.906248 3.529500 0.000000 0.000000 0.000000 1.000000
0.993772 0.096051 -0.056498 -0.000000 -0.061389 0.895015 0.441792 10.037100 0.093002 -0.435572 0.895337 3.529500 0.000000 0.000000 0.000000 1.000000</float_array><technique_common><accessor source="#Head-Matrix-animation-output-transform-array" count="22" stride="16"><param type="float4x4"/></accessor></technique_common></source><source id="Head-Interpolations"><Name_array id="Head-Interpolations-array" count="22">
 LINEAR LINEAR LINEAR LINEAR LINEAR LINEAR LINEAR LINEAR LINEAR LINEAR LINEAR
LINEAR LINEAR LINEAR LINEAR LINEAR LINEAR LINEAR LINEAR LINEAR LINEAR LINEAR</Name_array><technique_common><accessor source="#Head-Interpolations-array" count="22"><param type="name"/></accessor></technique_common></source><sampler id="Head-Matrix-animation-transform"><input semantic="INPUT" source="#Head-Matrix-animation-input"/><input semantic="OUTPUT" source="#Head-Matrix-animation-output-transform"/><input semantic="INTERPOLATION" source="#Head-Interpolations"/></sampler><channel source="#Head-Matrix-animation-transform" target="Head/matrix"/></animation>
    <animation id="LeftShoulder-anim" name="LeftShoulder"><source id="LeftShoulder-Matrix-animation-input"><float_array id="LeftShoulder-Matrix-animation-input-array" count="22">

0.000000 0.033333 0.066667 0.100000 0.133333 0.166667 0.200000 0.233333 0.266667 0.300000 0.333333 0.366667 0.400000 0.433333 0.466667 0.500000
0.533333 0.566667 0.600000 0.633333 0.666667 0.700000</float_array><technique_common><accessor source="#LeftShoulder-Matrix-animation-input-array" count="22"><param name="TIME" type="float"/></accessor></technique_common></source><source id="LeftShoulder-Matrix-animation-output-transform"><float_array id="LeftShoulder-Matrix-animation-output-transform-array" count="352">

0.947871 0.275332 0.160415 11.304900 -0.265388 0.960745 -0.080857 19.886000 -0.176380 0.034070 0.983732 -3.966000 0.000000 0.000000 0.000000 1.000000
0.970581 0.213913 0.110514 11.304900 -0.208504 0.976269 -0.058514 19.886000 -0.120408 0.033750 0.992151 -3.966000 0.000000 0.000000 0.000000 1.000000
0.984914 0.169895 0.032870 11.304900 -0.168581 0.984904 -0.039314 19.886000 -0.039053 0.033180 0.998686 -3.966000 0.000000 0.000000 0.000000 1.000000
0.987819 0.155248 -0.010547 11.304900 -0.155479 0.987480 -0.026618 19.886000 0.006283 0.027934 0.999590 -3.966000 0.000000 0.000000 0.000000 1.000000
0.984627 0.172518 -0.027351 11.304900 -0.173067 0.984724 -0.019156 19.886000 0.023628 0.023595 0.999442 -3.966000 0.000000 0.000000 0.000000 1.000000
0.977245 0.205670 -0.051877 11.304900 -0.206621 0.978326 -0.013646 19.886000 0.047946 0.024054 0.998560 -3.966000 0.000000 0.000000 0.000000 1.000000
0.967202 0.234804 -0.096889 11.304900 -0.236698 0.971547 -0.008369 19.886000 0.092168 0.031028 0.995260 -3.966000 0.000000 0.000000 0.000000 1.000000
0.958497 0.234994 -0.161433 11.304900 -0.238876 0.971038 -0.004794 19.886000 0.155631 0.043157 0.986872 -3.966000 0.000000 0.000000 0.000000 1.000000
0.952978 0.187901 -0.237752 11.304900 -0.195111 0.980756 -0.006946 19.886000 0.231872 0.053008 0.971301 -3.966000 0.000000 0.000000 0.000000 1.000000
0.945664 0.111952 -0.305265 11.304900 -0.122497 0.992347 -0.015547 19.886000 0.301189 0.052096 0.952140 -3.966000 0.000000 0.000000 0.000000 1.000000
0.937459 0.049432 -0.344567 11.304900 -0.061636 0.997797 -0.024546 19.886000 0.342594 0.044249 0.938441 -3.966000 0.000000 0.000000 0.000000 1.000000
0.935302 0.019418 -0.353317 11.304900 -0.031437 0.999105 -0.028309 19.886000 0.352451 0.037585 0.935075 -3.966000 0.000000 0.000000 0.000000 1.000000
0.939175 0.008321 -0.343339 11.304900 -0.019132 0.999422 -0.028114 19.886000 0.342906 0.032973 0.938791 -3.966000 0.000000 0.000000 0.000000 1.000000
0.944082 -0.004144 -0.329686 11.304900 -0.005619 0.999574 -0.028654 19.886000 0.329664 0.028904 0.943656 -3.966000 0.000000 0.000000 0.000000 1.000000
0.947463 -0.020216 -0.319225 11.304900 0.010846 0.999457 -0.031102 19.886000 0.319681 0.026006 0.947168 -3.966000 0.000000 0.000000 0.000000 1.000000
0.953625 -0.017134 -0.300511 11.304900 0.007808 0.999451 -0.032207 19.886000 0.300897 0.028367 0.953234 -3.966000 0.000000 0.000000 0.000000 1.000000
0.966652 0.027882 -0.254573 11.304900 -0.036693 0.998878 -0.029931 19.886000 0.253453 0.038274 0.966590 -3.966000 0.000000 0.000000 0.000000 1.000000
0.977100 0.097086 -0.189341 11.304900 -0.104127 0.994182 -0.027574 19.886000 0.185562 0.046658 0.981524 -3.966000 0.000000 0.000000 0.000000 1.000000
0.979980 0.143371 -0.138142 11.304900 -0.148794 0.988422 -0.029707 19.886000 0.132284 0.049667 0.989967 -3.966000 0.000000 0.000000 0.000000 1.000000
0.982482 0.160807 -0.094180 11.304900 -0.164974 0.985557 -0.038218 19.886000 0.086674 0.053086 0.994821 -3.966000 0.000000 0.000000 0.000000 1.000000
0.980541 0.196284 -0.003576 11.304900 -0.196184 0.979046 -0.054593 19.886000 -0.007215 0.054233 0.998502 -3.966000 0.000000 0.000000 0.000000 1.000000
0.947871 0.275332 0.160415 11.304900 -0.265388 0.960745 -0.080857 19.886000 -0.176380 0.034070 0.983732 -3.966000 0.000000 0.000000 0.000000 1.000000</float_array><technique_common><accessor source="#LeftShoulder-Matrix-animation-output-transform-array" count="22" stride="16"><param type="float4x4"/></accessor></technique_common></source><source id="LeftShoulder-Interpolations"><Name_array id="LeftShoulder-Interpolations-array" count="22">
 LINEAR LINEAR LINEAR LINEAR LINEAR LINEAR LINEAR LINEAR LINEAR LINEAR LINEAR
LINEAR LINEAR LINEAR LINEAR LINEAR LINEAR LINEAR LINEAR LINEAR LINEAR LINEAR</Name_array><technique_common><accessor source="#LeftShoulder-Interpolations-array" count="22"><param type="name"/></accessor></technique_common></source><sampler id="LeftShoulder-Matrix-animation-transform"><input semantic="INPUT" source="#LeftShoulder-Matrix-animation-input"/><input semantic="OUTPUT" source="#LeftShoulder-Matrix-animation-output-transform"/><input semantic="INTERPOLATION" source="#LeftShoulder-Interpolations"/></sampler><channel source="#LeftShoulder-Matrix-animation-transform" target="LeftShoulder/matrix"/></animation>
    <animation id="LeftArm-anim" name="LeftArm"><source id="LeftArm-Matrix-animation-input"><float_array id="LeftArm-Matrix-animation-input-array" count="22">

0.000000 0.033333 0.066667 0.100000 0.133333 0.166667 0.200000 0.233333 0.266667 0.300000 0.333333 0.366667 0.400000 0.433333 0.466667 0.500000
0.533333 0.566667 0.600000 0.633333 0.666667 0.700000</float_array><technique_common><accessor source="#LeftArm-Matrix-animation-input-array" count="22"><param name="TIME" type="float"/></accessor></technique_common></source><source id="LeftArm-Matrix-animation-output-transform"><float_array id="LeftArm-Matrix-animation-output-transform-array" count="352">

0.497494 0.827288 -0.260947 11.306600 -0.834619 0.538481 0.115966 -5.748200 0.236452 0.160099 0.958362 -0.270300 0.000000 0.000000 0.000000 1.000000
0.457827 0.877764 -0.141154 11.306600 -0.888266 0.444998 -0.113842 -5.748200 -0.037113 0.177502 0.983420 -0.270300 0.000000 0.000000 0.000000 1.000000
0.432068 0.901757 0.012317 11.306600 -0.853221 0.413160 -0.318296 -5.748200 -0.292115 0.127017 0.947911 -0.270300 0.000000 0.000000 0.000000 1.000000
0.431770 0.898067 0.083972 11.306600 -0.787747 0.420795 -0.449874 -5.748200 -0.439352 0.128093 0.889135 -0.270300 0.000000 0.000000 0.000000 1.000000
0.468525 0.882055 0.049640 11.306600 -0.760047 0.431086 -0.486307 -5.748200 -0.450348 0.190118 0.872377 -0.270300 0.000000 0.000000 0.000000 1.000000
0.518269 0.853681 -0.051234 11.306600 -0.783486 0.449930 -0.428618 -5.748200 -0.342851 0.262281 0.902032 -0.270300 0.000000 0.000000 0.000000 1.000000
0.563761 0.806859 -0.176500 11.306600 -0.814403 0.507457 -0.281488 -5.748200 -0.137555 0.302434 0.943193 -0.270300 0.000000 0.000000 0.000000 1.000000
0.597523 0.748831 -0.286737 11.306600 -0.790476 0.610117 -0.053892 -5.748200 0.134587 0.258860 0.956492 -0.270300 0.000000 0.000000 0.000000 1.000000
0.606917 0.714072 -0.348931 11.306600 -0.686462 0.692244 0.222640 -5.748200 0.400526 0.104404 0.910318 -0.270300 0.000000 0.000000 0.000000 1.000000
0.599951 0.720241 -0.348297 11.306600 -0.546023 0.686819 0.479728 -5.748200 0.584737 -0.097635 0.805326 -0.270300 0.000000 0.000000 0.000000 1.000000
0.616359 0.730339 -0.294462 11.306600 -0.425365 0.623473 0.656008 -5.748200 0.662697 -0.279083 0.694943 -0.270300 0.000000 0.000000 0.000000 1.000000
0.683469 0.696183 -0.219543 11.306600 -0.338613 0.568798 0.749540 -5.748200 0.646693 -0.437947 0.624493 -0.270300 0.000000 0.000000 0.000000 1.000000
0.773799 0.614383 -0.154170 11.306600 -0.275447 0.545539 0.791528 -5.748200 0.570407 -0.570018 0.591367 -0.270300 0.000000 0.000000 0.000000 1.000000
0.840496 0.530467 -0.110318 11.306600 -0.239719 0.546671 0.802301 -5.748200 0.485902 -0.647886 0.586637 -0.270300 0.000000 0.000000 0.000000 1.000000
0.867454 0.489517 -0.088865 11.306600 -0.245345 0.576283 0.779553 -5.748200 0.432816 -0.654424 0.620000 -0.270300 0.000000 0.000000 0.000000 1.000000
0.862069 0.496609 -0.101076 11.306600 -0.287730 0.643787 0.709049 -5.748200 0.417191 -0.582166 0.697878 -0.270300 0.000000 0.000000 0.000000 1.000000
0.832377 0.530607 -0.160015 11.306600 -0.353003 0.730183 0.584997 -5.748200 0.427244 -0.430452 0.795093 -0.270300 0.000000 0.000000 0.000000 1.000000
0.777360 0.579895 -0.243789 11.306600 -0.443165 0.779893 0.442009 -5.748200 0.446449 -0.235561 0.863247 -0.270300 0.000000 0.000000 0.000000 1.000000
0.692633 0.655301 -0.301399 11.306600 -0.562210 0.752255 0.343559 -5.748200 0.451863 -0.068511 0.889453 -0.270300 0.000000 0.000000 0.000000 1.000000
0.589235 0.746917 -0.308088 11.306600 -0.687463 0.663816 0.294522 -5.748200 0.424497 0.038257 0.904621 -0.270300 0.000000 0.000000 0.000000 1.000000
0.511575 0.810853 -0.284269 11.306600 -0.783595 0.575999 0.232817 -5.748200 0.352519 0.103648 0.930047 -0.270300 0.000000 0.000000 0.000000 1.000000
0.497495 0.827288 -0.260947 11.306600 -0.834619 0.538482 0.115966 -5.748200 0.236452 0.160099 0.958362 -0.270300 0.000000 0.000000 0.000000 1.000000</float_array><technique_common><accessor source="#LeftArm-Matrix-animation-output-transform-array" count="22" stride="16"><param type="float4x4"/></accessor></technique_common></source><source id="LeftArm-Interpolations"><Name_array id="LeftArm-Interpolations-array" count="22">
 LINEAR LINEAR LINEAR LINEAR LINEAR LINEAR LINEAR LINEAR LINEAR LINEAR LINEAR
LINEAR LINEAR LINEAR LINEAR LINEAR LINEAR LINEAR LINEAR LINEAR LINEAR LINEAR</Name_array><technique_common><accessor source="#LeftArm-Interpolations-array" count="22"><param type="name"/></accessor></technique_common></source><sampler id="LeftArm-Matrix-animation-transform"><input semantic="INPUT" source="#LeftArm-Matrix-animation-input"/><input semantic="OUTPUT" source="#LeftArm-Matrix-animation-output-transform"/><input semantic="INTERPOLATION" source="#LeftArm-Interpolations"/></sampler><channel source="#LeftArm-Matrix-animation-transform" target="LeftArm/matrix"/></animation>
    <animation id="LeftForeArm-anim" name="LeftForeArm"><source id="LeftForeArm-Matrix-animation-input"><float_array id="LeftForeArm-Matrix-animation-input-array" count="22">

0.000000 0.033333 0.066667 0.100000 0.133333 0.166667 0.200000 0.233333 0.266667 0.300000 0.333333 0.366667 0.400000 0.433333 0.466667 0.500000
